31120 0002
31120 0003
31120 0004
31120 0005
31120 0006
31120 0007
31120 0008
31120 0009
31120 0010
31120 0011
31120 0012
31120 0013
31120 0014
31120 0015
31120 0016
31120 0017
31120 0018
31120 0019
31120 0020
31120 0021
31120 0022
31120 0023
31120 0024
31120 0025
31120 0026
31120 0027
31120 0028
31120 0029
31120 0030
31120 0031
31120 0032
31120 0033
31120 0034
31120 0035
31121 0000
31121 0001
31121 0002
31121 0003
31121 0004
31121 0005
31121 0006
31122 0000
31122 0001
31122 0002
31122 0003
31122 0004
31122 0005
31122 0006
31122 0007
31122 0008
31122 0009
31122 0010
31122 0011
31122 0012
31122 0013
31122 0014
31122 0015
31122 0016
31122 0017
31122 0018
31122 0019
31122 0020
31122 0021
31122 0022
31122 0023
31122 0024
31122 0025
31122 0026
31122 0027
31122 0028
31122 0029
31122 0030
31122 0031
31122 0032
31122 0033
31122 0034
31122 0035
31122 0036
31122 0037
31122 0038
31122 0039
31122 0040
31122 0041
31122 0042
31122 0043
31122 0044
31122 0045
31122 0046
31122 0047
31122 0048
31122 0049
31122 0050
31122 0051
31122 0052
31122 0053
31122 0054
31125 0000
31125 0001
31125 0002
31125 0003
31125 0004
31125 0005
31125 0006
31125 0007
31134 0000
31134 0001
31134 0002
31135 0000
31135 0001
31135 0002
31135 0003
31135 0004
31135 0005
31135 0006
31135 0007
31135 0008
31135 0009
31135 0010
31135 0011
31135 0012
31135 0013
31135 0014
31135 0015
31135 0016
31135 0017
31135 0018
31135 0019
31135 0020
31135 0021
31135 0022
31135 0023
31135 0024
31135 0025
31135 0026
31135 0027
31135 0028
31135 0029
31135 0030
31135 0031
31135 0032
31135 0033
31135 0034
31135 0035
31135 0036
31135 0037
31135 0038
31135 0039
31135 0040
31135 0041
31135 0042
31135 0043
31135 0044
31135 0045
31135 0046
31135 0047
31135 0048
31135 0049
31135 0050
31135 0051
31135 0052
31135 0053
31135 0054
31135 0055
31135 0056
31135 0057
31135 0058
31136 0000
31136 0001
31136 0002
31136 0003
31136 0004
31136 0005
31136 0006
31136 0007
31136 0008
31136 0009
31136 0010
31136 0011
31136 0012
31136 0013
31136 0014
31136 0015
31136 0016
31136 0017
31136 0018
31136 0019
31136 0020
31136 0021
31136 0022
31136 0023
31136 0024
31136 0025
31136 0026
31136 0027
31136 0028
31136 0029
31136 0030
31136 0031
31136 0032
31136 0033
31136 0034
31136 0035
31136 0036
31136 0037
31136 0038
31136 0039
31136 0040
31136 0041
31136 0042
31136 0043
31136 0044
31136 0045
31136 0046
31136 0047
31136 0048
31136 0049
31136 0050
31136 0051
31136 0052
31136 0053
31136 0054
31136 0055
31136 0056
31136 0057
31136 0058
31136 0059
31136 0060
31136 0061
31136 0062
31136 0063
31136 0064
31136 0065
31136 0066
31136 0067
31136 0068
31136 0069
31136 0070
31136 0071
31136 0072
31136 0073
31136 0074
31136 0075
31136 0076
31136 0077
31136 0078
31136 0079
31136 0080
31136 0081
31136 0082
31136 0083
31136 0084
31136 0085
31136 0086
31136 0087
31136 0088
31136 0089
31136 0090
31136 0091
31136 0092
31136 0093
31136 0094
31136 0095
31136 0096
31136 0097
31136 0098
31136 0099
31136 0100
31136 0101
31136 0102
31136 0103
31136 0104
31136 0105
31136 0106
31136 0107
31136 0108
31136 0109
31136 0110
31136 0111
31137 0000
31137 0001
31137 0002
31137 0003
31137 0004
31137 0005
31137 0006
31137 0007
31137 0008
31137 0009
31137 0010
31137 0011
31137 0012
31137 0013
31137 0014
31137 0015
31137 0016
31137 0017
31137 0018
31138 0000
31138 0001
31138 0002
31138 0003
31138 0004
31138 0005
31138 0006
31138 0007
31138 0008
31138 0009
31138 0010
31138 0011
31138 0012
31138 0013
31138 0014
31138 0015
31138 0016
31138 0017
31138 0018
31138 0019
31138 0020
31138 0021
31138 0022
31138 0023
31138 0024
31138 0025
31138 0026
31138 0027
31138 0028
31138 0029
31138 0030
31138 0031
31145 0000
31145 0001
31145 0002
31145 0003
31145 0004
31145 0005
31145 0006
31145 0007
31145 0008
31145 0009
31145 0010
31145 0011
31145 0012
31145 0013
31145 0014
31145 0015
31145 0016
31145 0017
31145 0018
31145 0019
31145 0020
31145 0021
31145 0022
31145 0023
31145 0024
31145 0025
31145 0026
31145 0027
31145 0028
31145 0029
31145 0030
31145 0031
31145 0032
31145 0033
31145 0034
31145 0035
31145 0036
31145 0037
31145 0038
31145 0039
31145 0040
31145 0041
31145 0042
31145 0043
31145 0044
31145 0045
31146 0000
31146 0001
31146 0002
31146 0003
31146 0004
31146 0005
31146 0006
31146 0007
31146 0008
31146 0009
31146 0010
31146 0011
31146 0012
31146 0013
31146 0014
31146 0015
31146 0016
31146 0017
31146 0018
31146 0019
31146 0020
31146 0021
31146 0022
31146 0023
31146 0024
31146 0025
31146 0026
31146 0027
31146 0028
31146 0029
31146 0030
31146 0031
31146 0032
31146 0033
31146 0034
31147 0000
31147 0001
31147 0002
31147 0003
31147 0004
31147 0005
31147 0006
31147 0007
31147 0008
31147 0009
31147 0010
31147 0011
31147 0012
31147 0013
31147 0014
31147 0015
31147 0016
31147 0017
31147 0018
31147 0019
31147 0020
31147 0021
31147 0022
31147 0023
31147 0024
31147 0025
31147 0026
31147 0027
31147 0028
31147 0029
31147 0030
31147 0031
31147 0032
31147 0033
31147 0034
31147 0035
31148 0000
31148 0001
31148 0002
31148 0003
31148 0004
31148 0005
31148 0006
31148 0007
31148 0008
31148 0009
31149 0000
31149 0001
31149 0002
31149 0003
31149 0004
31149 0005
31149 0006
31149 0007
31149 0008
31149 0009
31149 0010
31149 0011
31149 0012
31149 0013
31149 0014
31149 0015
31149 0016
31149 0017
31149 0018
31149 0019
31149 0020
31149 0021
31149 0022
31149 0023
31149 0024
31149 0025
31149 0026
31149 0027
31149 0028
31149 0029
31149 0030
31149 0031
31149 0032
31149 0033
31149 0034
31149 0035
31149 0036
31149 0037
31149 0038
31149 0039
31149 0040
31149 0041
31149 0042
31149 0043
31149 0044
31149 0045
31149 0046
31149 0047
31149 0048
31149 0049
31149 0050
31149 0051
31149 0052
31149 0053
31149 0054
31149 0055
31149 0056
31149 0057
31149 0058
31149 0059
31149 0060
31149 0061
31149 0062
31149 0063
31149 0064
31149 0065
31149 0066
31149 0067
31149 0068
31149 0069
31149 0070
31149 0071
31149 0072
31149 0073
31149 0074
31149 0075
31149 0076
31149 0077
31149 0078
31149 0079
31149 0080
31149 0081
31149 0082
31149 0083
31149 0084
31149 0085
31149 0086
31149 0087
31149 0088
31149 0089
31149 0090
31149 0091
31149 0092
31149 0093
31149 0094
31149 0095
31150 0000
31150 0001
31153 0000
31153 0001
31153 0002
31153 0003
31153 0004
31153 0005
31153 0006
31153 0007
31153 0008
31153 0009
31153 0010
31153 0011
31153 0012
31153 0013
31153 0014
31153 0015
31153 0016
31153 0017
31153 0018
31153 0019
31153 0020
31153 0021
31153 0022
31153 0023
31153 0024
31153 0025
31153 0026
31153 0027
31153 0028
31153 0029
31153 0030
31153 0031
31153 0032
31153 0033
31153 0034
31153 0035
31153 0036
31153 0037
31153 0038
31153 0039
31153 0040
31154 0000
31154 0001
31154 0002
31154 0003
31154 0004
31154 0005
31154 0006
31154 0007
31154 0008
31154 0009
31154 0010
31154 0011
31154 0012
31154 0013
31154 0014
31154 0015
31154 0016
31154 0017
31154 0018
31154 0019
31154 0020
31154 0021
31154 0022
31154 0023
31154 0024
31154 0025
31154 0026
31154 0027
31155 0000
31155 0001
31155 0002
31155 0003
31155 0004
31155 0005
31155 0006
31155 0007
31155 0008
31155 0009
31155 0010
31155 0011
31155 0012
31155 0013
31155 0014
31155 0015
31155 0016
31155 0017
31155 0018
31155 0019
31155 0020
31155 0021
31155 0022
31155 0023
31155 0024
31155 0025
31155 0026
31155 0027
31155 0028
31155 0029
31155 0030
31155 0031
31155 0032
31155 0033
31155 0034
31155 0035
31155 0036
31155 0037
31155 0038
31155 0039
31155 0040
31155 0041
31155 0042
31155 0043
31155 0044
31155 0045
31155 0046
31155 0047
31155 0048
31155 0049
31155 0050
31155 0051
31155 0052
31155 0053
31155 0054
31155 0055
31155 0056
31155 0057
31155 0058
31155 0059
31155 0060
31155 0061
31155 0062
31155 0063
31155 0064
31155 0065
31155 0066
31155 0067
31155 0068
31155 0069
31155 0070
31155 0071
31155 0072
31155 0073
31155 0074
31155 0075
31155 0076
31155 0077
31155 0078
31155 0079
31155 0080
31155 0081
31155 0082
31155 0083
31155 0084
31155 0085
31155 0086
31155 0087
31155 0088
31155 0089
31155 0090
31155 0091
31155 0092
31155 0093
31155 0094
31155 0095
31155 0096
31155 0097
31155 0098
31155 0099
31155 0100
31155 0101
31155 0102
31155 0103
31155 0104
31155 0105
31155 0106
31155 0107
31155 0108
31155 0109
31155 0110
31155 0111
31155 0112
31155 0113
31155 0114
31156 0000
31156 0001
31156 0002
31156 0003
31156 0004
31156 0005
31156 0006
31156 0007
31156 0008
31157 0000
31157 0001
31157 0002
31157 0003
31157 0004
31157 0005
31157 0006
31157 0007
31157 0008
31157 0009
31157 0010
31157 0011
31157 0012
31157 0013
31157 0014
31157 0015
31157 0016
31157 0017
31157 0018
31157 0019
31157 0020
31157 0021
31157 0022
31157 0023
31157 0024
31157 0025
31157 0026
31157 0027
31157 0028
31157 0029
31157 0030
31157 0031
31157 0032
31157 0033
31157 0034
31157 0035
31157 0036
31157 0037
31158 0000
31158 0001
31158 0002
31158 0003
31158 0004
31158 0005
31158 0006
31158 0007
31158 0008
31158 0009
31158 0010
31158 0011
31158 0012
31158 0013
31158 0014
31158 0015
31158 0016
31158 0017
31158 0018
31158 0019
31158 0020
31158 0021
31158 0022
31158 0023
31158 0024
31158 0025
31158 0026
31158 0027
31158 0028
31158 0029
31158 0030
31158 0031
31158 0032
31158 0033
31158 0034
31158 0035
31158 0036
31158 0037
31159 0000
31160 0000
31160 0001
31160 0002
31160 0003
31160 0004
31160 0005
31160 0006
31160 0008
31160 0009
31160 0010
31160 0011
31160 0012
31160 0013
31160 0014
31160 0015
31160 0016
31160 0017
31160 0018
31160 0019
31160 0020
31160 0021
31160 0022
31160 0023
31160 0024
31160 0025
31160 0026
31160 0027
31160 0028
31160 0029
31160 0030
31160 0031
31160 0032
31160 0033
31160 0034
31161 0000
31161 0001
31163 0000
31163 0001
31163 0002
31163 0003
31163 0004
31163 0005
31166 0000
31166 0001
31166 0002
31166 0003
31166 0004
31166 0005
31166 0006
31167 0000
31167 0001
31167 0002
31167 0003
31167 0004
31167 0005
31167 0006
31167 0007
31167 0008
31167 0009
31167 0010
31167 0011
31167 0012
31167 0013
31167 0014
31167 0015
31167 0016
31167 0017
31167 0018
31167 0019
31167 0020
31167 0021
31167 0022
31167 0023
31167 0024
31167 0025
31167 0026
31167 0027
31167 0028
31167 0029
31167 0030
31167 0031
31167 0032
31167 0033
31167 0034
31167 0035
31168 0000
31168 0001
31168 0002
31168 0003
31168 0004
31168 0005
31168 0006
31168 0007
31168 0008
31168 0009
31168 0010
31168 0011
31168 0012
31168 0013
31168 0014
31168 0015
31168 0016
31168 0017
31168 0018
31168 0019
31168 0020
31168 0021
31168 0022
31168 0023
31168 0024
31168 0025
31168 0026
31168 0027
31168 0028
31168 0029
31168 0030
31168 0031
31168 0032
31168 0033
31168 0034
31168 0035
31168 0036
31168 0037
31168 0038
31168 0039
31168 0040
31168 0041
31168 0042
31168 0043
31168 0044
31168 0045
31168 0046
31168 0047
31168 0048
31168 0049
31169 0000
31169 0001
31169 0002
31169 0003
31169 0004
31169 0005
31169 0006
31169 0007
31169 0008
31169 0009
31169 0010
31169 0011
31169 0012
31169 0013
31169 0014
31169 0015
31169 0016
31169 0017
31169 0018
31169 0019
31169 0020
31169 0021
31169 0022
31169 0023
31169 0024
31169 0025
31169 0026
31169 0027
31169 0028
31169 0029
31169 0030
31169 0031
31169 0032
31169 0033
31169 0034
31169 0035
31169 0036
31169 0037
31169 0038
31169 0039
31169 0040
31169 0041
31169 0042
31169 0043
31169 0044
31169 0045
31169 0046
31169 0047
31169 0048
31169 0049
31169 0050
31169 0051
31169 0052
31169 0053
31169 0054
31169 0055
31178 0000
31178 0001
31178 0002
31178 0003
31178 0004
31178 0005
31178 0006
31178 0007
31178 0008
31178 0009
31178 0010
31178 0011
31178 0012
31178 0013
31178 0014
31178 0015
31178 0016
31178 0017
31178 0018
31178 0019
31178 0020
31178 0021
31178 0022
31178 0023
31178 0024
31178 0025
31178 0026
31178 0027
31178 0028
31178 0029
31178 0030
31178 0031
31178 0032
31178 0033
31178 0034
31178 0035
31178 0036
31178 0037
31178 0038
31178 0039
31178 0040
31178 0041
31178 0042
31180 0000
31180 0001
31183 0001
31183 0002
31183 0003
31183 0004
31183 0005
31183 0006
31183 0007
31183 0008
31183 0009
31183 0010
31183 0011
31183 0012
31183 0013
31183 0014
31183 0015
31183 0016
31183 0017
31183 0018
31183 0019
31184 0000
31184 0001
31184 0002
31184 0003
31184 0004
31184 0005
31184 0006
31184 0007
31184 0008
31184 0009
31184 0010
31184 0011
31184 0012
31184 0013
31184 0014
31184 0015
31184 0016
31184 0017
31184 0018
31184 0019
31184 0020
31184 0021
31184 0022
31184 0023
31184 0024
31184 0025
31184 0026
31184 0027
31184 0028
31184 0029
31184 0030
31184 0031
31184 0032
31184 0033
31184 0034
31184 0035
31184 0036
31184 0037
31184 0038
31184 0039
31184 0040
31184 0041
31184 0042
31184 0043
31184 0044
31184 0045
31184 0046
31184 0047
31184 0048
31184 0049
31184 0050
31184 0051
31184 0052
31185 0000
31185 0001
31185 0002
31185 0003
31185 0004
31185 0005
31185 0006
31185 0007
31185 0008
31185 0009
31185 0010
31185 0011
31185 0012
31185 0013
31185 0014
31185 0015
31185 0016
31185 0017
31185 0018
31185 0019
31185 0020
31185 0021
31185 0022
31185 0023
31185 0024
31185 0025
31185 0026
31185 0027
31185 0028
31186 0000
31186 0001
31186 0002
31186 0003
31186 0004
31186 0005
31186 0006
31186 0007
31186 0008
31186 0009
31186 0010
31186 0011
31186 0012
31186 0013
31186 0014
31186 0015
31186 0016
31186 0017
31186 0018
31186 0019
31186 0020
31186 0021
31186 0022
31186 0023
31186 0024
31186 0025
31186 0026
31186 0027
31186 0028
31186 0029
31186 0030
31186 0031
31186 0032
31186 0033
31186 0034
31186 0035
31186 0036
31186 0037
31186 0038
31186 0039
31186 0040
31186 0041
31186 0042
31186 0043
31186 0044
31186 0045
31186 0046
31186 0047
31186 0048
31186 0049
31186 0050
31186 0051
31186 0052
31186 0053
31186 0054
31186 0055
31186 0056
31186 0057
31186 0058
31186 0059
31186 0060
31186 0061
31186 0062
31186 0063
31186 0064
31186 0065
31186 0066
31186 0067
31186 0068
31186 0069
31186 0070
31186 0071
31186 0072
31186 0073
31186 0074
31186 0075
31187 0000
31187 0001
31187 0002
31187 0003
31187 0004
31187 0005
31187 0006
31187 0007
31187 0008
31187 0009
31187 0010
31187 0011
31187 0012
31187 0013
31187 0014
31187 0015
31187 0016
31187 0017
31187 0018
31187 0019
31187 0020
31187 0021
31187 0022
31187 0023
31187 0024
31187 0025
31187 0026
31187 0027
31187 0028
31187 0029
31187 0030
31187 0031
31187 0032
31187 0033
31187 0034
31187 0035
31187 0036
31187 0037
31187 0038
31187 0039
31187 0040
31187 0041
31187 0042
31187 0043
31187 0044
31187 0045
31187 0046
31187 0047
31187 0048
31187 0049
31187 0050
31188 0005
31188 0006
31188 0007
31188 0008
31188 0009
31188 0010
31188 0011
31188 0012
31188 0013
31188 0014
31188 0015
31188 0016
31188 0017
31188 0018
31188 0019
31188 0020
31188 0021
31188 0022
31188 0023
31188 0024
31188 0025
31188 0026
31188 0027
31188 0028
31188 0029
31188 0030
31188 0031
31188 0032
31188 0033
31188 0034
31188 0035
31188 0036
31188 0037
31188 0038
31188 0039
31188 0040
31188 0041
31188 0042
31188 0043
31188 0044
31188 0045
31188 0046
31188 0047
31188 0048
31188 0049
31188 0050
31188 0051
31188 0052
31188 0053
31188 0054
31188 0055
31188 0056
31188 0057
31188 0058
31188 0059
31188 0060
31188 0061
31188 0062
31188 0063
31188 0064
31188 0065
31188 0066
31188 0067
31188 0068
31188 0069
31188 0070
31188 0071
31188 0072
31188 0073
31188 0074
31188 0075
31188 0076
31188 0077
31188 0078
31188 0079
31188 0080
31188 0081
31188 0082
31188 0083
31188 0084
31188 0085
31188 0086
31188 0087
31188 0088
31188 0089
31188 0090
31188 0091
31188 0092
31188 0093
31188 0094
31188 0095
31188 0096
31188 0097
31188 0098
31188 0099
31188 0100
31188 0101
31188 0102
31188 0103
31188 0104
31188 0105
31189 0000
31189 0001
31189 0002
31189 0003
31189 0004
31189 0005
31189 0006
31189 0007
31189 0008
31189 0009
31189 0010
31189 0011
31189 0012
31189 0013
31189 0014
31189 0015
31189 0016
31189 0017
31189 0018
31189 0019
31189 0020
31189 0021
31189 0022
31189 0023
31189 0024
31189 0025
31189 0026
31189 0027
31189 0028
31189 0029
31189 0030
31189 0031
31189 0032
31189 0033
31189 0034
31189 0035
31189 0036
31189 0037
31189 0038
31189 0039
31189 0040
31189 0041
31189 0042
31189 0043
31189 0044
31189 0045
31189 0046
31189 0047
31189 0048
31189 0049
31189 0050
31189 0051
31189 0052
31189 0053
31189 0054
31189 0055
31189 0056
31189 0057
31189 0058
31189 0059
31189 0060
31189 0061
31189 0062
31189 0063
31189 0064
31189 0065
31189 0066
31189 0067
31189 0068
31189 0069
31189 0070
31189 0071
31189 0072
31189 0073
31189 0074
31189 0075
31189 0076
31189 0077
31189 0078
31189 0079
31189 0080
31189 0081
31189 0082
31189 0083
31189 0084
31189 0085
31189 0086
31189 0087
31192 0000
31192 0001
31192 0002
31192 0003
31192 0004
31192 0005
31192 0006
31192 0007
31192 0008
31192 0009
31192 0010
31192 0011
31192 0012
31192 0013
31192 0014
31192 0015
31192 0016
31192 0017
31192 0018
31192 0019
31192 0020
31192 0021
31192 0022
31192 0023
31192 0024
31192 0025
31192 0026
31192 0027
31192 0028
31192 0029
31192 0030
31192 0031
31192 0032
31619 0001
31619 0002
31619 0003
31619 0004
31619 0005
31619 0006
31619 0007
31619 0008
31619 0009
31619 0010
31619 0011
31619 0012
31619 0013
31619 0014
31619 0015
31619 0016
31619 0017
31619 0018
31619 0019
31619 0020
31619 0021
31619 0022
31619 0023
31619 0024
31619 0025
31619 0026
31619 0027
31619 0028
31619 0029
31619 0030
31619 0031
31619 0032
31619 0033
31619 0034
31619 0035
31619 0036
31619 0037
31619 0038
31619 0039
31619 0040
31619 0041
31619 0042
31619 0043
31619 0044
31619 0045
31619 0046
31619 0047
31619 0048
31619 0049
31619 0050
31619 0051
31619 0052
31619 0053
31619 0054
31619 0055
31619 0056
31619 0057
31619 0058
31619 0059
31619 0060
31619 0061
31619 0062
31619 0063
31619 0064
31619 0065
31619 0066
31619 0067
31619 0068
31619 0069
31619 0070
31619 0071
31619 0072
31619 0073
31619 0074
31619 0075
31619 0076
31619 0077
31619 0078
31619 0079
31619 0080
31619 0081
31619 0082
31619 0083
31619 0084
31619 0085
31619 0086
31619 0087
31619 0088
31619 0089
31619 0090
31619 0091
31619 0092
31619 0093
31619 0094
31619 0095
31619 0096
31619 0097
31620 0000
31620 0001
31620 0002
31620 0003
31620 0004
31620 0005
31620 0006
31620 0007
31620 0008
31620 0009
31620 0010
31620 0011
31620 0012
31620 0013
31620 0014
31620 0015
31620 0016
31620 0017
31620 0018
31620 0019
31620 0020
31620 0021
31620 0022
31620 0023
31620 0024
31620 0025
31620 0026
31620 0027
31620 0028
31620 0029
31620 0030
31620 0031
31620 0032
31620 0033
31620 0034
31620 0035
31620 0036
31620 0037
31620 0038
31620 0039
31620 0040
31620 0041
31620 0042
31620 0043
31620 0044
31620 0045
31620 0046
31620 0047
31620 0048
31620 0049
31620 0050
31620 0051
31620 0052
31620 0053
31620 0054
31620 0055
31620 0056
31620 0057
31620 0058
31620 0059
31620 0060
31620 0061
31620 0062
31620 0063
31620 0064
31620 0065
31620 0066
31620 0067
31620 0068
31620 0069
31620 0070
31620 0071
31620 0072
31620 0073
31620 0074
31620 0075
31621 0000
31621 0001
31621 0002
31621 0003
31621 0004
31621 0005
31621 0006
31621 0007
31621 0008
31621 0009
31621 0010
31621 0011
31621 0012
31621 0013
31621 0014
31621 0015
31621 0016
31621 0017
31621 0018
31621 0019
31621 0020
31621 0021
31621 0022
31621 0023
31621 0024
31621 0025
31621 0026
31621 0027
31621 0028
31621 0029
31621 0030
31621 0031
31621 0032
31621 0033
31621 0034
31621 0035
31621 0036
31621 0037
31621 0038
31621 0039
31621 0040
31621 0041
31621 0042
31621 0043
31621 0044
31621 0045
31621 0046
31621 0047
31621 0048
31621 0049
32046 0000
32046 0001
32046 0002
32046 0003
32046 0004
32046 0005
32046 0006
32046 0007
32046 0008
32046 0009
32046 0010
32046 0011
32046 0012
32046 0013
32046 0014
32046 0015
32046 0016
32046 0017
32046 0018
32046 0019
32046 0020
32046 0021
32046 0022
32046 0023
32046 0024
32046 0025
32046 0026
32046 0027
32046 0028
32046 0029
32046 0030
32046 0031
32046 0032
32046 0033
32046 0034
32046 0035
32046 0036
32046 0037
32046 0038
32046 0039
32046 0040
32046 0041
32046 0042
32046 0043
32046 0044
32046 0045
32046 0046
32046 0047
32046 0048
32046 0049
32046 0050
32046 0051
32046 0052
32046 0053
32046 0054
32046 0055
32046 0056
32046 0057
32056 0028
32056 0029
32056 0030
32056 0031
32056 0032
32056 0033
32057 0000
32057 0001
32057 0002
32057 0003
32057 0004
32057 0005
32057 0006
32057 0007
32057 0008
32057 0009
32057 0010
32057 0011
32057 0012
32057 0013
32057 0014
32057 0015
32057 0016
32057 0017
32057 0018
32057 0019
32057 0020
32057 0021
32057 0022
32057 0023
32057 0024
32057 0025
32066 0000
32066 0001
32066 0002
32070 0000
32070 0001
32070 0002
32070 0003
32070 0004
32070 0005
32070 0006
32070 0007
32070 0008
32070 0009
32070 0010
32070 0011
32070 0012
32070 0013
32070 0014
32070 0015
32070 0016
32070 0017
32070 0018
32070 0019
32070 0020
32070 0021
32070 0022
32070 0023
32071 0000
32071 0001
32071 0002
32071 0003
32071 0004
32071 0005
32071 0006
32071 0007
32071 0008
32071 0009
32071 0010
32071 0011
32071 0012
32071 0013
32071 0014
32071 0015
32071 0016
32071 0017
32071 0018
32071 0019
32071 0020
32071 0021
32071 0022
32071 0023
32071 0024
32071 0025
32071 0026
32071 0027
32071 0028
32071 0029
32071 0030
32071 0031
32071 0032
32071 0033
32071 0034
32071 0035
32071 0036
32071 0037
32071 0038
32071 0039
32071 0040
32071 0041
32071 0042
32071 0043
32071 0044
32071 0045
32071 0046
32071 0047
32071 0048
32071 0049
32071 0050
32071 0051
32071 0052
32071 0053
32071 0054
32071 0055
32071 0056
32071 0057
32071 0058
32071 0059
32071 0060
32072 0000
32072 0001
32072 0002
32072 0003
32072 0004
32072 0005
32072 0006
32072 0007
32072 0008
32072 0009
32072 0010
32072 0011
32072 0012
32072 0013
32072 0014
32072 0015
32072 0016
32072 0017
32072 0018
32072 0019
32072 0020
32072 0021
32072 0022
32072 0023
32072 0024
32072 0025
32072 0026
32072 0027
32072 0028
32072 0029
32072 0030
32072 0031
32072 0032
32072 0033
32072 0034
32072 0035
32072 0036
32072 0037
32072 0038
32072 0039
32072 0040
32072 0041
32072 0042
32072 0043
32072 0044
32072 0045
32072 0046
32072 0047
32072 0048
32072 0049
32072 0050
32072 0051
32072 0052
32072 0053
32082 0000
32082 0001
32082 0002
32082 0003
32082 0004
32082 0005
32082 0006
32082 0007
32082 0008
32082 0009
32082 0010
32082 0011
32082 0012
32082 0013
32082 0014
32083 0000
32083 0001
32083 0002
32083 0003
32083 0004
32083 0005
32083 0006
32083 0007
32083 0008
32083 0009
32083 0010
32083 0011
32083 0012
32084 0000
32084 0001
32084 0002
32084 0003
32084 0004
32084 0005
32084 0006
32084 0007
32084 0008
32084 0009
32084 0010
32084 0011
32084 0012
32084 0013
32084 0014
32084 0015
32084 0016
32084 0017
32084 0018
32084 0019
32084 0020
32084 0021
32084 0022
32084 0023
32084 0024
32084 0025
32084 0026
32084 0027
32084 0028
32084 0029
32084 0030
32084 0031
32084 0032
32084 0033
32084 0034
32084 0035
32084 0036
32084 0037
32084 0038
32084 0039
32084 0040
32084 0041
32084 0042
32084 0043
32084 0044
32084 0045
32084 0046
32084 0047
32084 0048
32084 0049
32084 0050
32084 0051
32084 0052
32084 0053
32084 0054
32084 0055
32084 0056
32084 0057
32084 0058
32084 0059
32084 0060
32084 0061
32084 0062
32084 0063
32084 0064
32084 0065
32084 0066
32084 0067
32084 0068
32084 0069
32084 0070
32084 0071
32084 0072
32084 0073
32084 0074
32084 0075
32084 0076
32084 0077
32084 0078
32084 0079
32084 0080
32084 0081
32084 0082
32084 0083
32084 0084
32084 0085
32084 0086
32084 0087
32084 0088
32084 0089
32084 0090
32084 0091
32084 0092
32084 0093
32084 0094
32084 0095
32084 0096
32084 0097
32084 0098
32084 0099
32084 0100
32084 0101
32084 0102
32084 0103
32084 0104
32084 0105
32084 0106
32084 0107
32084 0108
32084 0109
32084 0110
32084 0111
32084 0112
32084 0113
32084 0114
32084 0115
32084 0116
32084 0117
32084 0118
32084 0119
32084 0120
32084 0121
32084 0122
32084 0123
32084 0124
32084 0125
32084 0126
32084 0127
32084 0128
32084 0129
32084 0130
32084 0131
32084 0132
32084 0133
32084 0134
32084 0135
32084 0136
32084 0137
32084 0138
32084 0139
32085 0000
32085 0001
32085 0002
32085 0003
32085 0004
32085 0005
32085 0006
32085 0007
32085 0008
32085 0009
32085 0010
32085 0011
32085 0012
32085 0013
32085 0014
32085 0015
32085 0016
32085 0017
32085 0018
32085 0019
32085 0020
32085 0021
32085 0022
32085 0023
32085 0024
32085 0025
32085 0026
32085 0027
32085 0028
32085 0029
32085 0030
32085 0031
32085 0032
32085 0033
32085 0034
32085 0035
32085 0036
32085 0037
32085 0038
32085 0039
32085 0040
32085 0041
32085 0042
32085 0043
32085 0044
32085 0045
32085 0046
32085 0047
32085 0048
32085 0049
32085 0050
32085 0051
32085 0052
32085 0053
32085 0054
32085 0055
32085 0056
32085 0057
32085 0058
32085 0059
32085 0060
32085 0061
32085 0062
32085 0063
32085 0064
32085 0065
32085 0066
32085 0067
32085 0068
32085 0069
32085 0070
32085 0071
32085 0072
32085 0073
32085 0074
32085 0075
32085 0076
32085 0077
32085 0078
32085 0079
32085 0080
32085 0081
32085 0082
32085 0083
32085 0084
32085 0085
32085 0086
32085 0087
32085 0088
32085 0089
32085 0090
32085 0091
32085 0092
32085 0093
32085 0094
32090 0000
32090 0001
32090 0002
32090 0003
32090 0004
32090 0005
32090 0006
32090 0007
32090 0008
32090 0009
32090 0010
32090 0011
32090 0012
32090 0013
32090 0014
32090 0015
32090 0016
32090 0017
32090 0018
32090 0019
32090 0020
32090 0021
32090 0022
32090 0023
32090 0024
32090 0025
32090 0026
32090 0027
32090 0028
32090 0029
32090 0030
32090 0031
32090 0032
32090 0033
32090 0034
32090 0035
32090 0036
32090 0037
32090 0038
32090 0039
32090 0040
32090 0041
32090 0042
32090 0043
32090 0044
32090 0045
32090 0046
32090 0047
32090 0048
32090 0049
32090 0050
32090 0051
32090 0052
32090 0053
32090 0054
32090 0055
32090 0056
32090 0057
32090 0058
32090 0059
32090 0060
32090 0061
32090 0062
32090 0063
32090 0064
32090 0065
32090 0066
32090 0067
32090 0068
32090 0069
32090 0070
32090 0071
32090 0072
32090 0073
32090 0074
32090 0075
32090 0076
32090 0077
32090 0078
32090 0079
32090 0080
32090 0081
32090 0082
32090 0083
32090 0084
32090 0085
32090 0086
32090 0087
32090 0088
32090 0089
32090 0090
32090 0091
32090 0092
32090 0093
32090 0094
32090 0095
32090 0096
32090 0097
32090 0098
32090 0099
32090 0100
32090 0101
32090 0102
32090 0103
32090 0104
32090 0105
32090 0106
32090 0107
32090 0108
32090 0109
32090 0110
32090 0111
32090 0112
32090 0113
32090 0114
32090 0115
32090 0116
32090 0117
32090 0118
32090 0119
32090 0120
32090 0121
32090 0122
32090 0123
32090 0124
32090 0125
32090 0126
32090 0127
32090 0128
32090 0129
32090 0130
32090 0131
32090 0132
32090 0133
32090 0134
32090 0135
32090 0136
32090 0137
32090 0138
32090 0139
32090 0140
32090 0141
32090 0142
32090 0143
32090 0144
32090 0145
32090 0146
32090 0147
32090 0148
32095 0000
32095 0001
32095 0002
32095 0003
32095 0004
32095 0005
32095 0006
32095 0007
32095 0008
32095 0009
32095 0010
32095 0011
32095 0012
32095 0013
32095 0014
32095 0015
32095 0016
32095 0017
32095 0018
32095 0019
32095 0020
32095 0021
32095 0022
32095 0023
32095 0024
32095 0025
32095 0026
32095 0027
32095 0028
32095 0029
32095 0030
32095 0031
32095 0032
32095 0033
32095 0034
32095 0035
32095 0036
32095 0037
32095 0038
32095 0039
32095 0040
32095 0041
32095 0042
32095 0043
32095 0044
32095 0045
32095 0046
32095 0047
32095 0048
32095 0049
32095 0050
32095 0051
32095 0052
32095 0053
32095 0054
32095 0055
32095 0056
32095 0057
32095 0058
32095 0059
32095 0060
32095 0061
32095 0062
32095 0063
32095 0064
32095 0065
32095 0066
32095 0067
32095 0068
32095 0069
32095 0070
32095 0071
32095 0072
32095 0073
32095 0074
32095 0075
32095 0076
32095 0077
32095 0078
32095 0079
32095 0080
32095 0081
32095 0082
32095 0083
32095 0084
32095 0085
32095 0086
32095 0087
32095 0088
32095 0089
32095 0090
32095 0091
32095 0092
32095 0093
32103 0000
32103 0001
32103 0002
32103 0003
32103 0004
32103 0005
32103 0006
32103 0007
32103 0008
32103 0009
32103 0010
32103 0011
32103 0012
32103 0013
32103 0014
32103 0015
32103 0016
32103 0017
32103 0018
32103 0019
32103 0020
32103 0021
32103 0022
32103 0023
32103 0024
32103 0025
32103 0026
32103 0027
32103 0028
32103 0029
32103 0030
32103 0031
32103 0032
32103 0033
32103 0034
32103 0035
32103 0036
32103 0037
32103 0038
32103 0039
32103 0040
32103 0041
32103 0042
32103 0043
32103 0044
32103 0045
32103 0046
32103 0047
32103 0048
32103 0049
32103 0050
32103 0051
32103 0052
32103 0053
32103 0054
32103 0055
32103 0056
32103 0057
32103 0058
32103 0059
32103 0060
32103 0061
32103 0062
32103 0063
32103 0064
32103 0065
32103 0066
32103 0067
32103 0068
32103 0069
32103 0070
32103 0071
32103 0072
32103 0073
32103 0074
32103 0075
32103 0076
32103 0077
32103 0078
32103 0079
32103 0080
32103 0081
32103 0082
32103 0083
32103 0084
32103 0085
32103 0086
32103 0087
32103 0088
32104 0000
32104 0001
32104 0002
32104 0003
32104 0004
32104 0005
32104 0006
32104 0007
32104 0008
32104 0009
32104 0010
32104 0011
32104 0012
32118 0000
32118 0001
32118 0002
32118 0003
32118 0004
32118 0005
32118 0006
32118 0007
32118 0008
32118 0009
32118 0010
32118 0011
32118 0012
32118 0013
32118 0014
32118 0015
32118 0016
32118 0017
32118 0018
32118 0019
32118 0020
32118 0021
32118 0022
32118 0023
32118 0024
32118 0025
32118 0026
32118 0027
32118 0028
32118 0029
32118 0030
32118 0031
32118 0032
32118 0033
32118 0034
32118 0035
32118 0036
32118 0037
32118 0038
32118 0039
32118 0040
32118 0041
32118 0042
32119 0000
32119 0001
32119 0002
32119 0003
32119 0004
32119 0005
32119 0006
32119 0007
32119 0008
32119 0009
32119 0010
32119 0011
32119 0012
32119 0013
32119 0014
32119 0015
32119 0016
32119 0017
32119 0018
32119 0019
32119 0020
32119 0021
32119 0022
32119 0023
32119 0024
32119 0025
32119 0026
32119 0027
32119 0028
32119 0029
32119 0030
32119 0031
32119 0032
32119 0033
32119 0034
32119 0035
32119 0036
32119 0037
32119 0038
32119 0039
32119 0040
32119 0041
32119 0042
32119 0043
32119 0044
32119 0045
32119 0046
32119 0047
32119 0048
32119 0049
32119 0050
32119 0051
32119 0052
32119 0053
32119 0054
32119 0055
32119 0056
32119 0057
32119 0058
32119 0059
32119 0060
32119 0061
32119 0062
32119 0063
32119 0064
32119 0065
32119 0066
32119 0067
32119 0068
32119 0069
32119 0070
32119 0071
32119 0072
32119 0073
32119 0074
32119 0075
32119 0076
32119 0077
32119 0078
32119 0079
32119 0080
32127 0000
32127 0001
32127 0004
32127 0005
32127 0006
32127 0007
32127 0008
32127 0009
32127 0010
32128 0000
32128 0001
32128 0002
32128 0003
32128 0004
32128 0005
32128 0006
32128 0007
32128 0008
32128 0009
32128 0010
32128 0011
32128 0012
32128 0013
32128 0014
32128 0015
32128 0016
32128 0017
32128 0018
32128 0019
32128 0020
32128 0021
32128 0022
32128 0023
32128 0024
32128 0025
32128 0026
32128 0027
32128 0028
32128 0029
32128 0030
32128 0031
32128 0032
32128 0033
32128 0034
32128 0035
32128 0036
32128 0037
32128 0038
32128 0039
32128 0040
32128 0041
32128 0042
32128 0043
32128 0044
32128 0045
32128 0046
32128 0047
32128 0048
32128 0049
32128 0050
32128 0051
32128 0052
32128 0053
32128 0054
32128 0055
32128 0056
32128 0057
32128 0058
32128 0059
32128 0060
32128 0061
32128 0062
32128 0063
32128 0064
32128 0065
32128 0066
32128 0067
32128 0068
32128 0069
32128 0070
32128 0071
32128 0072
32128 0073
32128 0074
32128 0075
32128 0076
32128 0077
32128 0078
32128 0079
32128 0080
32128 0081
32128 0082
32128 0083
32128 0084
32128 0085
32128 0086
32128 0087
32128 0088
32128 0089
32128 0090
32128 0091
32128 0092
32128 0093
32128 0094
32128 0095
32128 0096
32128 0097
32128 0098
32128 0099
32128 0100
32128 0101
32128 0102
32128 0103
32128 0104
32128 0105
32128 0106
32128 0107
32128 0108
32128 0109
32128 0110
32128 0111
32128 0112
32128 0113
32128 0114
32128 0115
32128 0116
32128 0117
32128 0118
32128 0119
32128 0120
32128 0121
32128 0122
32128 0123
32128 0124
32128 0125
32128 0126
32128 0127
32128 0128
32128 0129
32128 0130
32128 0131
32128 0132
32128 0133
32128 0134
32128 0135
32128 0136
32128 0137
32128 0138
32128 0139
32128 0140
32128 0141
32128 0142
32128 0143
32128 0144
32128 0145
32128 0146
32128 0147
32128 0148
32128 0149
32128 0150
32128 0151
32128 0152
32128 0153
32128 0154
32128 0155
32128 0156
32128 0157
32128 0158
32128 0159
32128 0160
32128 0161
32128 0162
32128 0163
32128 0164
32128 0165
32128 0166
32128 0167
32128 0168
32128 0169
32128 0170
32128 0171
32128 0172
32128 0173
32128 0174
32128 0175
32128 0176
32128 0177
32128 0178
32128 0179
32128 0180
32128 0181
32128 0182
32128 0184
32131 0000
32131 0001
32131 0002
32131 0003
32131 0004
32131 0005
32131 0006
32131 0007
32131 0008
32131 0009
32131 0010
32131 0011
32131 0012
32131 0013
32131 0014
32131 0015
32131 0016
32131 0017
32131 0018
32131 0019
32131 0020
32131 0021
32131 0022
32131 0023
32131 0024
32131 0025
32131 0026
32131 0027
32131 0028
32131 0029
32131 0030
32131 0031
32131 0032
32131 0033
32131 0034
32131 0035
32131 0036
32131 0037
32131 0038
32131 0039
32131 0040
32131 0041
32131 0042
32131 0043
32131 0044
32131 0045
32131 0046
32131 0047
32131 0048
32131 0049
32132 0000
32132 0001
32132 0002
32132 0003
32132 0004
32132 0005
32132 0006
32132 0007
32132 0008
32132 0009
32132 0010
32132 0011
32132 0012
32132 0013
32132 0014
32133 0000
32133 0001
32133 0002
32133 0003
32133 0004
32133 0005
32133 0006
32133 0007
32133 0008
32133 0009
32133 0010
32133 0011
32133 0012
32133 0013
32133 0014
32133 0015
32133 0016
32133 0017
32133 0018
32133 0019
32133 0020
32133 0021
32133 0022
32133 0023
32133 0024
32133 0025
32133 0026
32133 0027
32133 0028
32133 0029
32133 0030
32133 0031
32133 0032
32133 0033
32133 0034
32133 0035
32133 0036
32133 0037
32133 0038
32133 0039
32133 0040
32133 0041
32133 0042
32133 0043
32133 0044
32133 0045
32133 0046
32133 0047
32133 0048
32133 0049
32133 0050
32133 0051
32133 0052
32133 0053
32133 0054
32133 0055
32133 0056
32133 0057
32133 0058
32133 0059
32133 0060
32133 0061
32133 0062
32133 0063
32133 0064
32133 0065
32133 0066
32133 0067
32133 0068
32133 0069
32133 0070
32133 0071
32133 0072
32133 0073
32133 0074
32133 0075
32133 0076
32133 0077
32133 0078
32133 0079
32133 0080
32133 0081
32133 0082
32133 0083
32133 0084
32133 0085
32133 0086
32133 0087
32133 0088
32134 0000
32134 0001
32134 0002
32134 0003
32134 0004
32134 0005
32134 0006
32134 0007
32134 0008
32134 0009
32134 0010
32134 0011
32134 0012
32134 0013
32134 0014
32134 0015
32134 0016
32134 0017
32134 0018
32134 0019
32134 0020
32134 0021
32134 0022
32134 0023
32134 0024
32134 0025
32134 0026
32134 0027
32134 0028
32134 0029
32134 0030
32134 0031
32134 0032
32134 0033
32134 0034
32134 0035
32134 0036
32134 0037
32134 0038
32134 0039
32134 0040
32134 0041
32134 0042
32134 0043
32134 0044
32134 0045
32134 0046
32134 0047
32134 0048
32134 0049
32134 0050
32134 0051
32134 0052
32134 0053
32134 0054
32134 0055
32134 0056
32134 0057
32134 0058
32134 0059
32134 0060
32134 0061
32134 0062
32134 0063
32134 0064
32134 0065
32134 0066
32134 0067
32134 0068
32134 0069
32134 0070
32134 0071
32134 0072
32134 0073
32134 0074
32134 0075
32134 0076
32134 0077
32134 0078
32134 0079
32134 0080
32134 0081
32134 0082
32134 0083
32134 0084
32134 0085
32134 0086
32134 0087
32134 0088
32134 0089
32134 0090
32134 0091
32134 0092
32134 0093
32134 0094
32134 0095
32134 0096
32134 0097
32134 0098
32134 0099
32134 0100
32134 0101
32134 0102
32134 0103
32134 0104
32134 0105
32134 0106
32134 0107
32134 0108
32134 0109
32134 0110
32134 0111
32134 0112
32134 0113
32134 0114
32134 0115
32134 0116
32134 0117
32134 0118
32134 0119
32134 0120
32134 0121
32134 0122
32134 0123
32134 0124
32134 0125
32134 0126
32134 0127
32134 0128
32134 0129
32134 0130
32134 0131
32134 0132
32134 0133
32134 0134
32134 0135
32134 0136
32134 0137
32134 0138
32134 0139
32134 0140
32134 0141
32134 0142
32134 0143
32134 0144
32134 0145
32139 0010
32139 0011
32139 0012
32139 0013
32139 0014
32139 0015
32139 0016
32139 0017
32139 0018
32139 0019
32139 0020
32139 0021
32139 0022
32139 0023
32139 0024
32139 0025
32139 0026
32139 0027
32139 0028
32139 0029
32139 0030
32139 0031
32139 0032
32139 0033
32139 0034
32139 0035
32139 0036
32139 0037
32139 0038
32139 0039
32139 0040
32139 0041
32139 0042
32139 0043
32139 0044
32139 0045
32139 0046
32139 0047
32139 0048
32139 0049
32139 0050
32139 0051
32139 0052
32139 0053
32139 0054
32139 0055
32139 0056
32139 0057
32139 0058
32139 0059
32139 0060
32139 0061
32139 0062
32139 0063
32139 0064
32139 0065
32139 0066
32139 0067
32139 0068
32139 0069
32139 0070
32139 0071
32139 0072
32139 0073
32139 0074
32139 0075
32139 0076
32139 0077
32139 0078
32139 0079
32139 0080
32139 0081
32139 0082
32139 0083
32139 0084
32139 0085
32139 0086
32139 0087
32139 0088
32139 0089
32139 0090
32139 0091
32139 0092
32139 0093
32139 0094
32139 0095
32139 0096
32139 0097
32139 0098
32139 0099
32139 0100
32139 0101
32139 0102
32139 0103
32139 0104
32139 0105
32139 0106
32139 0107
32139 0108
32139 0109
32139 0110
32139 0111
32139 0112
32139 0113
32139 0114
32139 0115
32139 0116
32139 0117
32139 0118
32139 0119
32139 0120
32139 0121
32139 0122
32139 0123
32139 0124
32139 0125
32139 0126
32139 0127
32139 0128
32139 0129
32139 0130
32139 0131
32139 0132
32139 0133
32139 0134
32139 0135
32139 0136
32139 0137
32139 0138
32139 0139
32139 0140
32139 0141
32139 0142
32139 0143
32139 0144
32139 0145
32139 0146
32139 0147
32139 0148
32139 0149
32139 0150
32139 0151
32139 0152
32139 0153
32139 0154
32139 0155
32139 0156
32139 0157
32139 0158
32139 0159
32139 0160
32139 0161
32139 0162
32139 0163
32139 0164
32139 0165
32139 0166
32139 0167
32145 0000
32145 0001
32145 0002
32145 0003
32145 0004
32145 0005
32145 0006
32145 0007
32145 0008
32145 0009
32145 0010
32145 0011
32145 0012
32145 0013
32145 0014
32145 0015
32145 0016
32145 0017
32145 0018
32145 0019
32145 0020
32145 0021
32145 0022
32145 0023
32145 0024
32145 0025
32145 0026
32145 0027
32145 0028
32145 0029
32145 0030
32145 0031
32145 0032
32145 0033
32145 0034
32145 0035
32145 0036
32145 0037
32146 0000
32146 0001
32146 0002
32146 0003
32146 0004
32146 0005
32146 0006
32146 0007
32146 0008
32146 0009
32146 0010
32146 0011
32146 0012
32146 0013
32146 0014
32146 0015
32146 0016
32146 0017
32146 0018
32146 0019
32146 0020
32146 0021
32146 0022
32146 0023
32146 0024
32146 0025
32146 0026
32146 0027
32146 0028
32146 0029
32146 0030
32146 0031
32146 0032
32146 0033
32146 0034
32146 0035
32146 0036
32146 0037
32146 0038
32146 0039
32146 0040
32146 0041
32146 0042
32146 0043
32146 0044
32146 0045
32146 0046
32146 0047
32146 0048
32146 0049
32146 0050
32146 0051
32146 0052
32146 0053
32146 0054
32146 0055
32146 0056
32146 0057
32146 0058
32146 0059
32146 0060
32146 0061
32146 0062
32146 0063
32146 0064
32146 0065
32146 0066
32146 0067
32146 0068
32146 0069
32146 0070
32146 0071
32146 0072
32146 0073
32146 0074
32146 0075
32146 0076
32146 0077
32146 0078
32146 0079
32146 0080
32147 0000
32147 0001
32147 0002
32147 0003
32147 0004
32147 0005
32147 0006
32148 0000
32148 0001
32148 0002
32148 0003
32148 0004
32148 0005
32148 0006
32148 0007
32148 0008
32148 0009
32148 0010
32148 0011
32148 0012
32148 0013
32148 0014
32148 0015
32148 0016
32148 0017
32148 0018
32148 0019
32148 0020
32148 0021
32148 0022
32148 0023
32148 0024
32148 0025
32148 0026
32148 0027
32148 0028
32148 0029
32148 0030
32148 0031
32148 0032
32148 0033
32148 0034
32148 0035
32148 0036
32148 0037
32148 0038
32148 0039
32148 0040
32148 0041
32148 0042
32148 0043
32148 0044
32148 0045
32148 0046
32148 0047
32148 0048
32148 0049
32148 0050
32148 0051
32148 0052
32148 0053
32148 0054
32148 0055
32148 0056
32148 0057
32148 0058
32148 0059
32148 0060
32148 0061
32148 0062
32148 0063
32148 0064
32148 0065
32148 0066
32148 0067
32148 0068
32148 0069
32148 0070
32148 0071
32148 0072
32148 0073
32148 0074
32148 0075
32148 0076
32148 0077
32148 0078
32148 0079
32158 0000
32158 0001
32158 0002
32158 0003
32158 0004
32158 0005
32158 0006
32158 0007
32158 0008
32158 0009
32158 0010
32158 0011
32158 0012
32158 0013
32158 0014
32158 0015
32158 0016
32158 0017
32158 0018
32158 0019
32158 0020
32158 0021
32158 0022
32158 0023
32158 0024
32158 0025
32158 0026
32158 0027
32158 0028
32158 0029
32158 0030
32158 0031
32158 0032
32158 0033
32158 0034
32158 0035
32158 0036
32158 0037
32158 0038
32158 0039
32158 0040
32158 0041
32158 0042
32158 0043
32158 0044
32158 0045
32158 0046
32158 0047
32158 0048
32158 0049
32158 0050
32158 0051
32158 0052
32158 0053
32158 0054
32158 0055
32158 0056
32158 0057
32158 0058
32158 0059
32158 0060
32158 0061
32158 0062
32158 0063
32158 0064
32158 0065
32158 0066
32158 0067
32158 0068
32158 0069
32158 0070
32158 0071
32158 0072
32158 0073
32158 0074
32158 0075
32158 0076
32158 0077
32158 0078
32158 0079
32158 0080
32158 0081
32158 0082
32158 0083
32158 0084
32158 0085
32158 0086
32158 0087
32159 0000
32159 0001
32159 0002
32159 0003
32159 0004
32159 0005
32159 0006
32159 0007
32159 0008
32159 0009
32159 0010
32159 0011
32159 0012
32159 0013
32159 0014
32159 0015
32159 0016
32159 0017
32159 0018
32159 0019
32159 0020
32159 0021
32159 0022
32159 0023
32159 0024
32159 0025
32159 0026
32159 0027
32159 0028
32159 0029
32159 0030
32159 0031
32159 0032
32159 0033
32159 0034
32159 0035
32159 0036
32159 0037
32159 0038
32159 0039
32159 0040
32159 0041
32159 0042
32159 0043
32159 0044
32159 0045
32159 0046
32159 0047
32159 0048
32159 0049
32159 0050
32159 0051
32159 0052
32159 0053
32159 0054
32159 0055
32159 0056
32159 0057
32159 0058
32159 0059
32159 0060
32159 0061
32159 0062
32159 0063
32159 0064
32159 0065
32159 0066
32159 0067
32159 0068
32159 0069
32159 0070
32159 0071
32159 0072
32159 0073
32159 0074
32159 0075
32159 0076
32159 0077
32159 0078
32159 0079
32159 0080
32159 0081
32159 0082
32159 0083
32159 0084
32159 0085
32159 0086
32159 0087
32159 0088
32160 0000
32160 0001
32160 0002
32160 0003
32160 0004
32160 0005
32160 0006
32160 0007
32160 0008
32160 0009
32160 0010
32160 0011
32160 0012
32160 0013
32160 0014
32160 0015
32160 0016
32160 0017
32160 0018
32160 0019
32160 0020
32160 0021
32160 0022
32160 0023
32160 0024
32160 0025
32160 0026
32160 0027
32160 0028
32160 0029
32160 0030
32160 0031
32160 0032
32160 0033
32160 0034
32160 0035
32160 0036
32160 0037
32160 0038
32160 0039
32160 0040
32160 0041
32160 0042
32160 0043
32160 0044
32160 0045
32160 0046
32160 0047
32160 0048
32160 0049
32160 0050
32160 0051
32160 0052
32160 0053
32160 0054
32160 0055
32160 0056
32160 0057
32160 0058
32160 0059
32160 0060
32160 0061
32160 0062
32161 0000
32161 0001
32161 0002
32161 0003
32161 0004
32161 0005
32161 0006
32161 0007
32161 0008
32161 0009
32161 0010
32161 0011
32161 0012
32161 0013
32161 0014
32161 0015
32161 0016
32161 0017
32161 0018
32161 0019
32161 0020
32161 0021
32161 0022
32161 0023
32166 0001
32166 0002
32166 0003
32166 0004
32166 0005
32166 0006
32166 0007
32166 0008
32166 0009
32189 0000
32189 0001
32189 0002
32189 0003
32189 0004
32189 0005
32189 0006
32189 0007
32189 0008
32189 0009
32189 0010
32189 0011
32189 0012
32189 0013
32189 0014
32189 0015
32189 0016
32189 0017
32189 0018
32189 0019
32189 0020
32189 0021
32189 0022
32189 0023
32189 0024
32190 0000
32190 0001
32190 0002
32190 0003
32190 0004
32190 0005
32190 0006
32190 0007
32190 0008
32190 0009
32190 0010
32190 0011
32190 0012
32190 0013
32190 0014
32190 0015
32190 0016
32190 0017
32190 0018
32190 0019
32190 0020
32190 0021
32190 0022
32190 0023
32190 0024
32190 0025
32190 0026
32190 0027
32190 0028
32190 0029
32190 0030
32190 0031
32190 0032
32190 0033
32190 0034
32190 0035
32190 0036
32191 0000
32191 0001
32191 0002
32191 0003
32191 0004
32191 0005
32191 0006
32191 0007
32191 0008
32191 0009
32191 0010
32191 0011
32191 0012
32191 0013
32191 0014
32191 0015
32191 0016
32191 0017
32191 0018
32191 0019
32191 0020
32191 0021
32191 0022
32191 0023
32191 0024
32191 0025
32191 0026
32191 0027
32191 0028
32191 0029
32191 0030
32191 0031
32191 0032
32191 0033
32191 0034
32191 0035
32191 0036
32191 0037
32191 0038
32191 0039
32191 0040
32191 0041
32191 0042
32191 0043
32191 0044
32191 0045
32191 0046
32191 0047
32191 0048
32191 0049
32191 0050
32191 0051
32191 0052
32191 0053
32191 0054
32191 0055
32191 0056
32191 0057
32191 0058
32191 0059
32191 0060
32191 0061
32191 0062
32191 0063
32191 0064
32191 0065
32191 0066
32191 0067
32191 0068
32191 0069
32192 0000
32192 0001
32192 0002
32192 0003
32192 0004
32192 0005
32192 0006
32193 0000
32193 0001
32193 0002
32193 0003
32193 0004
32193 0005
32193 0006
32193 0007
32193 0008
32193 0009
32193 0010
32193 0011
32193 0012
32193 0013
32193 0014
32193 0015
32193 0016
32193 0017
32193 0018
32193 0019
32193 0020
32193 0021
32193 0022
32193 0023
32193 0024
32193 0025
32193 0026
32193 0027
32199 0000
32199 0001
32199 0002
32199 0003
32199 0004
32199 0005
32199 0006
32199 0007
32199 0008
32199 0009
32199 0010
32199 0011
32199 0012
32199 0013
32242 0000
32242 0001
32242 0002
32242 0003
32242 0004
32242 0005
32242 0006
32242 0007
32242 0008
32242 0009
32242 0010
32242 0011
32242 0012
32242 0013
32242 0014
32242 0015
32242 0016
32242 0017
32242 0018
32242 0019
32242 0020
32242 0021
32242 0022
32242 0023
32243 0000
32243 0001
32243 0002
32243 0003
32243 0004
32243 0005
32243 0006
32243 0007
32243 0008
32243 0009
32243 0010
32243 0011
32243 0012
32243 0013
32243 0014
32243 0015
32243 0016
32243 0017
32243 0018
32243 0019
32243 0020
32243 0021
32243 0022
32243 0023
32243 0024
32243 0025
32243 0026
32243 0027
32243 0028
32243 0029
32243 0030
32243 0031
32243 0032
32243 0033
32243 0034
32243 0035
32243 0036
32243 0037
32243 0038
32243 0039
32243 0040
32243 0041
32243 0042
32243 0043
32243 0044
32243 0045
32243 0046
32243 0047
32243 0048
32243 0049
32243 0050
32243 0051
32243 0052
32243 0053
32243 0054
32243 0055
32243 0056
32243 0057
32243 0058
32243 0059
32243 0060
32243 0061
32243 0062
32243 0063
32243 0064
32243 0065
32243 0066
32243 0067
32243 0068
32243 0069
32243 0070
32243 0071
32243 0072
32243 0073
32243 0074
32243 0075
32243 0076
32243 0077
32243 0078
32243 0079
32243 0080
32243 0081
32243 0082
32243 0083
32243 0084
32243 0085
32243 0086
32243 0087
32243 0088
32243 0089
32243 0090
32243 0091
32243 0092
32243 0093
32243 0094
32243 0095
32243 0096
32243 0097
32243 0098
32243 0099
32244 0000
32244 0001
32244 0002
32244 0003
32244 0004
32244 0005
32244 0006
32244 0007
32244 0008
32244 0009
32244 0010
32244 0011
32244 0012
32244 0013
32244 0014
32244 0015
32244 0016
32244 0017
32244 0018
32244 0019
32244 0020
32244 0021
32244 0022
32244 0023
32244 0024
32244 0025
32244 0026
32244 0027
32244 0028
32244 0029
32244 0030
32244 0031
32244 0032
32245 0000
32245 0001
32245 0002
32245 0003
32245 0004
32245 0005
32245 0006
32245 0007
32245 0008
32245 0009
32245 0010
32245 0011
32245 0012
32245 0013
32245 0014
32245 0015
32245 0016
32245 0017
32245 0018
32245 0019
32245 0020
32245 0021
32245 0022
32245 0023
32245 0024
32245 0025
32245 0026
32245 0027
32245 0028
32245 0029
32245 0030
32245 0031
32245 0032
32245 0033
32245 0034
32245 0035
32245 0036
32248 0000
32248 0001
32248 0002
32248 0003
32248 0004
32248 0005
32248 0006
32248 0007
32248 0008
32248 0009
32248 0010
32248 0011
32248 0012
32248 0013
32248 0014
32248 0015
32248 0016
32248 0017
32248 0018
32248 0019
32248 0020
32248 0021
32248 0022
32248 0023
32248 0024
