00031120 0002 105 105
00031120 0003 105 105
00031120 0004 105 105
00031120 0005 105 105
00031120 0006 105 105
00031120 0007 105 105
00031120 0008 105 105
00031120 0009 105 105
00031120 0010 105 105
00031120 0011 105 105
00031120 0012 105 105
00031120 0013 105 105
00031120 0014 105 105
00031120 0015 105 106
00031120 0016 106 106
00031120 0017 106 106
00031120 0018 106 106
00031120 0019 106 106
00031120 0020 106 106
00031120 0021 106 106
00031120 0022 106 106
00031120 0023 106 106
00031120 0024 106 106
00031120 0025 106 106
00031120 0026 106 106
00031120 0027 106 106
00031120 0028 106 106
00031120 0029 106 106
00031120 0030 106 106
00031120 0031 106 106
00031120 0032 106 106
00031120 0033 106 106
00031120 0034 106 106
00031120 0035 106 106
00031121 0000 106 106
00031121 0001 106 106
00031121 0002 106 106
00031121 0003 106 106
00031121 0004 106 106
00031121 0005 106 106
00031121 0006 106 106
00031122 0000 107 107
00031122 0001 107 107
00031122 0002 107 107
00031122 0003 107 107
00031122 0004 107 107
00031122 0005 107 107
00031122 0006 107 107
00031122 0007 107 107
00031122 0008 107 107
00031122 0009 107 107
00031122 0010 107 107
00031122 0011 107 107
00031122 0012 107 107
00031122 0013 107 107
00031122 0014 107 107
00031122 0015 107 107
00031122 0016 107 107
00031122 0017 107 107
00031122 0018 107 107
00031122 0019 107 107
00031122 0020 107 107
00031122 0021 107 107
00031122 0022 107 107
00031122 0023 107 107
00031122 0024 107 107
00031122 0025 107 107
00031122 0026 107 107
00031122 0027 107 107
00031122 0028 107 107
00031122 0029 107 107
00031122 0030 107 107
00031122 0031 107 107
00031122 0032 107 107
00031122 0033 107 107
00031122 0034 107 107
00031122 0035 107 107
00031122 0036 107 107
00031122 0037 107 107
00031122 0038 107 107
00031122 0039 107 107
00031122 0040 107 107
00031122 0041 107 107
00031122 0042 107 107
00031122 0043 107 107
00031122 0044 107 107
00031122 0045 107 107
00031122 0046 107 107
00031122 0047 107 107
00031122 0048 107 107
00031122 0049 107 107
00031122 0050 107 107
00031122 0051 107 107
00031122 0052 107 107
00031122 0053 107 107
00031122 0054 107 107
00031125 0000 107 107
00031125 0001 107 107
00031125 0002 107 107
00031125 0003 107 107
00031125 0004 107 107
00031125 0005 107 107
00031125 0006 107 107
00031125 0007 107 107
00031134 0000 108 108
00031134 0001 108 108
00031134 0002 108 108
00031135 0000 108 108
00031135 0001 108 108
00031135 0002 108 108
00031135 0003 108 108
00031135 0004 108 108
00031135 0005 108 108
00031135 0006 108 108
00031135 0007 108 108
00031135 0008 108 108
00031135 0009 108 108
00031135 0010 108 108
00031135 0011 108 108
00031135 0012 108 108
00031135 0013 108 108
00031135 0014 108 108
00031135 0015 108 108
00031135 0016 108 108
00031135 0017 108 108
00031135 0018 108 108
00031135 0019 108 108
00031135 0020 108 108
00031135 0021 108 108
00031135 0022 108 108
00031135 0023 108 108
00031135 0024 108 108
00031135 0025 108 108
00031135 0026 108 108
00031135 0027 108 108
00031135 0028 108 108
00031135 0029 108 108
00031135 0030 108 108
00031135 0031 108 108
00031135 0032 108 108
00031135 0033 108 108
00031135 0034 108 108
00031135 0035 108 108
00031135 0036 108 108
00031135 0037 108 108
00031135 0038 108 108
00031135 0039 108 108
00031135 0040 108 108
00031135 0041 108 108
00031135 0042 108 108
00031135 0043 108 108
00031135 0044 108 108
00031135 0045 108 108
00031135 0046 108 108
00031135 0047 108 108
00031135 0048 108 108
00031135 0049 108 108
00031135 0050 108 108
00031135 0051 108 108
00031135 0052 108 108
00031135 0053 108 108
00031135 0054 108 108
00031135 0055 108 108
00031135 0056 108 108
00031135 0057 108 108
00031135 0058 108 108
00031136 0000 108 108
00031136 0001 108 108
00031136 0002 108 108
00031136 0003 108 108
00031136 0004 108 108
00031136 0005 108 108
00031136 0006 108 108
00031136 0007 108 108
00031136 0008 108 108
00031136 0009 108 108
00031136 0010 108 108
00031136 0011 108 108
00031136 0012 108 108
00031136 0013 108 108
00031136 0014 108 108
00031136 0015 108 108
00031136 0016 108 108
00031136 0017 108 108
00031136 0018 108 108
00031136 0019 108 108
00031136 0020 108 108
00031136 0021 108 108
00031136 0022 108 108
00031136 0023 108 108
00031136 0024 108 108
00031136 0025 108 108
00031136 0026 108 108
00031136 0027 108 108
00031136 0028 108 108
00031136 0029 108 108
00031136 0030 108 108
00031136 0031 108 108
00031136 0032 108 108
00031136 0033 108 108
00031136 0034 108 108
00031136 0035 108 108
00031136 0036 108 108
00031136 0037 108 108
00031136 0038 108 108
00031136 0039 108 108
00031136 0040 108 108
00031136 0041 108 108
00031136 0042 108 108
00031136 0043 108 108
00031136 0044 108 108
00031136 0045 108 108
00031136 0046 108 108
00031136 0047 108 108
00031136 0048 108 108
00031136 0049 108 108
00031136 0050 108 108
00031136 0051 108 108
00031136 0052 108 108
00031136 0053 108 108
00031136 0054 108 108
00031136 0055 108 108
00031136 0056 108 108
00031136 0057 108 108
00031136 0058 108 108
00031136 0059 108 108
00031136 0060 108 108
00031136 0061 108 108
00031136 0062 108 108
00031136 0063 108 108
00031136 0064 108 108
00031136 0065 108 108
00031136 0066 108 108
00031136 0067 108 108
00031136 0068 108 108
00031136 0069 108 108
00031136 0070 108 108
00031136 0071 108 108
00031136 0072 108 108
00031136 0073 108 108
00031136 0074 108 108
00031136 0075 108 108
00031136 0076 108 108
00031136 0077 108 108
00031136 0078 108 108
00031136 0079 108 108
00031136 0080 108 108
00031136 0081 108 108
00031136 0082 108 108
00031136 0083 108 108
00031136 0084 108 108
00031136 0085 108 108
00031136 0086 108 108
00031136 0087 108 108
00031136 0088 108 108
00031136 0089 108 108
00031136 0090 108 108
00031136 0091 108 108
00031136 0092 108 108
00031136 0093 108 108
00031136 0094 108 108
00031136 0095 108 108
00031136 0096 108 108
00031136 0097 108 108
00031136 0098 108 108
00031136 0099 108 108
00031136 0100 108 108
00031136 0101 108 108
00031136 0102 108 108
00031136 0103 108 108
00031136 0104 108 108
00031136 0105 108 108
00031136 0106 108 108
00031136 0107 108 108
00031136 0108 108 108
00031136 0109 108 108
00031136 0110 108 108
00031136 0111 108 108
00031137 0000 108 108
00031137 0001 108 108
00031137 0002 108 108
00031137 0003 108 108
00031137 0004 108 108
00031137 0005 108 108
00031137 0006 108 108
00031137 0007 108 108
00031137 0008 108 108
00031137 0009 108 108
00031137 0010 108 108
00031137 0011 108 108
00031137 0012 108 108
00031137 0013 108 108
00031137 0014 108 108
00031137 0015 108 108
00031137 0016 108 108
00031137 0017 108 108
00031137 0018 108 108
00031138 0000 108 108
00031138 0001 108 108
00031138 0002 108 108
00031138 0003 108 108
00031138 0004 108 108
00031138 0005 108 108
00031138 0006 108 108
00031138 0007 108 108
00031138 0008 108 108
00031138 0009 108 108
00031138 0010 108 108
00031138 0011 108 108
00031138 0012 108 108
00031138 0013 108 108
00031138 0014 108 108
00031138 0015 108 108
00031138 0016 108 108
00031138 0017 108 108
00031138 0018 108 108
00031138 0019 108 108
00031138 0020 108 108
00031138 0021 108 108
00031138 0022 108 108
00031138 0023 108 108
00031138 0024 108 108
00031138 0025 108 108
00031138 0026 108 108
00031138 0027 108 108
00031138 0028 108 108
00031138 0029 108 108
00031138 0030 108 108
00031138 0031 108 108
00031145 0000 109 109
00031145 0001 109 109
00031145 0002 109 109
00031145 0003 109 109
00031145 0004 109 109
00031145 0005 109 109
00031145 0006 109 109
00031145 0007 109 109
00031145 0008 109 109
00031145 0009 109 109
00031145 0010 109 109
00031145 0011 109 109
00031145 0012 109 109
00031145 0013 109 109
00031145 0014 109 109
00031145 0015 109 109
00031145 0016 109 109
00031145 0017 109 109
00031145 0018 109 109
00031145 0019 109 109
00031145 0020 109 109
00031145 0021 109 109
00031145 0022 109 109
00031145 0023 109 109
00031145 0024 109 109
00031145 0025 109 109
00031145 0026 109 109
00031145 0027 109 109
00031145 0028 109 109
00031145 0029 109 109
00031145 0030 109 110
00031145 0031 110 110
00031145 0032 110 110
00031145 0033 110 110
00031145 0034 110 110
00031145 0035 110 110
00031145 0036 110 110
00031145 0037 110 110
00031145 0038 110 110
00031145 0039 110 110
00031145 0040 110 110
00031145 0041 110 110
00031145 0042 110 110
00031145 0043 110 110
00031145 0044 110 110
00031145 0045 110 110
00031146 0000 110 110
00031146 0001 110 110
00031146 0002 110 110
00031146 0003 110 110
00031146 0004 110 110
00031146 0005 110 110
00031146 0006 110 110
00031146 0007 110 110
00031146 0008 110 110
00031146 0009 110 110
00031146 0010 110 110
00031146 0011 110 110
00031146 0012 110 110
00031146 0013 110 110
00031146 0014 110 110
00031146 0015 110 110
00031146 0016 110 110
00031146 0017 110 110
00031146 0018 110 110
00031146 0019 110 110
00031146 0020 110 110
00031146 0021 110 110
00031146 0022 110 110
00031146 0023 110 110
00031146 0024 110 110
00031146 0025 110 110
00031146 0026 110 110
00031146 0027 110 110
00031146 0028 110 110
00031146 0029 110 110
00031146 0030 110 110
00031146 0031 110 110
00031146 0032 110 110
00031146 0033 110 110
00031146 0034 110 110
00031147 0000 110 110
00031147 0001 110 110
00031147 0002 110 110
00031147 0003 110 110
00031147 0004 110 110
00031147 0005 110 110
00031147 0006 110 110
00031147 0007 110 110
00031147 0008 110 110
00031147 0009 110 110
00031147 0010 110 110
00031147 0011 110 110
00031147 0012 110 110
00031147 0013 110 110
00031147 0014 110 110
00031147 0015 110 110
00031147 0016 110 110
00031147 0017 110 110
00031147 0018 110 110
00031147 0019 110 110
00031147 0020 110 110
00031147 0021 110 110
00031147 0022 110 110
00031147 0023 110 110
00031147 0024 110 110
00031147 0025 110 110
00031147 0026 110 110
00031147 0027 110 110
00031147 0028 110 110
00031147 0029 110 110
00031147 0030 110 110
00031147 0031 110 110
00031147 0032 110 110
00031147 0033 110 110
00031147 0034 110 110
00031147 0035 110 110
00031148 0000 110 110
00031148 0001 110 110
00031148 0002 110 110
00031148 0003 110 110
00031148 0004 110 110
00031148 0005 110 110
00031148 0006 110 110
00031148 0007 110 110
00031148 0008 110 110
00031148 0009 110 110
00031149 0000 110 110
00031149 0001 110 110
00031149 0002 110 110
00031149 0003 110 110
00031149 0004 110 110
00031149 0005 110 110
00031149 0006 110 110
00031149 0007 110 110
00031149 0008 110 110
00031149 0009 110 110
00031149 0010 110 110
00031149 0011 110 110
00031149 0012 110 110
00031149 0013 110 110
00031149 0014 110 110
00031149 0015 110 110
00031149 0016 110 110
00031149 0017 110 110
00031149 0018 110 110
00031149 0019 110 110
00031149 0020 110 110
00031149 0021 110 110
00031149 0022 110 110
00031149 0023 110 110
00031149 0024 110 110
00031149 0025 110 110
00031149 0026 110 110
00031149 0027 110 110
00031149 0028 110 110
00031149 0029 110 110
00031149 0030 110 110
00031149 0031 110 110
00031149 0032 110 110
00031149 0033 110 110
00031149 0034 110 110
00031149 0035 110 110
00031149 0036 110 110
00031149 0037 110 110
00031149 0038 110 110
00031149 0039 110 110
00031149 0040 110 110
00031149 0041 110 110
00031149 0042 110 110
00031149 0043 110 110
00031149 0044 110 110
00031149 0045 110 110
00031149 0046 110 110
00031149 0047 110 110
00031149 0048 110 110
00031149 0049 110 110
00031149 0050 110 110
00031149 0051 110 110
00031149 0052 110 110
00031149 0053 110 110
00031149 0054 110 110
00031149 0055 110 110
00031149 0056 110 110
00031149 0057 110 110
00031149 0058 110 110
00031149 0059 110 110
00031149 0060 110 110
00031149 0061 110 110
00031149 0062 110 110
00031149 0063 110 110
00031149 0064 110 110
00031149 0065 110 110
00031149 0066 110 110
00031149 0067 110 110
00031149 0068 110 110
00031149 0069 110 110
00031149 0070 110 110
00031149 0071 110 110
00031149 0072 110 110
00031149 0073 110 110
00031149 0074 110 110
00031149 0075 110 110
00031149 0076 110 110
00031149 0077 110 110
00031149 0078 110 110
00031149 0079 110 110
00031149 0080 110 110
00031149 0081 110 110
00031149 0082 110 110
00031149 0083 110 110
00031149 0084 110 110
00031149 0085 110 110
00031149 0086 110 110
00031149 0087 110 110
00031149 0088 110 110
00031149 0089 110 110
00031149 0090 110 110
00031149 0091 110 110
00031149 0092 110 110
00031149 0093 110 110
00031149 0094 110 110
00031149 0095 110 110
00031150 0000 110 110
00031150 0001 110 110
00031153 0000 111 111
00031153 0001 111 111
00031153 0002 111 111
00031153 0003 111 111
00031153 0004 111 111
00031153 0005 111 111
00031153 0006 111 111
00031153 0007 111 111
00031153 0008 111 111
00031153 0009 111 111
00031153 0010 111 111
00031153 0011 111 111
00031153 0012 111 111
00031153 0013 111 111
00031153 0014 111 111
00031153 0015 111 111
00031153 0016 111 111
00031153 0017 111 111
00031153 0018 111 111
00031153 0019 111 111
00031153 0020 111 111
00031153 0021 111 111
00031153 0022 111 111
00031153 0023 111 111
00031153 0024 111 111
00031153 0025 111 111
00031153 0026 111 111
00031153 0027 111 111
00031153 0028 111 111
00031153 0029 111 111
00031153 0030 111 111
00031153 0031 111 111
00031153 0032 111 111
00031153 0033 111 111
00031153 0034 111 111
00031153 0035 111 111
00031153 0036 111 111
00031153 0037 111 111
00031153 0038 111 111
00031153 0039 111 111
00031153 0040 111 111
00031154 0000 111 111
00031154 0001 111 111
00031154 0002 111 111
00031154 0003 111 111
00031154 0004 111 111
00031154 0005 111 111
00031154 0006 111 111
00031154 0007 111 111
00031154 0008 111 111
00031154 0009 111 111
00031154 0010 111 111
00031154 0011 111 111
00031154 0012 111 111
00031154 0013 111 111
00031154 0014 111 111
00031154 0015 111 111
00031154 0016 111 111
00031154 0017 111 111
00031154 0018 111 111
00031154 0019 111 111
00031154 0020 111 111
00031154 0021 111 111
00031154 0022 111 111
00031154 0023 111 111
00031154 0024 111 111
00031154 0025 111 111
00031154 0026 111 111
00031154 0027 111 111
00031155 0000 111 111
00031155 0001 111 111
00031155 0002 111 111
00031155 0003 111 111
00031155 0004 111 111
00031155 0005 111 111
00031155 0006 111 111
00031155 0007 111 111
00031155 0008 111 111
00031155 0009 111 111
00031155 0010 111 111
00031155 0011 111 111
00031155 0012 111 111
00031155 0013 111 111
00031155 0014 111 111
00031155 0015 111 111
00031155 0016 111 111
00031155 0017 111 111
00031155 0018 111 111
00031155 0019 111 111
00031155 0020 111 111
00031155 0021 111 111
00031155 0022 111 111
00031155 0023 111 111
00031155 0024 111 111
00031155 0025 111 111
00031155 0026 111 111
00031155 0027 111 111
00031155 0028 111 111
00031155 0029 111 111
00031155 0030 111 111
00031155 0031 111 111
00031155 0032 111 111
00031155 0033 111 111
00031155 0034 111 111
00031155 0035 111 111
00031155 0036 111 111
00031155 0037 111 111
00031155 0038 111 111
00031155 0039 111 111
00031155 0040 111 111
00031155 0041 111 111
00031155 0042 111 111
00031155 0043 111 111
00031155 0044 111 111
00031155 0045 111 111
00031155 0046 111 111
00031155 0047 111 111
00031155 0048 111 111
00031155 0049 111 111
00031155 0050 111 111
00031155 0051 111 111
00031155 0052 111 111
00031155 0053 111 111
00031155 0054 111 111
00031155 0055 111 111
00031155 0056 111 111
00031155 0057 111 111
00031155 0058 111 111
00031155 0059 111 111
00031155 0060 111 111
00031155 0061 111 111
00031155 0062 111 111
00031155 0063 111 111
00031155 0064 111 111
00031155 0065 111 111
00031155 0066 111 111
00031155 0067 111 111
00031155 0068 111 111
00031155 0069 111 111
00031155 0070 111 111
00031155 0071 111 111
00031155 0072 111 111
00031155 0073 111 111
00031155 0074 111 111
00031155 0075 111 111
00031155 0076 111 111
00031155 0077 111 111
00031155 0078 111 111
00031155 0079 111 111
00031155 0080 111 111
00031155 0081 111 111
00031155 0082 111 111
00031155 0083 111 111
00031155 0084 111 111
00031155 0085 111 111
00031155 0086 111 111
00031155 0087 111 111
00031155 0088 111 111
00031155 0089 111 111
00031155 0090 111 111
00031155 0091 111 111
00031155 0092 111 111
00031155 0093 111 111
00031155 0094 111 111
00031155 0095 111 111
00031155 0096 111 111
00031155 0097 111 111
00031155 0098 111 111
00031155 0099 111 111
00031155 0100 111 111
00031155 0101 111 111
00031155 0102 111 111
00031155 0103 111 111
00031155 0104 111 111
00031155 0105 111 111
00031155 0106 111 111
00031155 0107 111 111
00031155 0108 111 111
00031155 0109 111 111
00031155 0110 111 111
00031155 0111 111 111
00031155 0112 111 111
00031155 0113 111 111
00031155 0114 111 111
00031156 0000 111 111
00031156 0001 111 111
00031156 0002 111 111
00031156 0003 111 111
00031156 0004 111 111
00031156 0005 111 111
00031156 0006 111 111
00031156 0007 111 111
00031156 0008 111 111
00031157 0000 111 111
00031157 0001 111 111
00031157 0002 111 111
00031157 0003 111 111
00031157 0004 111 111
00031157 0005 111 111
00031157 0006 111 111
00031157 0007 111 111
00031157 0008 111 111
00031157 0009 111 111
00031157 0010 111 111
00031157 0011 111 111
00031157 0012 111 111
00031157 0013 111 111
00031157 0014 111 111
00031157 0015 111 111
00031157 0016 111 111
00031157 0017 111 111
00031157 0018 111 111
00031157 0019 111 111
00031157 0020 111 111
00031157 0021 111 111
00031157 0022 111 111
00031157 0023 111 111
00031157 0024 111 111
00031157 0025 111 111
00031157 0026 111 111
00031157 0027 111 111
00031157 0028 111 111
00031157 0029 111 111
00031157 0030 111 111
00031157 0031 111 111
00031157 0032 111 111
00031157 0033 111 111
00031157 0034 111 111
00031157 0035 111 111
00031157 0036 111 111
00031157 0037 111 111
00031158 0000 111 111
00031158 0001 111 111
00031158 0002 111 111
00031158 0003 111 111
00031158 0004 111 111
00031158 0005 111 111
00031158 0006 111 111
00031158 0007 111 111
00031158 0008 111 111
00031158 0009 111 111
00031158 0010 111 111
00031158 0011 111 111
00031158 0012 111 111
00031158 0013 111 111
00031158 0014 111 111
00031158 0015 111 112
00031158 0016 112 112
00031158 0017 112 112
00031158 0018 112 112
00031158 0019 112 112
00031158 0020 112 112
00031158 0021 112 112
00031158 0022 112 112
00031158 0023 112 112
00031158 0024 112 112
00031158 0025 112 112
00031158 0026 112 112
00031158 0027 112 112
00031158 0028 112 112
00031158 0029 112 112
00031158 0030 112 112
00031158 0031 112 112
00031158 0032 112 112
00031158 0033 112 112
00031158 0034 112 112
00031158 0035 112 112
00031158 0036 112 112
00031158 0037 112 112
00031159 0000 112 112
00031160 0000 112 112
00031160 0001 112 112
00031160 0002 112 112
00031160 0003 112 112
00031160 0004 112 112
00031160 0005 112 112
00031160 0006 112 112
00031160 0008 113 113
00031160 0009 113 113
00031160 0010 113 113
00031160 0011 113 113
00031160 0012 113 113
00031160 0013 113 113
00031160 0014 113 113
00031160 0015 113 113
00031160 0016 113 113
00031160 0017 113 113
00031160 0018 113 113
00031160 0019 113 113
00031160 0020 113 113
00031160 0021 113 113
00031160 0022 113 113
00031160 0023 113 113
00031160 0024 113 113
00031160 0025 113 113
00031160 0026 113 113
00031160 0027 113 113
00031160 0028 113 113
00031160 0029 113 113
00031160 0030 113 113
00031160 0031 113 113
00031160 0032 113 113
00031160 0033 113 113
00031160 0034 113 113
00031161 0000 113 113
00031161 0001 113 113
00031163 0000 113 113
00031163 0001 113 113
00031163 0002 113 113
00031163 0003 113 113
00031163 0004 113 113
00031163 0005 113 113
00031166 0000 113 113
00031166 0001 113 113
00031166 0002 113 113
00031166 0003 113 113
00031166 0004 113 113
00031166 0005 113 113
00031166 0006 113 113
00031167 0000 113 113
00031167 0001 113 113
00031167 0002 113 113
00031167 0003 113 113
00031167 0004 113 113
00031167 0005 113 113
00031167 0006 113 113
00031167 0007 113 113
00031167 0008 113 113
00031167 0009 113 113
00031167 0010 113 113
00031167 0011 113 113
00031167 0012 113 113
00031167 0013 113 113
00031167 0014 113 113
00031167 0015 113 113
00031167 0016 113 113
00031167 0017 113 113
00031167 0018 113 113
00031167 0019 113 113
00031167 0020 113 113
00031167 0021 113 113
00031167 0022 113 113
00031167 0023 113 113
00031167 0024 113 113
00031167 0025 113 113
00031167 0026 113 113
00031167 0027 113 113
00031167 0028 113 113
00031167 0029 113 113
00031167 0030 113 113
00031167 0031 113 113
00031167 0032 113 113
00031167 0033 113 113
00031167 0034 113 113
00031167 0035 113 113
00031168 0000 113 113
00031168 0001 113 113
00031168 0002 113 113
00031168 0003 113 113
00031168 0004 113 113
00031168 0005 113 113
00031168 0006 113 113
00031168 0007 113 113
00031168 0008 113 113
00031168 0009 113 113
00031168 0010 113 113
00031168 0011 113 113
00031168 0012 113 113
00031168 0013 113 113
00031168 0014 113 113
00031168 0015 113 113
00031168 0016 113 113
00031168 0017 113 113
00031168 0018 113 113
00031168 0019 113 113
00031168 0020 113 113
00031168 0021 113 113
00031168 0022 113 113
00031168 0023 113 113
00031168 0024 113 113
00031168 0025 113 113
00031168 0026 113 113
00031168 0027 113 113
00031168 0028 113 113
00031168 0029 113 113
00031168 0030 113 113
00031168 0031 113 113
00031168 0032 113 113
00031168 0033 113 113
00031168 0034 113 113
00031168 0035 113 113
00031168 0036 113 113
00031168 0037 113 113
00031168 0038 113 113
00031168 0039 113 113
00031168 0040 113 113
00031168 0041 113 113
00031168 0042 113 113
00031168 0043 113 113
00031168 0044 113 113
00031168 0045 113 113
00031168 0046 113 113
00031168 0047 113 113
00031168 0048 113 113
00031168 0049 113 113
00031169 0000 113 113
00031169 0001 113 114
00031169 0002 114 114
00031169 0003 114 114
00031169 0004 114 114
00031169 0005 114 114
00031169 0006 114 114
00031169 0007 114 114
00031169 0008 114 114
00031169 0009 114 114
00031169 0010 114 114
00031169 0011 114 114
00031169 0012 114 114
00031169 0013 114 114
00031169 0014 114 114
00031169 0015 114 114
00031169 0016 114 114
00031169 0017 114 114
00031169 0018 114 114
00031169 0019 114 114
00031169 0020 114 114
00031169 0021 114 114
00031169 0022 114 114
00031169 0023 114 114
00031169 0024 114 114
00031169 0025 114 114
00031169 0026 114 114
00031169 0027 114 114
00031169 0028 114 114
00031169 0029 114 114
00031169 0030 114 114
00031169 0031 114 114
00031169 0032 114 114
00031169 0033 114 114
00031169 0034 114 114
00031169 0035 114 114
00031169 0036 114 114
00031169 0037 114 114
00031169 0038 114 114
00031169 0039 114 114
00031169 0040 114 114
00031169 0041 114 114
00031169 0042 114 114
00031169 0043 114 114
00031169 0044 114 114
00031169 0045 114 114
00031169 0046 114 114
00031169 0047 114 114
00031169 0048 114 114
00031169 0049 114 114
00031169 0050 114 114
00031169 0051 114 114
00031169 0052 114 114
00031169 0053 114 114
00031169 0054 114 114
00031169 0055 114 114
00031178 0000 116 116
00031178 0001 116 116
00031178 0002 116 116
00031178 0003 116 116
00031178 0004 116 116
00031178 0005 116 116
00031178 0006 116 116
00031178 0007 116 116
00031178 0008 116 116
00031178 0009 116 116
00031178 0010 116 116
00031178 0011 116 116
00031178 0012 116 116
00031178 0013 116 116
00031178 0014 116 116
00031178 0015 116 116
00031178 0016 116 116
00031178 0017 116 116
00031178 0018 116 116
00031178 0019 116 116
00031178 0020 116 116
00031178 0021 116 116
00031178 0022 116 116
00031178 0023 116 116
00031178 0024 116 116
00031178 0025 116 116
00031178 0026 116 116
00031178 0027 116 116
00031178 0028 116 116
00031178 0029 116 116
00031178 0030 116 116
00031178 0031 116 116
00031178 0032 116 116
00031178 0033 116 116
00031178 0034 116 116
00031178 0035 116 116
00031178 0036 116 116
00031178 0037 116 116
00031178 0038 116 116
00031178 0039 116 116
00031178 0040 116 116
00031178 0041 116 116
00031178 0042 116 116
00031180 0000 117 117
00031180 0001 117 117
00031183 0001 119 119
00031183 0002 119 119
00031183 0003 119 119
00031183 0004 119 119
00031183 0005 120 121
00031183 0006 121 121
00031183 0007 121 121
00031183 0008 121 121
00031183 0009 121 121
00031183 0010 121 121
00031183 0011 121 121
00031183 0012 121 121
00031183 0013 121 121
00031183 0014 121 121
00031183 0015 121 121
00031183 0016 121 121
00031183 0017 121 121
00031183 0018 121 121
00031183 0019 121 121
00031184 0000 121 121
00031184 0001 121 121
00031184 0002 121 121
00031184 0003 121 121
00031184 0004 121 121
00031184 0005 121 121
00031184 0006 121 121
00031184 0007 121 121
00031184 0008 121 121
00031184 0009 121 121
00031184 0010 121 121
00031184 0011 121 122
00031184 0012 122 122
00031184 0013 122 122
00031184 0014 122 122
00031184 0015 122 122
00031184 0016 122 122
00031184 0017 122 122
00031184 0018 122 122
00031184 0019 122 122
00031184 0020 122 122
00031184 0021 122 122
00031184 0022 122 122
00031184 0023 122 122
00031184 0024 122 122
00031184 0025 122 122
00031184 0026 122 122
00031184 0027 122 122
00031184 0028 122 122
00031184 0029 122 122
00031184 0030 122 122
00031184 0031 122 122
00031184 0032 122 122
00031184 0033 122 122
00031184 0034 122 122
00031184 0035 122 122
00031184 0036 122 122
00031184 0037 122 122
00031184 0038 122 122
00031184 0039 122 122
00031184 0040 122 122
00031184 0041 122 122
00031184 0042 122 122
00031184 0043 122 122
00031184 0044 122 122
00031184 0045 122 122
00031184 0046 122 122
00031184 0047 122 122
00031184 0048 122 122
00031184 0049 122 122
00031184 0050 122 122
00031184 0051 122 122
00031184 0052 122 122
00031185 0000 122 122
00031185 0001 122 122
00031185 0002 122 122
00031185 0003 122 122
00031185 0004 122 122
00031185 0005 122 122
00031185 0006 122 122
00031185 0007 122 122
00031185 0008 122 122
00031185 0009 122 122
00031185 0010 122 122
00031185 0011 122 122
00031185 0012 122 122
00031185 0013 122 122
00031185 0014 122 122
00031185 0015 122 122
00031185 0016 122 122
00031185 0017 122 122
00031185 0018 122 122
00031185 0019 122 122
00031185 0020 122 122
00031185 0021 122 122
00031185 0022 122 122
00031185 0023 122 122
00031185 0024 122 122
00031185 0025 122 122
00031185 0026 122 122
00031185 0027 122 122
00031185 0028 122 122
00031186 0000 122 122
00031186 0001 122 122
00031186 0002 122 122
00031186 0003 122 122
00031186 0004 122 122
00031186 0005 122 122
00031186 0006 122 122
00031186 0007 122 122
00031186 0008 122 122
00031186 0009 122 122
00031186 0010 122 122
00031186 0011 122 122
00031186 0012 122 122
00031186 0013 122 122
00031186 0014 122 122
00031186 0015 122 122
00031186 0016 122 122
00031186 0017 122 122
00031186 0018 122 122
00031186 0019 122 122
00031186 0020 122 122
00031186 0021 122 122
00031186 0022 122 122
00031186 0023 122 122
00031186 0024 122 122
00031186 0025 122 122
00031186 0026 122 122
00031186 0027 122 122
00031186 0028 122 122
00031186 0029 122 122
00031186 0030 122 122
00031186 0031 122 122
00031186 0032 122 122
00031186 0033 122 122
00031186 0034 122 122
00031186 0035 122 122
00031186 0036 122 122
00031186 0037 122 122
00031186 0038 122 122
00031186 0039 122 122
00031186 0040 122 122
00031186 0041 122 122
00031186 0042 122 122
00031186 0043 122 122
00031186 0044 122 122
00031186 0045 122 122
00031186 0046 122 122
00031186 0047 122 122
00031186 0048 122 122
00031186 0049 122 122
00031186 0050 122 122
00031186 0051 122 122
00031186 0052 122 122
00031186 0053 122 122
00031186 0054 122 122
00031186 0055 122 122
00031186 0056 122 122
00031186 0057 122 122
00031186 0058 122 122
00031186 0059 122 122
00031186 0060 122 122
00031186 0061 122 122
00031186 0062 122 122
00031186 0063 122 122
00031186 0064 122 122
00031186 0065 122 122
00031186 0066 122 122
00031186 0067 122 122
00031186 0068 122 122
00031186 0069 122 122
00031186 0070 122 122
00031186 0071 122 122
00031186 0072 122 122
00031186 0073 122 122
00031186 0074 122 122
00031186 0075 122 122
00031187 0000 122 122
00031187 0001 122 122
00031187 0002 122 122
00031187 0003 122 122
00031187 0004 122 122
00031187 0005 122 122
00031187 0006 122 122
00031187 0007 122 122
00031187 0008 122 122
00031187 0009 122 122
00031187 0010 122 122
00031187 0011 122 122
00031187 0012 122 122
00031187 0013 122 122
00031187 0014 122 122
00031187 0015 122 122
00031187 0016 122 122
00031187 0017 122 122
00031187 0018 122 122
00031187 0019 122 122
00031187 0020 122 122
00031187 0021 122 122
00031187 0022 122 122
00031187 0023 122 122
00031187 0024 122 122
00031187 0025 122 122
00031187 0026 122 122
00031187 0027 122 122
00031187 0028 122 122
00031187 0029 122 122
00031187 0030 122 122
00031187 0031 122 122
00031187 0032 122 122
00031187 0033 122 122
00031187 0034 122 122
00031187 0035 122 122
00031187 0036 122 122
00031187 0037 122 122
00031187 0038 122 122
00031187 0039 122 122
00031187 0040 122 122
00031187 0041 122 122
00031187 0042 122 122
00031187 0043 122 122
00031187 0044 122 122
00031187 0045 122 122
00031187 0046 122 122
00031187 0047 122 122
00031187 0048 122 122
00031187 0049 122 122
00031187 0050 122 122
00031188 0005 123 123
00031188 0006 123 123
00031188 0007 123 123
00031188 0008 123 123
00031188 0009 123 123
00031188 0010 123 123
00031188 0011 123 123
00031188 0012 123 123
00031188 0013 123 123
00031188 0014 123 123
00031188 0015 123 123
00031188 0016 123 123
00031188 0017 123 123
00031188 0018 123 123
00031188 0019 123 123
00031188 0020 123 123
00031188 0021 123 123
00031188 0022 123 123
00031188 0023 123 123
00031188 0024 123 124
00031188 0025 124 124
00031188 0026 124 124
00031188 0027 124 124
00031188 0028 124 124
00031188 0029 124 124
00031188 0030 124 124
00031188 0031 124 124
00031188 0032 124 124
00031188 0033 124 124
00031188 0034 124 124
00031188 0035 124 124
00031188 0036 124 124
00031188 0037 124 124
00031188 0038 124 124
00031188 0039 124 124
00031188 0040 124 124
00031188 0041 124 124
00031188 0042 124 124
00031188 0043 124 124
00031188 0044 124 124
00031188 0045 124 124
00031188 0046 124 124
00031188 0047 124 124
00031188 0048 124 124
00031188 0049 124 124
00031188 0050 124 124
00031188 0051 124 124
00031188 0052 124 124
00031188 0053 124 124
00031188 0054 124 124
00031188 0055 124 124
00031188 0056 124 124
00031188 0057 124 124
00031188 0058 124 124
00031188 0059 124 124
00031188 0060 124 124
00031188 0061 124 124
00031188 0062 124 124
00031188 0063 124 124
00031188 0064 124 124
00031188 0065 124 124
00031188 0066 124 124
00031188 0067 124 124
00031188 0068 124 124
00031188 0069 124 124
00031188 0070 124 124
00031188 0071 124 124
00031188 0072 124 124
00031188 0073 124 124
00031188 0074 124 124
00031188 0075 124 124
00031188 0076 124 124
00031188 0077 124 124
00031188 0078 124 124
00031188 0079 124 124
00031188 0080 124 124
00031188 0081 124 124
00031188 0082 124 124
00031188 0083 124 124
00031188 0084 124 124
00031188 0085 124 124
00031188 0086 124 124
00031188 0087 124 124
00031188 0088 124 124
00031188 0089 124 124
00031188 0090 124 124
00031188 0091 124 124
00031188 0092 124 124
00031188 0093 124 124
00031188 0094 124 124
00031188 0095 124 124
00031188 0096 124 124
00031188 0097 124 124
00031188 0098 124 124
00031188 0099 124 124
00031188 0100 124 124
00031188 0101 124 124
00031188 0102 124 124
00031188 0103 124 124
00031188 0104 124 124
00031188 0105 124 124
00031189 0000 124 124
00031189 0001 124 124
00031189 0002 124 124
00031189 0003 124 124
00031189 0004 124 124
00031189 0005 124 124
00031189 0006 124 124
00031189 0007 124 124
00031189 0008 124 124
00031189 0009 124 124
00031189 0010 124 124
00031189 0011 124 124
00031189 0012 124 124
00031189 0013 124 124
00031189 0014 124 124
00031189 0015 124 124
00031189 0016 124 124
00031189 0017 124 124
00031189 0018 124 124
00031189 0019 124 124
00031189 0020 124 124
00031189 0021 124 124
00031189 0022 124 124
00031189 0023 124 124
00031189 0024 124 124
00031189 0025 124 124
00031189 0026 124 124
00031189 0027 124 124
00031189 0028 124 124
00031189 0029 124 124
00031189 0030 124 124
00031189 0031 124 124
00031189 0032 124 124
00031189 0033 124 124
00031189 0034 124 124
00031189 0035 124 124
00031189 0036 124 124
00031189 0037 124 124
00031189 0038 124 124
00031189 0039 124 124
00031189 0040 124 124
00031189 0041 124 124
00031189 0042 124 124
00031189 0043 124 124
00031189 0044 124 124
00031189 0045 124 124
00031189 0046 124 124
00031189 0047 124 124
00031189 0048 124 124
00031189 0049 124 124
00031189 0050 124 124
00031189 0051 124 124
00031189 0052 124 124
00031189 0053 124 124
00031189 0054 124 124
00031189 0055 124 124
00031189 0056 124 124
00031189 0057 124 124
00031189 0058 124 124
00031189 0059 124 124
00031189 0060 124 124
00031189 0061 124 124
00031189 0062 124 124
00031189 0063 124 124
00031189 0064 124 124
00031189 0065 124 124
00031189 0066 124 124
00031189 0067 124 124
00031189 0068 124 124
00031189 0069 124 124
00031189 0070 124 124
00031189 0071 124 124
00031189 0072 124 124
00031189 0073 124 124
00031189 0074 124 124
00031189 0075 124 124
00031189 0076 124 124
00031189 0077 124 124
00031189 0078 124 124
00031189 0079 124 124
00031189 0080 124 124
00031189 0081 124 124
00031189 0082 124 124
00031189 0083 124 124
00031189 0084 124 124
00031189 0085 124 124
00031189 0086 124 124
00031189 0087 124 124
00031192 0000 124 124
00031192 0001 124 124
00031192 0002 124 124
00031192 0003 124 124
00031192 0004 124 124
00031192 0005 124 124
00031192 0006 124 124
00031192 0007 124 124
00031192 0008 124 124
00031192 0009 124 124
00031192 0010 124 124
00031192 0011 124 124
00031192 0012 124 124
00031192 0013 124 124
00031192 0014 124 124
00031192 0015 124 124
00031192 0016 124 124
00031192 0017 124 124
00031192 0018 124 124
00031192 0019 124 124
00031192 0020 124 124
00031192 0021 124 124
00031192 0022 124 124
00031192 0023 124 124
00031192 0024 124 124
00031192 0025 124 124
00031192 0026 124 124
00031192 0027 124 124
00031192 0028 124 124
00031192 0029 124 124
00031192 0030 124 124
00031192 0031 124 124
00031192 0032 124 124
00031619 0001 125 125
00031619 0002 125 125
00031619 0003 125 125
00031619 0004 125 125
00031619 0005 125 125
00031619 0006 125 125
00031619 0007 125 125
00031619 0008 125 125
00031619 0009 125 125
00031619 0010 125 125
00031619 0011 125 125
00031619 0012 125 125
00031619 0013 125 125
00031619 0014 125 125
00031619 0015 125 125
00031619 0016 125 125
00031619 0017 125 125
00031619 0018 125 125
00031619 0019 125 125
00031619 0020 125 125
00031619 0021 125 125
00031619 0022 125 125
00031619 0023 125 125
00031619 0024 125 125
00031619 0025 125 125
00031619 0026 125 125
00031619 0027 125 125
00031619 0028 125 125
00031619 0029 125 125
00031619 0030 125 125
00031619 0031 125 125
00031619 0032 125 125
00031619 0033 125 125
00031619 0034 125 125
00031619 0035 125 125
00031619 0036 125 125
00031619 0037 125 125
00031619 0038 125 125
00031619 0039 125 125
00031619 0040 125 125
00031619 0041 125 125
00031619 0042 125 125
00031619 0043 125 125
00031619 0044 125 125
00031619 0045 125 125
00031619 0046 125 125
00031619 0047 125 125
00031619 0048 125 125
00031619 0049 125 125
00031619 0050 125 125
00031619 0051 125 125
00031619 0052 125 125
00031619 0053 125 125
00031619 0054 125 125
00031619 0055 125 125
00031619 0056 125 125
00031619 0057 125 125
00031619 0058 125 125
00031619 0059 125 125
00031619 0060 125 125
00031619 0061 125 125
00031619 0062 125 125
00031619 0063 125 125
00031619 0064 125 125
00031619 0065 125 125
00031619 0066 125 125
00031619 0067 125 125
00031619 0068 125 125
00031619 0069 125 125
00031619 0070 125 125
00031619 0071 125 125
00031619 0072 125 125
00031619 0073 125 125
00031619 0074 125 125
00031619 0075 125 125
00031619 0076 125 125
00031619 0077 125 125
00031619 0078 125 125
00031619 0079 125 125
00031619 0080 125 125
00031619 0081 125 125
00031619 0082 125 125
00031619 0083 125 125
00031619 0084 125 125
00031619 0085 125 125
00031619 0086 125 125
00031619 0087 125 125
00031619 0088 125 125
00031619 0089 125 125
00031619 0090 125 125
00031619 0091 125 125
00031619 0092 125 125
00031619 0093 125 125
00031619 0094 125 125
00031619 0095 125 125
00031619 0096 125 125
00031619 0097 125 125
00031620 0000 125 125
00031620 0001 125 125
00031620 0002 125 125
00031620 0003 125 125
00031620 0004 125 125
00031620 0005 125 125
00031620 0006 125 125
00031620 0007 125 125
00031620 0008 125 125
00031620 0009 125 125
00031620 0010 125 125
00031620 0011 125 125
00031620 0012 125 125
00031620 0013 125 125
00031620 0014 125 125
00031620 0015 125 125
00031620 0016 125 125
00031620 0017 125 125
00031620 0018 125 125
00031620 0019 125 125
00031620 0020 125 125
00031620 0021 125 125
00031620 0022 125 125
00031620 0023 125 125
00031620 0024 125 125
00031620 0025 125 125
00031620 0026 125 125
00031620 0027 125 125
00031620 0028 125 125
00031620 0029 125 125
00031620 0030 125 125
00031620 0031 125 125
00031620 0032 125 125
00031620 0033 125 125
00031620 0034 125 125
00031620 0035 125 125
00031620 0036 125 125
00031620 0037 125 125
00031620 0038 125 125
00031620 0039 125 125
00031620 0040 125 125
00031620 0041 125 125
00031620 0042 125 125
00031620 0043 125 125
00031620 0044 125 125
00031620 0045 125 125
00031620 0046 125 125
00031620 0047 125 125
00031620 0048 125 125
00031620 0049 125 125
00031620 0050 125 125
00031620 0051 125 125
00031620 0052 125 125
00031620 0053 125 125
00031620 0054 125 125
00031620 0055 125 125
00031620 0056 125 125
00031620 0057 125 125
00031620 0058 125 125
00031620 0059 125 125
00031620 0060 125 125
00031620 0061 125 125
00031620 0062 125 125
00031620 0063 125 125
00031620 0064 125 125
00031620 0065 125 125
00031620 0066 125 125
00031620 0067 125 125
00031620 0068 125 125
00031620 0069 125 125
00031620 0070 125 125
00031620 0071 125 125
00031620 0072 125 125
00031620 0073 125 125
00031620 0074 125 125
00031620 0075 125 125
00031621 0000 125 125
00031621 0001 125 125
00031621 0002 125 125
00031621 0003 125 125
00031621 0004 125 125
00031621 0005 125 125
00031621 0006 125 125
00031621 0007 125 125
00031621 0008 125 125
00031621 0009 125 125
00031621 0010 125 125
00031621 0011 125 125
00031621 0012 125 125
00031621 0013 125 125
00031621 0014 125 125
00031621 0015 125 125
00031621 0016 125 125
00031621 0017 125 125
00031621 0018 125 125
00031621 0019 125 125
00031621 0020 125 125
00031621 0021 125 125
00031621 0022 125 125
00031621 0023 125 125
00031621 0024 125 125
00031621 0025 125 125
00031621 0026 125 125
00031621 0027 125 125
00031621 0028 125 125
00031621 0029 125 125
00031621 0030 125 125
00031621 0031 125 125
00031621 0032 125 125
00031621 0033 125 125
00031621 0034 125 125
00031621 0035 125 125
00031621 0036 125 125
00031621 0037 125 125
00031621 0038 125 125
00031621 0039 125 125
00031621 0040 125 125
00031621 0041 125 125
00031621 0042 125 125
00031621 0043 125 125
00031621 0044 125 125
00031621 0045 125 125
00031621 0046 125 125
00031621 0047 125 125
00031621 0048 125 125
00031621 0049 125 125
00032046 0000 128 128
00032046 0001 128 128
00032046 0002 128 128
00032046 0003 128 128
00032046 0004 128 128
00032046 0005 128 128
00032046 0006 128 128
00032046 0007 128 128
00032046 0008 128 128
00032046 0009 128 128
00032046 0010 128 128
00032046 0011 128 128
00032046 0012 128 128
00032046 0013 128 128
00032046 0014 128 128
00032046 0015 128 128
00032046 0016 128 128
00032046 0017 128 128
00032046 0018 128 128
00032046 0019 128 128
00032046 0020 128 128
00032046 0021 128 128
00032046 0022 128 128
00032046 0023 128 128
00032046 0024 128 128
00032046 0025 128 128
00032046 0026 128 128
00032046 0027 128 128
00032046 0028 128 128
00032046 0029 128 128
00032046 0030 128 128
00032046 0031 128 128
00032046 0032 128 128
00032046 0033 128 128
00032046 0034 128 128
00032046 0035 128 128
00032046 0036 128 128
00032046 0037 128 128
00032046 0038 128 128
00032046 0039 128 128
00032046 0040 128 128
00032046 0041 128 128
00032046 0042 128 128
00032046 0043 128 128
00032046 0044 128 128
00032046 0045 128 128
00032046 0046 128 128
00032046 0047 128 128
00032046 0048 128 128
00032046 0049 128 128
00032046 0050 128 128
00032046 0051 128 128
00032046 0052 128 128
00032046 0053 128 128
00032046 0054 128 128
00032046 0055 128 128
00032046 0056 128 128
00032046 0057 128 128
00032056 0028 132 132
00032056 0029 132 132
00032056 0030 132 132
00032056 0031 132 132
00032056 0032 132 132
00032056 0033 132 132
00032057 0000 132 132
00032057 0001 132 132
00032057 0002 132 132
00032057 0003 132 132
00032057 0004 132 132
00032057 0005 132 132
00032057 0006 132 132
00032057 0007 132 132
00032057 0008 132 132
00032057 0009 132 132
00032057 0010 132 132
00032057 0011 132 132
00032057 0012 132 132
00032057 0013 132 132
00032057 0014 132 132
00032057 0015 132 132
00032057 0016 132 132
00032057 0017 132 132
00032057 0018 132 132
00032057 0019 132 132
00032057 0020 132 132
00032057 0021 132 132
00032057 0022 132 132
00032057 0023 132 132
00032057 0024 132 132
00032057 0025 132 132
00032066 0000 133 133
00032066 0001 133 133
00032066 0002 133 133
00032070 0000 133 133
00032070 0001 133 133
00032070 0002 133 133
00032070 0003 133 134
00032070 0004 134 134
00032070 0005 134 134
00032070 0006 134 134
00032070 0007 134 134
00032070 0008 134 134
00032070 0009 134 134
00032070 0010 134 134
00032070 0011 134 134
00032070 0012 134 134
00032070 0013 134 134
00032070 0014 134 134
00032070 0015 134 134
00032070 0016 134 134
00032070 0017 134 134
00032070 0018 134 134
00032070 0019 134 134
00032070 0020 134 134
00032070 0021 134 134
00032070 0022 134 134
00032070 0023 134 134
00032071 0000 134 134
00032071 0001 134 134
00032071 0002 134 134
00032071 0003 134 134
00032071 0004 134 134
00032071 0005 134 134
00032071 0006 134 134
00032071 0007 134 134
00032071 0008 134 134
00032071 0009 134 134
00032071 0010 134 134
00032071 0011 134 134
00032071 0012 134 134
00032071 0013 134 134
00032071 0014 134 134
00032071 0015 134 134
00032071 0016 134 134
00032071 0017 134 134
00032071 0018 134 134
00032071 0019 134 134
00032071 0020 134 134
00032071 0021 134 134
00032071 0022 134 134
00032071 0023 134 134
00032071 0024 134 134
00032071 0025 134 134
00032071 0026 134 134
00032071 0027 134 134
00032071 0028 134 134
00032071 0029 134 134
00032071 0030 134 134
00032071 0031 134 134
00032071 0032 134 134
00032071 0033 134 134
00032071 0034 134 134
00032071 0035 134 134
00032071 0036 134 134
00032071 0037 134 134
00032071 0038 134 134
00032071 0039 134 134
00032071 0040 134 134
00032071 0041 134 134
00032071 0042 134 134
00032071 0043 134 134
00032071 0044 134 134
00032071 0045 134 134
00032071 0046 134 134
00032071 0047 134 134
00032071 0048 134 134
00032071 0049 134 134
00032071 0050 134 134
00032071 0051 134 134
00032071 0052 134 134
00032071 0053 134 134
00032071 0054 134 134
00032071 0055 134 134
00032071 0056 134 134
00032071 0057 134 134
00032071 0058 134 134
00032071 0059 134 134
00032071 0060 134 134
00032072 0000 134 134
00032072 0001 134 134
00032072 0002 134 134
00032072 0003 134 134
00032072 0004 134 134
00032072 0005 134 134
00032072 0006 134 134
00032072 0007 134 134
00032072 0008 134 134
00032072 0009 134 134
00032072 0010 134 134
00032072 0011 134 134
00032072 0012 134 134
00032072 0013 134 134
00032072 0014 134 134
00032072 0015 134 134
00032072 0016 134 134
00032072 0017 134 134
00032072 0018 134 134
00032072 0019 134 134
00032072 0020 134 134
00032072 0021 134 134
00032072 0022 134 134
00032072 0023 134 134
00032072 0024 134 134
00032072 0025 134 134
00032072 0026 134 134
00032072 0027 134 134
00032072 0028 134 134
00032072 0029 134 134
00032072 0030 134 134
00032072 0031 134 134
00032072 0032 134 134
00032072 0033 134 134
00032072 0034 134 134
00032072 0035 134 134
00032072 0036 134 134
00032072 0037 134 134
00032072 0038 134 134
00032072 0039 134 134
00032072 0040 134 134
00032072 0041 134 134
00032072 0042 134 134
00032072 0043 134 134
00032072 0044 134 134
00032072 0045 134 134
00032072 0046 134 134
00032072 0047 134 134
00032072 0048 134 134
00032072 0049 134 134
00032072 0050 134 134
00032072 0051 134 134
00032072 0052 134 134
00032072 0053 134 134
00032082 0000 135 135
00032082 0001 135 135
00032082 0002 135 135
00032082 0003 135 135
00032082 0004 135 135
00032082 0005 135 135
00032082 0006 135 135
00032082 0007 135 135
00032082 0008 135 135
00032082 0009 135 135
00032082 0010 135 135
00032082 0011 135 135
00032082 0012 135 135
00032082 0013 135 135
00032082 0014 135 135
00032083 0000 135 135
00032083 0001 135 135
00032083 0002 135 135
00032083 0003 135 135
00032083 0004 135 135
00032083 0005 135 135
00032083 0006 135 135
00032083 0007 135 135
00032083 0008 135 135
00032083 0009 135 135
00032083 0010 135 135
00032083 0011 135 135
00032083 0012 135 135
00032084 0000 135 135
00032084 0001 135 135
00032084 0002 135 135
00032084 0003 135 135
00032084 0004 135 135
00032084 0005 135 135
00032084 0006 135 135
00032084 0007 135 135
00032084 0008 135 135
00032084 0009 135 135
00032084 0010 135 135
00032084 0011 135 135
00032084 0012 135 135
00032084 0013 135 135
00032084 0014 135 135
00032084 0015 135 135
00032084 0016 135 135
00032084 0017 135 135
00032084 0018 135 135
00032084 0019 135 135
00032084 0020 135 135
00032084 0021 135 135
00032084 0022 135 135
00032084 0023 135 135
00032084 0024 135 135
00032084 0025 135 135
00032084 0026 135 135
00032084 0027 135 135
00032084 0028 135 135
00032084 0029 135 135
00032084 0030 135 135
00032084 0031 135 135
00032084 0032 135 135
00032084 0033 135 135
00032084 0034 135 135
00032084 0035 135 135
00032084 0036 135 135
00032084 0037 135 135
00032084 0038 135 135
00032084 0039 135 135
00032084 0040 135 135
00032084 0041 135 135
00032084 0042 135 135
00032084 0043 135 135
00032084 0044 135 135
00032084 0045 135 135
00032084 0046 135 135
00032084 0047 135 135
00032084 0048 135 135
00032084 0049 135 135
00032084 0050 135 135
00032084 0051 135 135
00032084 0052 135 135
00032084 0053 135 135
00032084 0054 135 135
00032084 0055 135 135
00032084 0056 135 135
00032084 0057 135 135
00032084 0058 135 135
00032084 0059 135 135
00032084 0060 135 135
00032084 0061 135 135
00032084 0062 135 135
00032084 0063 135 135
00032084 0064 135 135
00032084 0065 135 135
00032084 0066 135 135
00032084 0067 135 135
00032084 0068 135 135
00032084 0069 135 135
00032084 0070 135 135
00032084 0071 135 135
00032084 0072 135 135
00032084 0073 135 135
00032084 0074 135 135
00032084 0075 135 135
00032084 0076 135 135
00032084 0077 135 135
00032084 0078 135 135
00032084 0079 135 135
00032084 0080 135 135
00032084 0081 135 135
00032084 0082 135 135
00032084 0083 135 135
00032084 0084 135 135
00032084 0085 135 135
00032084 0086 135 135
00032084 0087 135 135
00032084 0088 135 135
00032084 0089 135 135
00032084 0090 135 135
00032084 0091 135 135
00032084 0092 135 135
00032084 0093 135 135
00032084 0094 135 135
00032084 0095 135 135
00032084 0096 135 135
00032084 0097 135 135
00032084 0098 135 135
00032084 0099 135 135
00032084 0100 135 135
00032084 0101 135 135
00032084 0102 135 135
00032084 0103 135 135
00032084 0104 135 135
00032084 0105 135 135
00032084 0106 135 135
00032084 0107 135 135
00032084 0108 135 135
00032084 0109 135 135
00032084 0110 135 135
00032084 0111 135 135
00032084 0112 135 135
00032084 0113 135 135
00032084 0114 135 135
00032084 0115 135 135
00032084 0116 135 135
00032084 0117 135 135
00032084 0118 135 135
00032084 0119 135 135
00032084 0120 135 135
00032084 0121 135 135
00032084 0122 135 135
00032084 0123 135 135
00032084 0124 135 135
00032084 0125 135 135
00032084 0126 135 135
00032084 0127 135 135
00032084 0128 135 135
00032084 0129 135 135
00032084 0130 135 135
00032084 0131 135 135
00032084 0132 135 135
00032084 0133 135 135
00032084 0134 135 135
00032084 0135 135 135
00032084 0136 135 135
00032084 0137 135 135
00032084 0138 135 135
00032084 0139 135 135
00032085 0000 135 135
00032085 0001 135 135
00032085 0002 135 135
00032085 0003 135 135
00032085 0004 135 135
00032085 0005 135 135
00032085 0006 135 135
00032085 0007 135 135
00032085 0008 135 135
00032085 0009 135 135
00032085 0010 135 135
00032085 0011 135 135
00032085 0012 135 135
00032085 0013 135 135
00032085 0014 135 135
00032085 0015 135 135
00032085 0016 135 135
00032085 0017 135 135
00032085 0018 135 135
00032085 0019 135 135
00032085 0020 135 135
00032085 0021 135 135
00032085 0022 135 135
00032085 0023 135 135
00032085 0024 135 135
00032085 0025 135 135
00032085 0026 135 135
00032085 0027 135 135
00032085 0028 135 135
00032085 0029 135 135
00032085 0030 135 135
00032085 0031 135 135
00032085 0032 135 135
00032085 0033 135 135
00032085 0034 135 135
00032085 0035 135 135
00032085 0036 135 135
00032085 0037 135 135
00032085 0038 135 135
00032085 0039 135 135
00032085 0040 135 135
00032085 0041 135 135
00032085 0042 135 135
00032085 0043 135 135
00032085 0044 135 135
00032085 0045 135 135
00032085 0046 135 135
00032085 0047 135 135
00032085 0048 135 135
00032085 0049 135 135
00032085 0050 135 135
00032085 0051 135 135
00032085 0052 135 135
00032085 0053 135 135
00032085 0054 135 135
00032085 0055 135 135
00032085 0056 135 135
00032085 0057 135 135
00032085 0058 135 135
00032085 0059 135 135
00032085 0060 135 135
00032085 0061 135 135
00032085 0062 135 135
00032085 0063 135 135
00032085 0064 135 135
00032085 0065 135 135
00032085 0066 135 135
00032085 0067 135 135
00032085 0068 135 135
00032085 0069 135 135
00032085 0070 135 135
00032085 0071 135 135
00032085 0072 135 135
00032085 0073 135 135
00032085 0074 135 135
00032085 0075 135 135
00032085 0076 135 135
00032085 0077 135 135
00032085 0078 135 135
00032085 0079 135 135
00032085 0080 135 135
00032085 0081 135 135
00032085 0082 135 135
00032085 0083 135 135
00032085 0084 135 135
00032085 0085 135 135
00032085 0086 135 135
00032085 0087 135 135
00032085 0088 135 135
00032085 0089 135 135
00032085 0090 135 135
00032085 0091 135 135
00032085 0092 135 135
00032085 0093 135 135
00032085 0094 135 135
00032090 0000 136 136
00032090 0001 136 136
00032090 0002 136 136
00032090 0003 136 136
00032090 0004 136 136
00032090 0005 136 136
00032090 0006 136 136
00032090 0007 136 136
00032090 0008 136 136
00032090 0009 136 136
00032090 0010 136 136
00032090 0011 136 136
00032090 0012 136 136
00032090 0013 136 136
00032090 0014 136 136
00032090 0015 136 136
00032090 0016 136 136
00032090 0017 136 136
00032090 0018 136 136
00032090 0019 136 136
00032090 0020 136 136
00032090 0021 136 136
00032090 0022 136 136
00032090 0023 136 136
00032090 0024 136 136
00032090 0025 136 136
00032090 0026 136 136
00032090 0027 136 136
00032090 0028 136 136
00032090 0029 136 136
00032090 0030 136 136
00032090 0031 136 136
00032090 0032 136 136
00032090 0033 136 136
00032090 0034 136 136
00032090 0035 136 136
00032090 0036 136 136
00032090 0037 136 136
00032090 0038 136 136
00032090 0039 136 136
00032090 0040 136 136
00032090 0041 136 136
00032090 0042 136 136
00032090 0043 136 136
00032090 0044 136 136
00032090 0045 136 136
00032090 0046 136 136
00032090 0047 136 136
00032090 0048 136 136
00032090 0049 136 136
00032090 0050 136 136
00032090 0051 136 136
00032090 0052 136 136
00032090 0053 136 136
00032090 0054 136 136
00032090 0055 136 136
00032090 0056 136 136
00032090 0057 136 136
00032090 0058 136 136
00032090 0059 136 136
00032090 0060 136 136
00032090 0061 136 136
00032090 0062 136 136
00032090 0063 136 136
00032090 0064 136 136
00032090 0065 136 136
00032090 0066 136 136
00032090 0067 136 136
00032090 0068 136 136
00032090 0069 136 136
00032090 0070 136 136
00032090 0071 136 136
00032090 0072 136 136
00032090 0073 136 136
00032090 0074 136 136
00032090 0075 136 136
00032090 0076 136 136
00032090 0077 136 136
00032090 0078 136 136
00032090 0079 136 136
00032090 0080 136 136
00032090 0081 136 136
00032090 0082 136 136
00032090 0083 136 136
00032090 0084 136 136
00032090 0085 136 136
00032090 0086 136 136
00032090 0087 136 136
00032090 0088 136 136
00032090 0089 136 136
00032090 0090 136 136
00032090 0091 136 136
00032090 0092 136 136
00032090 0093 136 136
00032090 0094 136 136
00032090 0095 136 136
00032090 0096 136 136
00032090 0097 136 136
00032090 0098 136 136
00032090 0099 136 136
00032090 0100 136 136
00032090 0101 136 136
00032090 0102 136 136
00032090 0103 136 136
00032090 0104 136 136
00032090 0105 136 136
00032090 0106 136 136
00032090 0107 136 136
00032090 0108 136 136
00032090 0109 136 136
00032090 0110 136 136
00032090 0111 136 136
00032090 0112 136 136
00032090 0113 136 136
00032090 0114 136 136
00032090 0115 136 136
00032090 0116 136 136
00032090 0117 136 136
00032090 0118 136 136
00032090 0119 136 136
00032090 0120 136 136
00032090 0121 136 136
00032090 0122 136 136
00032090 0123 136 136
00032090 0124 136 136
00032090 0125 136 136
00032090 0126 136 136
00032090 0127 136 136
00032090 0128 136 136
00032090 0129 136 136
00032090 0130 136 136
00032090 0131 136 136
00032090 0132 136 136
00032090 0133 136 136
00032090 0134 136 136
00032090 0135 136 136
00032090 0136 136 136
00032090 0137 136 136
00032090 0138 136 136
00032090 0139 136 136
00032090 0140 136 136
00032090 0141 136 136
00032090 0142 136 136
00032090 0143 136 136
00032090 0144 136 136
00032090 0145 136 136
00032090 0146 136 136
00032090 0147 136 136
00032090 0148 136 136
00032095 0000 137 137
00032095 0001 137 137
00032095 0002 137 137
00032095 0003 137 137
00032095 0004 137 137
00032095 0005 137 137
00032095 0006 137 137
00032095 0007 137 137
00032095 0008 137 137
00032095 0009 137 137
00032095 0010 137 137
00032095 0011 137 137
00032095 0012 137 137
00032095 0013 137 137
00032095 0014 137 137
00032095 0015 137 137
00032095 0016 137 137
00032095 0017 137 137
00032095 0018 137 137
00032095 0019 137 137
00032095 0020 137 137
00032095 0021 137 137
00032095 0022 137 137
00032095 0023 137 137
00032095 0024 137 137
00032095 0025 137 137
00032095 0026 137 137
00032095 0027 137 137
00032095 0028 137 137
00032095 0029 137 137
00032095 0030 137 137
00032095 0031 137 137
00032095 0032 137 137
00032095 0033 137 137
00032095 0034 137 137
00032095 0035 137 137
00032095 0036 137 137
00032095 0037 137 137
00032095 0038 137 137
00032095 0039 137 137
00032095 0040 137 137
00032095 0041 137 137
00032095 0042 137 137
00032095 0043 137 137
00032095 0044 137 137
00032095 0045 137 137
00032095 0046 137 137
00032095 0047 137 137
00032095 0048 137 137
00032095 0049 137 137
00032095 0050 137 137
00032095 0051 137 137
00032095 0052 137 137
00032095 0053 137 137
00032095 0054 137 137
00032095 0055 137 137
00032095 0056 137 137
00032095 0057 137 137
00032095 0058 137 137
00032095 0059 137 137
00032095 0060 137 137
00032095 0061 137 137
00032095 0062 137 137
00032095 0063 137 137
00032095 0064 137 137
00032095 0065 137 137
00032095 0066 137 137
00032095 0067 137 137
00032095 0068 137 137
00032095 0069 137 137
00032095 0070 137 137
00032095 0071 137 137
00032095 0072 137 137
00032095 0073 137 137
00032095 0074 137 137
00032095 0075 137 137
00032095 0076 137 137
00032095 0077 137 137
00032095 0078 137 137
00032095 0079 137 137
00032095 0080 137 137
00032095 0081 137 137
00032095 0082 137 137
00032095 0083 137 137
00032095 0084 137 137
00032095 0085 137 137
00032095 0086 137 137
00032095 0087 137 137
00032095 0088 137 137
00032095 0089 137 137
00032095 0090 137 137
00032095 0091 137 137
00032095 0092 137 137
00032095 0093 137 137
00032103 0000 138 138
00032103 0001 138 138
00032103 0002 138 138
00032103 0003 138 138
00032103 0004 138 138
00032103 0005 138 138
00032103 0006 138 138
00032103 0007 138 138
00032103 0008 138 138
00032103 0009 138 138
00032103 0010 138 138
00032103 0011 138 138
00032103 0012 138 138
00032103 0013 138 138
00032103 0014 138 138
00032103 0015 138 138
00032103 0016 138 138
00032103 0017 138 138
00032103 0018 138 138
00032103 0019 138 138
00032103 0020 138 138
00032103 0021 138 138
00032103 0022 138 138
00032103 0023 138 138
00032103 0024 138 138
00032103 0025 138 138
00032103 0026 138 138
00032103 0027 138 138
00032103 0028 138 138
00032103 0029 138 138
00032103 0030 138 138
00032103 0031 138 138
00032103 0032 138 138
00032103 0033 138 138
00032103 0034 138 138
00032103 0035 138 138
00032103 0036 138 138
00032103 0037 138 138
00032103 0038 138 138
00032103 0039 138 138
00032103 0040 138 138
00032103 0041 138 138
00032103 0042 138 138
00032103 0043 138 138
00032103 0044 138 138
00032103 0045 138 138
00032103 0046 138 138
00032103 0047 138 138
00032103 0048 138 138
00032103 0049 138 138
00032103 0050 138 138
00032103 0051 138 138
00032103 0052 138 138
00032103 0053 138 138
00032103 0054 138 138
00032103 0055 138 138
00032103 0056 138 138
00032103 0057 138 138
00032103 0058 138 138
00032103 0059 138 138
00032103 0060 138 138
00032103 0061 138 138
00032103 0062 138 138
00032103 0063 138 138
00032103 0064 138 138
00032103 0065 138 138
00032103 0066 138 138
00032103 0067 138 138
00032103 0068 138 138
00032103 0069 138 138
00032103 0070 138 138
00032103 0071 138 138
00032103 0072 138 138
00032103 0073 138 138
00032103 0074 138 138
00032103 0075 138 138
00032103 0076 138 138
00032103 0077 138 138
00032103 0078 138 138
00032103 0079 138 138
00032103 0080 138 138
00032103 0081 138 138
00032103 0082 138 138
00032103 0083 138 138
00032103 0084 138 138
00032103 0085 138 138
00032103 0086 138 138
00032103 0087 138 138
00032103 0088 138 138
00032104 0000 138 138
00032104 0001 138 138
00032104 0002 138 138
00032104 0003 138 138
00032104 0004 138 138
00032104 0005 138 138
00032104 0006 138 138
00032104 0007 138 138
00032104 0008 138 138
00032104 0009 138 139
00032104 0010 139 139
00032104 0011 139 139
00032104 0012 139 139
00032118 0000 139 139
00032118 0001 139 139
00032118 0002 139 139
00032118 0003 139 139
00032118 0004 139 139
00032118 0005 139 139
00032118 0006 139 139
00032118 0007 139 139
00032118 0008 139 139
00032118 0009 139 139
00032118 0010 139 139
00032118 0011 139 139
00032118 0012 139 139
00032118 0013 139 139
00032118 0014 139 139
00032118 0015 139 139
00032118 0016 139 139
00032118 0017 139 139
00032118 0018 139 139
00032118 0019 139 139
00032118 0020 139 139
00032118 0021 139 139
00032118 0022 139 139
00032118 0023 139 139
00032118 0024 139 139
00032118 0025 139 139
00032118 0026 139 139
00032118 0027 139 139
00032118 0028 139 139
00032118 0029 139 139
00032118 0030 139 139
00032118 0031 139 139
00032118 0032 139 139
00032118 0033 139 139
00032118 0034 139 139
00032118 0035 139 139
00032118 0036 139 139
00032118 0037 139 139
00032118 0038 139 139
00032118 0039 139 139
00032118 0040 139 139
00032118 0041 139 139
00032118 0042 139 139
00032119 0000 139 139
00032119 0001 139 139
00032119 0002 139 139
00032119 0003 139 139
00032119 0004 139 139
00032119 0005 139 139
00032119 0006 139 139
00032119 0007 139 139
00032119 0008 139 139
00032119 0009 139 139
00032119 0010 139 139
00032119 0011 139 139
00032119 0012 139 139
00032119 0013 139 139
00032119 0014 140 140
00032119 0015 140 140
00032119 0016 140 140
00032119 0017 140 140
00032119 0018 140 140
00032119 0019 140 140
00032119 0020 140 140
00032119 0021 140 140
00032119 0022 140 140
00032119 0023 140 140
00032119 0024 140 140
00032119 0025 140 140
00032119 0026 140 140
00032119 0027 140 140
00032119 0028 140 140
00032119 0029 140 140
00032119 0030 140 140
00032119 0031 140 140
00032119 0032 140 140
00032119 0033 140 140
00032119 0034 140 140
00032119 0035 140 140
00032119 0036 140 140
00032119 0037 140 140
00032119 0038 140 140
00032119 0039 140 140
00032119 0040 140 140
00032119 0041 140 140
00032119 0042 140 140
00032119 0043 140 140
00032119 0044 140 140
00032119 0045 140 140
00032119 0046 140 140
00032119 0047 140 140
00032119 0048 140 140
00032119 0049 140 140
00032119 0050 140 140
00032119 0051 140 140
00032119 0052 140 140
00032119 0053 140 140
00032119 0054 140 140
00032119 0055 140 140
00032119 0056 140 140
00032119 0057 140 140
00032119 0058 140 140
00032119 0059 140 140
00032119 0060 140 140
00032119 0061 140 140
00032119 0062 140 140
00032119 0063 140 140
00032119 0064 140 140
00032119 0065 140 140
00032119 0066 140 140
00032119 0067 140 140
00032119 0068 140 140
00032119 0069 140 140
00032119 0070 140 140
00032119 0071 140 140
00032119 0072 140 140
00032119 0073 140 140
00032119 0074 140 140
00032119 0075 140 140
00032119 0076 140 140
00032119 0077 140 140
00032119 0078 140 140
00032119 0079 140 140
00032119 0080 140 140
00032127 0000 140 140
00032127 0001 140 140
00032127 0004 140 140
00032127 0005 140 140
00032127 0006 140 140
00032127 0007 140 140
00032127 0008 140 140
00032127 0009 140 140
00032127 0010 140 140
00032128 0000 140 140
00032128 0001 140 140
00032128 0002 140 140
00032128 0003 140 140
00032128 0004 140 140
00032128 0005 140 140
00032128 0006 140 140
00032128 0007 140 140
00032128 0008 140 140
00032128 0009 140 140
00032128 0010 140 140
00032128 0011 140 140
00032128 0012 140 140
00032128 0013 140 140
00032128 0014 140 140
00032128 0015 140 140
00032128 0016 140 140
00032128 0017 140 140
00032128 0018 140 140
00032128 0019 140 140
00032128 0020 140 140
00032128 0021 140 140
00032128 0022 140 140
00032128 0023 140 140
00032128 0024 140 140
00032128 0025 140 140
00032128 0026 140 140
00032128 0027 140 140
00032128 0028 140 140
00032128 0029 140 140
00032128 0030 140 140
00032128 0031 140 140
00032128 0032 140 140
00032128 0033 140 140
00032128 0034 140 140
00032128 0035 140 140
00032128 0036 140 140
00032128 0037 140 140
00032128 0038 140 140
00032128 0039 140 140
00032128 0040 140 140
00032128 0041 140 140
00032128 0042 140 140
00032128 0043 140 140
00032128 0044 140 140
00032128 0045 140 140
00032128 0046 140 140
00032128 0047 140 140
00032128 0048 140 140
00032128 0049 140 140
00032128 0050 140 140
00032128 0051 140 140
00032128 0052 140 140
00032128 0053 140 140
00032128 0054 140 140
00032128 0055 140 140
00032128 0056 140 140
00032128 0057 140 140
00032128 0058 140 140
00032128 0059 140 140
00032128 0060 140 140
00032128 0061 140 140
00032128 0062 140 140
00032128 0063 140 140
00032128 0064 140 140
00032128 0065 140 140
00032128 0066 140 140
00032128 0067 140 140
00032128 0068 140 140
00032128 0069 140 140
00032128 0070 140 140
00032128 0071 140 140
00032128 0072 140 140
00032128 0073 140 140
00032128 0074 140 140
00032128 0075 140 140
00032128 0076 140 140
00032128 0077 140 140
00032128 0078 140 140
00032128 0079 140 140
00032128 0080 140 140
00032128 0081 140 140
00032128 0082 140 140
00032128 0083 140 140
00032128 0084 140 140
00032128 0085 140 140
00032128 0086 140 140
00032128 0087 140 140
00032128 0088 140 140
00032128 0089 140 140
00032128 0090 140 140
00032128 0091 140 140
00032128 0092 140 140
00032128 0093 140 140
00032128 0094 140 140
00032128 0095 140 140
00032128 0096 140 140
00032128 0097 140 140
00032128 0098 140 140
00032128 0099 140 140
00032128 0100 140 140
00032128 0101 140 140
00032128 0102 140 140
00032128 0103 140 140
00032128 0104 140 140
00032128 0105 140 140
00032128 0106 140 140
00032128 0107 140 140
00032128 0108 140 140
00032128 0109 140 140
00032128 0110 140 140
00032128 0111 140 140
00032128 0112 140 140
00032128 0113 140 140
00032128 0114 140 140
00032128 0115 140 140
00032128 0116 140 140
00032128 0117 140 140
00032128 0118 140 140
00032128 0119 140 140
00032128 0120 140 140
00032128 0121 140 140
00032128 0122 140 140
00032128 0123 140 140
00032128 0124 140 140
00032128 0125 140 140
00032128 0126 140 140
00032128 0127 140 140
00032128 0128 140 140
00032128 0129 140 140
00032128 0130 140 140
00032128 0131 140 140
00032128 0132 140 140
00032128 0133 140 140
00032128 0134 140 140
00032128 0135 140 140
00032128 0136 140 140
00032128 0137 140 140
00032128 0138 140 140
00032128 0139 140 140
00032128 0140 140 140
00032128 0141 140 140
00032128 0142 140 140
00032128 0143 140 140
00032128 0144 140 140
00032128 0145 140 140
00032128 0146 140 140
00032128 0147 140 140
00032128 0148 140 140
00032128 0149 140 140
00032128 0150 140 140
00032128 0151 140 140
00032128 0152 140 140
00032128 0153 140 140
00032128 0154 140 140
00032128 0155 140 140
00032128 0156 140 140
00032128 0157 140 140
00032128 0158 140 140
00032128 0159 140 140
00032128 0160 140 140
00032128 0161 140 140
00032128 0162 140 140
00032128 0163 140 140
00032128 0164 140 140
00032128 0165 140 140
00032128 0166 140 140
00032128 0167 140 140
00032128 0168 140 140
00032128 0169 140 140
00032128 0170 140 140
00032128 0171 140 140
00032128 0172 140 140
00032128 0173 140 140
00032128 0174 140 140
00032128 0175 140 140
00032128 0176 140 140
00032128 0177 140 140
00032128 0178 140 140
00032128 0179 140 140
00032128 0180 140 140
00032128 0181 140 140
00032128 0182 140 140
00032128 0184 140 141
00032131 0000 141 141
00032131 0001 141 141
00032131 0002 141 141
00032131 0003 141 141
00032131 0004 141 141
00032131 0005 141 141
00032131 0006 141 141
00032131 0007 141 141
00032131 0008 141 141
00032131 0009 141 141
00032131 0010 141 141
00032131 0011 141 141
00032131 0012 141 141
00032131 0013 141 141
00032131 0014 141 141
00032131 0015 141 141
00032131 0016 141 141
00032131 0017 141 141
00032131 0018 141 141
00032131 0019 141 141
00032131 0020 141 141
00032131 0021 141 141
00032131 0022 141 141
00032131 0023 141 141
00032131 0024 141 141
00032131 0025 141 141
00032131 0026 141 141
00032131 0027 141 141
00032131 0028 141 141
00032131 0029 141 141
00032131 0030 141 141
00032131 0031 141 141
00032131 0032 141 141
00032131 0033 141 141
00032131 0034 141 141
00032131 0035 141 141
00032131 0036 141 141
00032131 0037 141 141
00032131 0038 141 141
00032131 0039 141 141
00032131 0040 141 141
00032131 0041 141 141
00032131 0042 141 141
00032131 0043 141 141
00032131 0044 141 141
00032131 0045 141 141
00032131 0046 141 141
00032131 0047 141 141
00032131 0048 141 141
00032131 0049 141 141
00032132 0000 141 141
00032132 0001 141 141
00032132 0002 141 141
00032132 0003 141 141
00032132 0004 141 141
00032132 0005 141 141
00032132 0006 141 141
00032132 0007 141 141
00032132 0008 141 141
00032132 0009 141 141
00032132 0010 141 141
00032132 0011 141 141
00032132 0012 141 141
00032132 0013 141 141
00032132 0014 141 141
00032133 0000 141 141
00032133 0001 141 141
00032133 0002 141 141
00032133 0003 141 141
00032133 0004 141 141
00032133 0005 141 141
00032133 0006 141 141
00032133 0007 141 141
00032133 0008 141 141
00032133 0009 141 141
00032133 0010 141 141
00032133 0011 141 141
00032133 0012 141 141
00032133 0013 141 141
00032133 0014 141 141
00032133 0015 141 141
00032133 0016 141 141
00032133 0017 141 141
00032133 0018 141 141
00032133 0019 141 141
00032133 0020 141 141
00032133 0021 141 141
00032133 0022 141 141
00032133 0023 141 141
00032133 0024 141 141
00032133 0025 141 141
00032133 0026 141 141
00032133 0027 141 141
00032133 0028 141 141
00032133 0029 141 141
00032133 0030 141 141
00032133 0031 141 141
00032133 0032 141 141
00032133 0033 141 141
00032133 0034 141 141
00032133 0035 141 141
00032133 0036 141 141
00032133 0037 141 141
00032133 0038 141 141
00032133 0039 141 141
00032133 0040 141 141
00032133 0041 141 141
00032133 0042 141 141
00032133 0043 141 141
00032133 0044 141 141
00032133 0045 141 141
00032133 0046 141 141
00032133 0047 141 141
00032133 0048 141 141
00032133 0049 141 141
00032133 0050 141 141
00032133 0051 141 141
00032133 0052 141 141
00032133 0053 141 141
00032133 0054 141 141
00032133 0055 141 141
00032133 0056 141 141
00032133 0057 141 141
00032133 0058 141 141
00032133 0059 141 141
00032133 0060 141 141
00032133 0061 141 141
00032133 0062 141 141
00032133 0063 141 141
00032133 0064 141 141
00032133 0065 141 141
00032133 0066 141 141
00032133 0067 141 141
00032133 0068 141 141
00032133 0069 141 141
00032133 0070 141 141
00032133 0071 141 141
00032133 0072 141 141
00032133 0073 141 141
00032133 0074 141 141
00032133 0075 141 141
00032133 0076 141 141
00032133 0077 141 141
00032133 0078 141 141
00032133 0079 141 141
00032133 0080 141 141
00032133 0081 141 141
00032133 0082 141 141
00032133 0083 141 141
00032133 0084 141 141
00032133 0085 141 141
00032133 0086 141 141
00032133 0087 141 141
00032133 0088 141 141
00032134 0000 141 141
00032134 0001 141 141
00032134 0002 141 141
00032134 0003 141 141
00032134 0004 141 141
00032134 0005 141 141
00032134 0006 141 141
00032134 0007 141 141
00032134 0008 141 141
00032134 0009 141 141
00032134 0010 141 141
00032134 0011 141 141
00032134 0012 141 141
00032134 0013 141 141
00032134 0014 141 141
00032134 0015 141 141
00032134 0016 141 141
00032134 0017 141 141
00032134 0018 141 141
00032134 0019 141 141
00032134 0020 141 141
00032134 0021 141 141
00032134 0022 141 141
00032134 0023 141 141
00032134 0024 141 141
00032134 0025 141 141
00032134 0026 141 141
00032134 0027 141 141
00032134 0028 141 141
00032134 0029 141 141
00032134 0030 141 141
00032134 0031 141 141
00032134 0032 141 141
00032134 0033 141 141
00032134 0034 141 141
00032134 0035 141 141
00032134 0036 141 141
00032134 0037 141 141
00032134 0038 141 141
00032134 0039 141 141
00032134 0040 141 141
00032134 0041 141 141
00032134 0042 141 141
00032134 0043 141 141
00032134 0044 141 141
00032134 0045 141 141
00032134 0046 141 141
00032134 0047 141 141
00032134 0048 141 141
00032134 0049 141 141
00032134 0050 141 141
00032134 0051 141 141
00032134 0052 141 141
00032134 0053 141 141
00032134 0054 141 141
00032134 0055 141 141
00032134 0056 141 141
00032134 0057 141 141
00032134 0058 141 141
00032134 0059 141 141
00032134 0060 141 141
00032134 0061 141 141
00032134 0062 141 141
00032134 0063 141 141
00032134 0064 141 141
00032134 0065 141 141
00032134 0066 141 141
00032134 0067 141 141
00032134 0068 141 141
00032134 0069 141 141
00032134 0070 141 141
00032134 0071 141 141
00032134 0072 141 141
00032134 0073 141 141
00032134 0074 141 141
00032134 0075 141 141
00032134 0076 141 141
00032134 0077 141 141
00032134 0078 141 141
00032134 0079 141 141
00032134 0080 141 141
00032134 0081 141 141
00032134 0082 141 141
00032134 0083 141 141
00032134 0084 141 141
00032134 0085 141 141
00032134 0086 141 141
00032134 0087 141 141
00032134 0088 141 141
00032134 0089 141 142
00032134 0090 142 142
00032134 0091 142 142
00032134 0092 142 142
00032134 0093 142 142
00032134 0094 142 142
00032134 0095 142 142
00032134 0096 142 142
00032134 0097 142 142
00032134 0098 142 142
00032134 0099 142 142
00032134 0100 142 142
00032134 0101 142 142
00032134 0102 142 142
00032134 0103 142 142
00032134 0104 142 142
00032134 0105 142 142
00032134 0106 142 142
00032134 0107 142 142
00032134 0108 142 142
00032134 0109 142 142
00032134 0110 142 142
00032134 0111 142 142
00032134 0112 142 142
00032134 0113 142 142
00032134 0114 142 142
00032134 0115 142 142
00032134 0116 142 142
00032134 0117 142 142
00032134 0118 142 142
00032134 0119 142 142
00032134 0120 142 142
00032134 0121 142 142
00032134 0122 142 142
00032134 0123 142 142
00032134 0124 142 142
00032134 0125 142 142
00032134 0126 142 142
00032134 0127 142 142
00032134 0128 142 142
00032134 0129 142 142
00032134 0130 142 142
00032134 0131 142 142
00032134 0132 142 142
00032134 0133 142 142
00032134 0134 142 142
00032134 0135 142 142
00032134 0136 142 142
00032134 0137 142 142
00032134 0138 142 142
00032134 0139 142 142
00032134 0140 142 142
00032134 0141 142 142
00032134 0142 142 142
00032134 0143 142 142
00032134 0144 142 142
00032134 0145 142 142
00032139 0010 144 144
00032139 0011 144 144
00032139 0012 144 144
00032139 0013 144 144
00032139 0014 144 144
00032139 0015 144 144
00032139 0016 144 144
00032139 0017 144 144
00032139 0018 144 144
00032139 0019 144 144
00032139 0020 144 144
00032139 0021 144 144
00032139 0022 144 144
00032139 0023 144 144
00032139 0024 144 144
00032139 0025 144 144
00032139 0026 144 144
00032139 0027 144 144
00032139 0028 144 144
00032139 0029 144 144
00032139 0030 144 144
00032139 0031 144 144
00032139 0032 144 144
00032139 0033 144 144
00032139 0034 144 144
00032139 0035 144 144
00032139 0036 144 144
00032139 0037 144 144
00032139 0038 144 144
00032139 0039 144 144
00032139 0040 144 144
00032139 0041 144 144
00032139 0042 144 144
00032139 0043 144 144
00032139 0044 144 144
00032139 0045 144 144
00032139 0046 144 144
00032139 0047 144 144
00032139 0048 144 144
00032139 0049 144 144
00032139 0050 144 144
00032139 0051 144 144
00032139 0052 144 144
00032139 0053 144 144
00032139 0054 144 144
00032139 0055 144 144
00032139 0056 144 144
00032139 0057 144 144
00032139 0058 144 144
00032139 0059 144 144
00032139 0060 144 144
00032139 0061 144 144
00032139 0062 144 144
00032139 0063 144 144
00032139 0064 144 144
00032139 0065 144 144
00032139 0066 144 144
00032139 0067 144 144
00032139 0068 144 144
00032139 0069 144 144
00032139 0070 144 144
00032139 0071 144 144
00032139 0072 144 144
00032139 0073 144 144
00032139 0074 144 144
00032139 0075 144 144
00032139 0076 144 144
00032139 0077 144 144
00032139 0078 144 144
00032139 0079 144 144
00032139 0080 144 144
00032139 0081 144 144
00032139 0082 144 144
00032139 0083 144 144
00032139 0084 144 144
00032139 0085 144 144
00032139 0086 144 144
00032139 0087 144 144
00032139 0088 144 144
00032139 0089 144 144
00032139 0090 144 144
00032139 0091 144 144
00032139 0092 144 144
00032139 0093 144 144
00032139 0094 144 144
00032139 0095 144 144
00032139 0096 144 144
00032139 0097 144 144
00032139 0098 144 144
00032139 0099 144 144
00032139 0100 144 144
00032139 0101 144 144
00032139 0102 144 144
00032139 0103 144 144
00032139 0104 144 144
00032139 0105 144 144
00032139 0106 144 144
00032139 0107 144 144
00032139 0108 144 144
00032139 0109 144 144
00032139 0110 144 144
00032139 0111 144 144
00032139 0112 144 144
00032139 0113 144 144
00032139 0114 144 144
00032139 0115 144 144
00032139 0116 144 144
00032139 0117 144 144
00032139 0118 144 144
00032139 0119 144 144
00032139 0120 144 144
00032139 0121 144 144
00032139 0122 144 144
00032139 0123 144 144
00032139 0124 144 144
00032139 0125 144 144
00032139 0126 144 144
00032139 0127 144 144
00032139 0128 144 144
00032139 0129 144 144
00032139 0130 144 144
00032139 0131 144 144
00032139 0132 144 144
00032139 0133 144 144
00032139 0134 144 144
00032139 0135 144 144
00032139 0136 144 144
00032139 0137 144 144
00032139 0138 144 144
00032139 0139 144 144
00032139 0140 144 144
00032139 0141 144 144
00032139 0142 144 144
00032139 0143 144 144
00032139 0144 144 144
00032139 0145 144 144
00032139 0146 144 144
00032139 0147 144 144
00032139 0148 144 144
00032139 0149 144 144
00032139 0150 144 144
00032139 0151 144 144
00032139 0152 144 144
00032139 0153 144 144
00032139 0154 144 144
00032139 0155 144 144
00032139 0156 144 144
00032139 0157 144 144
00032139 0158 144 144
00032139 0159 144 144
00032139 0160 144 144
00032139 0161 144 144
00032139 0162 144 144
00032139 0163 144 144
00032139 0164 144 144
00032139 0165 144 144
00032139 0166 144 144
00032139 0167 144 144
00032145 0000 145 145
00032145 0001 145 145
00032145 0002 145 145
00032145 0003 145 145
00032145 0004 145 145
00032145 0005 145 145
00032145 0006 145 145
00032145 0007 145 145
00032145 0008 145 145
00032145 0009 145 145
00032145 0010 145 145
00032145 0011 145 145
00032145 0012 145 145
00032145 0013 145 145
00032145 0014 145 145
00032145 0015 145 145
00032145 0016 145 145
00032145 0017 145 145
00032145 0018 145 145
00032145 0019 145 145
00032145 0020 145 145
00032145 0021 145 145
00032145 0022 145 145
00032145 0023 145 145
00032145 0024 145 145
00032145 0025 145 145
00032145 0026 145 145
00032145 0027 145 145
00032145 0028 145 145
00032145 0029 145 145
00032145 0030 145 145
00032145 0031 145 145
00032145 0032 145 145
00032145 0033 145 145
00032145 0034 145 145
00032145 0035 145 145
00032145 0036 145 145
00032145 0037 145 145
00032146 0000 145 145
00032146 0001 145 145
00032146 0002 145 145
00032146 0003 145 145
00032146 0004 145 145
00032146 0005 145 145
00032146 0006 145 145
00032146 0007 145 145
00032146 0008 145 145
00032146 0009 145 145
00032146 0010 145 145
00032146 0011 145 145
00032146 0012 145 145
00032146 0013 145 145
00032146 0014 145 145
00032146 0015 145 145
00032146 0016 145 145
00032146 0017 145 145
00032146 0018 145 145
00032146 0019 145 145
00032146 0020 145 145
00032146 0021 145 145
00032146 0022 145 145
00032146 0023 145 145
00032146 0024 145 145
00032146 0025 145 145
00032146 0026 145 145
00032146 0027 145 145
00032146 0028 145 145
00032146 0029 145 145
00032146 0030 145 145
00032146 0031 145 145
00032146 0032 145 145
00032146 0033 145 145
00032146 0034 145 145
00032146 0035 145 145
00032146 0036 145 145
00032146 0037 145 145
00032146 0038 145 145
00032146 0039 145 145
00032146 0040 145 145
00032146 0041 145 145
00032146 0042 145 145
00032146 0043 145 145
00032146 0044 145 145
00032146 0045 145 145
00032146 0046 145 145
00032146 0047 145 145
00032146 0048 145 145
00032146 0049 145 145
00032146 0050 145 145
00032146 0051 145 145
00032146 0052 145 145
00032146 0053 145 145
00032146 0054 145 145
00032146 0055 145 145
00032146 0056 145 145
00032146 0057 145 145
00032146 0058 145 145
00032146 0059 145 145
00032146 0060 145 145
00032146 0061 145 145
00032146 0062 145 145
00032146 0063 145 145
00032146 0064 145 145
00032146 0065 145 145
00032146 0066 145 145
00032146 0067 145 145
00032146 0068 145 145
00032146 0069 145 145
00032146 0070 145 145
00032146 0071 145 145
00032146 0072 145 145
00032146 0073 145 145
00032146 0074 145 145
00032146 0075 145 145
00032146 0076 145 145
00032146 0077 145 145
00032146 0078 145 145
00032146 0079 145 145
00032146 0080 145 145
00032147 0000 145 145
00032147 0001 145 145
00032147 0002 145 145
00032147 0003 145 145
00032147 0004 145 145
00032147 0005 145 145
00032147 0006 145 145
00032148 0000 145 145
00032148 0001 145 145
00032148 0002 145 145
00032148 0003 145 145
00032148 0004 145 145
00032148 0005 145 145
00032148 0006 145 145
00032148 0007 145 145
00032148 0008 145 145
00032148 0009 145 145
00032148 0010 145 145
00032148 0011 145 145
00032148 0012 145 145
00032148 0013 145 145
00032148 0014 145 145
00032148 0015 145 145
00032148 0016 145 145
00032148 0017 145 145
00032148 0018 145 145
00032148 0019 145 145
00032148 0020 145 145
00032148 0021 145 145
00032148 0022 145 145
00032148 0023 145 145
00032148 0024 145 145
00032148 0025 145 145
00032148 0026 145 145
00032148 0027 145 145
00032148 0028 145 145
00032148 0029 145 145
00032148 0030 145 145
00032148 0031 145 145
00032148 0032 145 145
00032148 0033 145 145
00032148 0034 145 145
00032148 0035 145 145
00032148 0036 145 145
00032148 0037 145 145
00032148 0038 145 145
00032148 0039 145 145
00032148 0040 145 145
00032148 0041 145 145
00032148 0042 145 145
00032148 0043 145 145
00032148 0044 145 145
00032148 0045 145 145
00032148 0046 145 145
00032148 0047 145 145
00032148 0048 145 145
00032148 0049 145 145
00032148 0050 145 145
00032148 0051 145 145
00032148 0052 145 145
00032148 0053 145 145
00032148 0054 145 145
00032148 0055 145 145
00032148 0056 145 145
00032148 0057 145 145
00032148 0058 145 145
00032148 0059 145 145
00032148 0060 145 145
00032148 0061 145 145
00032148 0062 145 145
00032148 0063 145 145
00032148 0064 145 145
00032148 0065 145 145
00032148 0066 145 145
00032148 0067 145 145
00032148 0068 145 145
00032148 0069 145 145
00032148 0070 145 145
00032148 0071 145 145
00032148 0072 145 145
00032148 0073 146 146
00032148 0074 146 146
00032148 0075 146 146
00032148 0076 146 146
00032148 0077 146 146
00032148 0078 146 146
00032148 0079 146 146
00032158 0000 146 146
00032158 0001 146 146
00032158 0002 146 146
00032158 0003 146 146
00032158 0004 146 146
00032158 0005 146 146
00032158 0006 146 146
00032158 0007 146 146
00032158 0008 146 146
00032158 0009 146 146
00032158 0010 146 146
00032158 0011 146 146
00032158 0012 146 146
00032158 0013 146 146
00032158 0014 146 146
00032158 0015 146 146
00032158 0016 146 146
00032158 0017 146 146
00032158 0018 146 146
00032158 0019 146 146
00032158 0020 146 146
00032158 0021 146 146
00032158 0022 146 146
00032158 0023 146 146
00032158 0024 146 146
00032158 0025 146 146
00032158 0026 146 146
00032158 0027 146 146
00032158 0028 146 146
00032158 0029 146 146
00032158 0030 146 146
00032158 0031 146 146
00032158 0032 146 146
00032158 0033 146 146
00032158 0034 146 146
00032158 0035 146 146
00032158 0036 146 146
00032158 0037 146 146
00032158 0038 146 146
00032158 0039 146 146
00032158 0040 146 146
00032158 0041 146 146
00032158 0042 146 146
00032158 0043 146 146
00032158 0044 146 146
00032158 0045 146 146
00032158 0046 146 146
00032158 0047 146 146
00032158 0048 146 146
00032158 0049 146 146
00032158 0050 146 146
00032158 0051 146 146
00032158 0052 146 146
00032158 0053 146 146
00032158 0054 146 146
00032158 0055 146 146
00032158 0056 146 146
00032158 0057 146 146
00032158 0058 146 146
00032158 0059 146 146
00032158 0060 146 146
00032158 0061 146 146
00032158 0062 146 146
00032158 0063 146 146
00032158 0064 146 146
00032158 0065 146 146
00032158 0066 146 146
00032158 0067 146 146
00032158 0068 146 146
00032158 0069 146 146
00032158 0070 146 146
00032158 0071 146 146
00032158 0072 146 146
00032158 0073 146 146
00032158 0074 146 146
00032158 0075 146 146
00032158 0076 146 146
00032158 0077 146 146
00032158 0078 146 146
00032158 0079 146 146
00032158 0080 146 146
00032158 0081 146 146
00032158 0082 146 146
00032158 0083 146 146
00032158 0084 146 146
00032158 0085 146 146
00032158 0086 146 146
00032158 0087 146 146
00032159 0000 146 146
00032159 0001 146 146
00032159 0002 146 146
00032159 0003 146 146
00032159 0004 146 146
00032159 0005 146 146
00032159 0006 146 146
00032159 0007 146 146
00032159 0008 146 146
00032159 0009 146 146
00032159 0010 146 146
00032159 0011 146 146
00032159 0012 146 146
00032159 0013 146 146
00032159 0014 146 146
00032159 0015 146 146
00032159 0016 146 146
00032159 0017 146 146
00032159 0018 146 146
00032159 0019 146 146
00032159 0020 146 146
00032159 0021 146 146
00032159 0022 146 146
00032159 0023 146 146
00032159 0024 146 146
00032159 0025 146 146
00032159 0026 146 146
00032159 0027 146 146
00032159 0028 146 146
00032159 0029 146 146
00032159 0030 146 146
00032159 0031 146 146
00032159 0032 146 146
00032159 0033 146 146
00032159 0034 146 146
00032159 0035 146 146
00032159 0036 146 146
00032159 0037 146 146
00032159 0038 146 146
00032159 0039 146 146
00032159 0040 146 146
00032159 0041 146 146
00032159 0042 146 146
00032159 0043 146 146
00032159 0044 146 146
00032159 0045 146 146
00032159 0046 146 146
00032159 0047 146 146
00032159 0048 146 146
00032159 0049 146 146
00032159 0050 146 146
00032159 0051 146 146
00032159 0052 146 146
00032159 0053 146 146
00032159 0054 146 146
00032159 0055 146 146
00032159 0056 146 146
00032159 0057 146 146
00032159 0058 146 146
00032159 0059 146 146
00032159 0060 146 146
00032159 0061 146 146
00032159 0062 146 146
00032159 0063 146 146
00032159 0064 146 146
00032159 0065 146 146
00032159 0066 146 146
00032159 0067 146 146
00032159 0068 146 146
00032159 0069 146 146
00032159 0070 146 146
00032159 0071 146 146
00032159 0072 146 146
00032159 0073 146 146
00032159 0074 146 146
00032159 0075 146 146
00032159 0076 146 146
00032159 0077 146 146
00032159 0078 146 146
00032159 0079 146 146
00032159 0080 146 146
00032159 0081 146 146
00032159 0082 146 146
00032159 0083 146 146
00032159 0084 146 146
00032159 0085 146 146
00032159 0086 146 146
00032159 0087 146 146
00032159 0088 146 146
00032160 0000 146 146
00032160 0001 146 146
00032160 0002 146 146
00032160 0003 146 146
00032160 0004 146 146
00032160 0005 146 146
00032160 0006 146 146
00032160 0007 146 146
00032160 0008 146 146
00032160 0009 146 146
00032160 0010 146 146
00032160 0011 146 146
00032160 0012 146 146
00032160 0013 146 146
00032160 0014 146 146
00032160 0015 146 146
00032160 0016 146 146
00032160 0017 146 146
00032160 0018 146 146
00032160 0019 146 146
00032160 0020 146 146
00032160 0021 146 146
00032160 0022 146 146
00032160 0023 146 146
00032160 0024 146 146
00032160 0025 146 146
00032160 0026 146 146
00032160 0027 146 146
00032160 0028 146 146
00032160 0029 146 146
00032160 0030 146 146
00032160 0031 146 146
00032160 0032 146 146
00032160 0033 146 146
00032160 0034 146 146
00032160 0035 146 146
00032160 0036 146 146
00032160 0037 146 146
00032160 0038 146 146
00032160 0039 146 146
00032160 0040 146 146
00032160 0041 146 146
00032160 0042 146 146
00032160 0043 146 146
00032160 0044 146 146
00032160 0045 146 146
00032160 0046 146 146
00032160 0047 146 146
00032160 0048 146 146
00032160 0049 146 146
00032160 0050 146 146
00032160 0051 146 146
00032160 0052 146 146
00032160 0053 146 146
00032160 0054 146 146
00032160 0055 146 146
00032160 0056 146 146
00032160 0057 146 146
00032160 0058 146 146
00032160 0059 146 146
00032160 0060 146 146
00032160 0061 146 146
00032160 0062 146 146
00032161 0000 146 146
00032161 0001 146 146
00032161 0002 146 146
00032161 0003 146 146
00032161 0004 146 146
00032161 0005 146 146
00032161 0006 146 146
00032161 0007 146 146
00032161 0008 146 146
00032161 0009 146 146
00032161 0010 146 146
00032161 0011 146 146
00032161 0012 146 146
00032161 0013 146 146
00032161 0014 146 146
00032161 0015 146 146
00032161 0016 146 146
00032161 0017 146 146
00032161 0018 146 146
00032161 0019 146 146
00032161 0020 146 146
00032161 0021 146 146
00032161 0022 146 146
00032161 0023 146 146
00032166 0001 147 147
00032166 0002 147 147
00032166 0003 147 147
00032166 0004 147 147
00032166 0005 147 147
00032166 0006 147 147
00032166 0007 147 147
00032166 0008 147 147
00032166 0009 147 147
00032189 0000 147 147
00032189 0001 147 147
00032189 0002 147 147
00032189 0003 147 147
00032189 0004 147 147
00032189 0005 147 147
00032189 0006 147 147
00032189 0007 147 147
00032189 0008 147 147
00032189 0009 147 147
00032189 0010 147 147
00032189 0011 147 147
00032189 0012 147 147
00032189 0013 147 147
00032189 0014 147 147
00032189 0015 147 147
00032189 0016 147 147
00032189 0017 147 147
00032189 0018 147 147
00032189 0019 147 147
00032189 0020 147 147
00032189 0021 147 147
00032189 0022 147 147
00032189 0023 147 147
00032189 0024 147 147
00032190 0000 147 147
00032190 0001 147 147
00032190 0002 147 147
00032190 0003 147 147
00032190 0004 147 147
00032190 0005 147 147
00032190 0006 147 147
00032190 0007 147 147
00032190 0008 147 147
00032190 0009 147 147
00032190 0010 147 147
00032190 0011 147 147
00032190 0012 147 147
00032190 0013 147 147
00032190 0014 147 147
00032190 0015 147 147
00032190 0016 147 147
00032190 0017 147 147
00032190 0018 147 147
00032190 0019 147 147
00032190 0020 147 147
00032190 0021 147 147
00032190 0022 147 147
00032190 0023 147 147
00032190 0024 147 147
00032190 0025 147 147
00032190 0026 147 147
00032190 0027 147 147
00032190 0028 147 147
00032190 0029 147 147
00032190 0030 147 147
00032190 0031 147 147
00032190 0032 147 147
00032190 0033 147 147
00032190 0034 147 147
00032190 0035 147 147
00032190 0036 147 147
00032191 0000 147 147
00032191 0001 147 147
00032191 0002 147 147
00032191 0003 147 147
00032191 0004 147 147
00032191 0005 147 147
00032191 0006 147 147
00032191 0007 147 147
00032191 0008 147 147
00032191 0009 147 147
00032191 0010 147 147
00032191 0011 147 147
00032191 0012 147 147
00032191 0013 147 147
00032191 0014 147 147
00032191 0015 147 147
00032191 0016 147 147
00032191 0017 147 147
00032191 0018 147 147
00032191 0019 147 147
00032191 0020 147 147
00032191 0021 147 147
00032191 0022 147 147
00032191 0023 147 147
00032191 0024 147 147
00032191 0025 147 147
00032191 0026 147 147
00032191 0027 147 147
00032191 0028 147 147
00032191 0029 147 147
00032191 0030 147 147
00032191 0031 147 147
00032191 0032 147 147
00032191 0033 147 147
00032191 0034 147 147
00032191 0035 147 147
00032191 0036 147 147
00032191 0037 147 147
00032191 0038 147 147
00032191 0039 147 147
00032191 0040 147 147
00032191 0041 147 147
00032191 0042 147 147
00032191 0043 147 147
00032191 0044 147 147
00032191 0045 147 147
00032191 0046 147 147
00032191 0047 147 147
00032191 0048 147 147
00032191 0049 147 147
00032191 0050 147 147
00032191 0051 147 147
00032191 0052 147 147
00032191 0053 147 147
00032191 0054 147 147
00032191 0055 147 147
00032191 0056 147 147
00032191 0057 147 147
00032191 0058 147 147
00032191 0059 147 147
00032191 0060 147 147
00032191 0061 147 147
00032191 0062 147 147
00032191 0063 147 147
00032191 0064 147 147
00032191 0065 147 147
00032191 0066 147 147
00032191 0067 147 147
00032191 0068 147 147
00032191 0069 147 147
00032192 0000 147 147
00032192 0001 147 147
00032192 0002 147 147
00032192 0003 147 147
00032192 0004 147 147
00032192 0005 147 147
00032192 0006 147 147
00032193 0000 147 147
00032193 0001 147 147
00032193 0002 147 147
00032193 0003 147 147
00032193 0004 147 147
00032193 0005 147 147
00032193 0006 147 147
00032193 0007 147 147
00032193 0008 147 147
00032193 0009 147 147
00032193 0010 147 147
00032193 0011 147 147
00032193 0012 147 147
00032193 0013 147 147
00032193 0014 147 147
00032193 0015 147 147
00032193 0016 147 147
00032193 0017 147 147
00032193 0018 147 147
00032193 0019 147 147
00032193 0020 147 147
00032193 0021 147 147
00032193 0022 147 147
00032193 0023 147 147
00032193 0024 147 147
00032193 0025 147 147
00032193 0026 147 147
00032193 0027 147 147
00032199 0000 147 147
00032199 0001 147 147
00032199 0002 147 147
00032199 0003 147 147
00032199 0004 147 147
00032199 0005 147 147
00032199 0006 147 147
00032199 0007 147 147
00032199 0008 147 147
00032199 0009 147 147
00032199 0010 147 147
00032199 0011 147 147
00032199 0012 147 147
00032199 0013 147 147
00032242 0000 148 148
00032242 0001 148 148
00032242 0002 148 148
00032242 0003 148 148
00032242 0004 148 148
00032242 0005 148 148
00032242 0006 148 148
00032242 0007 148 148
00032242 0008 148 148
00032242 0009 148 148
00032242 0010 148 148
00032242 0011 148 148
00032242 0012 148 148
00032242 0013 148 148
00032242 0014 148 148
00032242 0015 148 148
00032242 0016 148 148
00032242 0017 148 148
00032242 0018 148 148
00032242 0019 148 148
00032242 0020 148 148
00032242 0021 148 148
00032242 0022 148 148
00032242 0023 148 148
00032243 0000 148 148
00032243 0001 148 148
00032243 0002 148 148
00032243 0003 148 148
00032243 0004 148 148
00032243 0005 148 148
00032243 0006 148 148
00032243 0007 148 148
00032243 0008 148 148
00032243 0009 148 148
00032243 0010 148 148
00032243 0011 148 148
00032243 0012 148 148
00032243 0013 148 148
00032243 0014 148 148
00032243 0015 148 148
00032243 0016 148 148
00032243 0017 148 148
00032243 0018 148 148
00032243 0019 148 148
00032243 0020 148 148
00032243 0021 148 148
00032243 0022 148 148
00032243 0023 148 148
00032243 0024 148 148
00032243 0025 148 148
00032243 0026 148 148
00032243 0027 148 148
00032243 0028 148 148
00032243 0029 148 148
00032243 0030 148 148
00032243 0031 148 148
00032243 0032 148 148
00032243 0033 148 148
00032243 0034 148 148
00032243 0035 148 148
00032243 0036 148 148
00032243 0037 148 148
00032243 0038 148 148
00032243 0039 148 148
00032243 0040 148 148
00032243 0041 148 148
00032243 0042 148 148
00032243 0043 148 148
00032243 0044 148 148
00032243 0045 148 148
00032243 0046 148 148
00032243 0047 148 148
00032243 0048 148 148
00032243 0049 148 148
00032243 0050 148 148
00032243 0051 148 148
00032243 0052 148 148
00032243 0053 148 148
00032243 0054 148 148
00032243 0055 148 148
00032243 0056 148 148
00032243 0057 148 148
00032243 0058 148 148
00032243 0059 148 148
00032243 0060 148 148
00032243 0061 148 148
00032243 0062 148 148
00032243 0063 148 148
00032243 0064 148 148
00032243 0065 148 148
00032243 0066 148 148
00032243 0067 148 148
00032243 0068 148 148
00032243 0069 148 148
00032243 0070 148 148
00032243 0071 148 148
00032243 0072 148 148
00032243 0073 148 148
00032243 0074 148 148
00032243 0075 148 148
00032243 0076 148 148
00032243 0077 148 148
00032243 0078 148 148
00032243 0079 148 148
00032243 0080 148 148
00032243 0081 148 148
00032243 0082 148 148
00032243 0083 148 148
00032243 0084 148 148
00032243 0085 148 148
00032243 0086 148 148
00032243 0087 148 148
00032243 0088 148 148
00032243 0089 148 148
00032243 0090 148 148
00032243 0091 148 148
00032243 0092 148 148
00032243 0093 148 148
00032243 0094 148 148
00032243 0095 148 148
00032243 0096 148 148
00032243 0097 148 148
00032243 0098 148 148
00032243 0099 148 148
00032244 0000 148 148
00032244 0001 148 148
00032244 0002 148 148
00032244 0003 148 148
00032244 0004 148 148
00032244 0005 148 148
00032244 0006 148 148
00032244 0007 148 148
00032244 0008 148 148
00032244 0009 148 148
00032244 0010 148 148
00032244 0011 148 148
00032244 0012 148 148
00032244 0013 148 148
00032244 0014 148 148
00032244 0015 148 148
00032244 0016 148 148
00032244 0017 148 148
00032244 0018 148 148
00032244 0019 148 148
00032244 0020 148 148
00032244 0021 148 148
00032244 0022 148 148
00032244 0023 148 148
00032244 0024 148 148
00032244 0025 148 148
00032244 0026 148 148
00032244 0027 148 148
00032244 0028 148 148
00032244 0029 148 148
00032244 0030 148 148
00032244 0031 148 148
00032244 0032 148 148
00032245 0000 148 148
00032245 0001 148 148
00032245 0002 148 148
00032245 0003 148 148
00032245 0004 148 148
00032245 0005 148 148
00032245 0006 148 148
00032245 0007 148 148
00032245 0008 148 148
00032245 0009 148 148
00032245 0010 148 148
00032245 0011 148 148
00032245 0012 148 148
00032245 0013 148 148
00032245 0014 148 148
00032245 0015 148 148
00032245 0016 148 148
00032245 0017 148 148
00032245 0018 148 148
00032245 0019 148 148
00032245 0020 148 148
00032245 0021 148 148
00032245 0022 148 148
00032245 0023 148 148
00032245 0024 148 148
00032245 0025 148 148
00032245 0026 148 148
00032245 0027 148 148
00032245 0028 148 148
00032245 0029 148 148
00032245 0030 148 148
00032245 0031 148 148
00032245 0032 148 148
00032245 0033 148 148
00032245 0034 148 148
00032245 0035 148 148
00032245 0036 148 148
00032248 0000 148 148
00032248 0001 148 148
00032248 0002 148 148
00032248 0003 148 148
00032248 0004 148 148
00032248 0005 148 148
00032248 0006 148 148
00032248 0007 148 148
00032248 0008 148 148
00032248 0009 148 148
00032248 0010 148 148
00032248 0011 148 148
00032248 0012 148 148
00032248 0013 148 148
00032248 0014 148 148
00032248 0015 148 148
00032248 0016 148 148
00032248 0017 148 148
00032248 0018 148 148
00032248 0019 148 148
00032248 0020 148 148
00032248 0021 148 148
00032248 0022 148 148
00032248 0023 148 148
00032248 0024 148 148
