00031093 0000 13 101 7 101 8 101 9 101 10 101 11 101 12 101 13 101 14 101 15 101 16 101 17 101 18 101 19
00031093 0001 7 101 19 101 20 101 21 101 22 101 23 101 24 101 25
00031093 0002 2 101 25 101 26
00031094 0000 3 101 26 101 27 101 28
00031094 0001 7 101 28 101 29 101 30 101 31 101 32 101 33 101 34
00031094 0002 4 101 35 101 36 101 37 101 38
00031094 0003 5 101 38 101 39 101 40 101 41 101 42
00031094 0004 4 101 42 101 43 101 44 101 45
00031094 0005 3 101 45 101 46 101 47
00031094 0006 3 101 47 101 48 101 49
00031094 0007 3 101 49 101 50 101 51
00031094 0008 3 101 51 101 52 101 53
00031094 0009 3 101 53 101 54 101 55
00031094 0010 3 101 55 101 56 101 57
00031094 0011 3 101 57 101 58 101 59
00031094 0012 3 101 59 101 60 101 61
00031095 0000 4 101 61 101 62 101 63 101 64
00031095 0001 3 101 64 101 65 101 66
00031095 0002 3 101 66 101 67 101 68
00031095 0003 4 101 68 101 69 101 70 101 71
00031095 0004 3 101 71 101 72 101 73
00031095 0005 3 101 73 101 74 101 75
00031095 0006 3 101 75 101 76 101 77
00031095 0007 2 101 77 101 78
00031096 0000 3 101 79 101 80 101 81
00031096 0001 3 101 81 101 82 101 83
00031096 0002 6 101 83 101 84 101 85 101 86 101 87 101 88
00031096 0003 3 101 88 101 89 101 90
00031096 0004 4 101 90 101 91 101 92 101 93
00031096 0005 3 101 93 101 94 101 95
00031096 0006 2 101 95 101 96
00031097 0000 6 101 96 101 97 101 98 101 99 101 100 101 101
00031097 0001 3 101 101 101 102 101 103
00031097 0002 3 101 103 101 104 101 105
00031097 0003 4 101 105 101 106 101 107 101 108
00031097 0004 4 101 108 101 109 101 110 101 111
00031097 0005 3 101 111 101 112 101 113
00031097 0006 4 101 113 101 114 101 115 101 116
00031097 0007 4 101 116 101 117 101 118 101 119
00031097 0008 3 101 119 101 120 101 121
00031097 0009 4 101 121 101 122 101 123 101 124
00031097 0010 4 101 124 101 125 101 126 101 127
00031097 0011 5 101 127 101 128 101 129 101 130 101 131
00031097 0012 1 101 131
00031098 0000 3 101 132 101 133 101 134
00031098 0001 3 101 134 101 135 101 136
00031098 0002 3 101 136 101 137 101 138
00031098 0003 2 101 138 101 139
00031098 0006 2 102 0 102 1
00031102 0000 3 102 4 102 5 102 6
00031102 0001 3 102 6 102 7 102 8
00031102 0002 3 102 8 102 9 102 10
00031102 0003 3 102 10 102 11 102 12
00031102 0004 3 102 12 102 13 102 14
00031102 0005 3 102 14 102 15 102 16
00031102 0006 3 102 16 102 17 102 18
00031102 0007 3 102 18 102 19 102 20
00031103 0000 3 102 20 102 21 102 22
00031103 0001 3 102 23 102 24 102 25
00031103 0002 2 102 25 102 26
00031104 0000 4 102 26 102 27 102 28 102 29
00031104 0001 3 102 29 102 30 102 31
00031104 0002 9 102 31 102 32 102 33 102 34 102 35 102 36 102 37 102 38 102 39
00031104 0003 5 102 39 102 40 102 41 102 42 102 43
00031104 0004 3 102 43 102 44 102 45
00031104 0005 3 102 45 102 46 102 47
00031104 0006 3 102 47 102 48 102 49
00031104 0007 3 102 49 102 50 102 51
00031104 0008 2 102 51 102 52
00031105 0000 2 102 54 102 55
00031105 0001 3 102 55 102 56 102 57
00031105 0002 3 102 57 102 58 102 59
00031105 0003 5 102 59 102 60 102 61 102 62 102 63
00031106 0000 4 102 64 102 65 102 66 102 67
00031106 0001 3 102 67 102 68 102 69
00031106 0002 3 102 69 102 70 102 71
00031106 0003 3 102 71 102 72 102 73
00031106 0004 3 102 73 102 74 102 75
00031106 0005 3 102 75 102 76 102 77
00031106 0006 3 102 77 102 78 102 79
00031106 0007 2 102 79 102 80
00031107 0000 3 102 80 102 81 102 82
00031107 0001 3 102 82 102 83 102 84
00031107 0002 3 102 84 102 85 102 86
00031107 0003 3 102 86 102 87 102 88
00031107 0004 3 102 88 102 89 102 90
00031107 0005 3 102 90 102 91 102 92
00031107 0006 3 102 92 102 93 102 94
00031107 0007 3 102 94 102 95 102 96
00031107 0008 3 102 96 102 97 102 98
00031108 0000 3 102 98 102 99 102 100
00031108 0001 3 102 100 102 101 102 102
00031108 0002 3 102 102 102 103 102 104
00031108 0003 3 102 104 102 105 102 106
00031108 0004 3 102 106 102 107 102 108
00031108 0005 3 102 108 102 109 102 110
00031108 0006 3 102 110 102 111 102 112
00031108 0007 3 102 112 102 113 102 114
00031108 0008 4 102 114 102 115 102 116 102 117
00031108 0009 3 102 117 102 118 102 119
00031108 0010 3 102 119 102 120 102 121
00031108 0011 3 102 121 102 122 102 123
00031108 0012 2 102 123 102 124
00031109 0000 3 102 125 102 126 102 127
00031109 0001 3 102 127 102 128 102 129
00031109 0002 3 102 129 102 130 102 131
00031109 0003 2 102 131 102 132
00031110 0000 1 102 132
00031119 0000 1 103 0
00031119 0001 2 104 0 104 1
00031119 0002 3 104 1 104 2 104 3
00031119 0003 3 104 3 104 4 104 5
00031119 0004 4 104 5 104 6 104 7 104 8
00031119 0005 3 104 8 104 9 104 10
00031119 0006 3 104 10 104 11 104 12
00031119 0007 3 104 12 104 13 104 14
00031119 0008 3 104 14 104 15 104 16
00031119 0009 3 104 16 104 17 104 18
00031119 0010 4 104 18 104 19 104 20 104 21
00031119 0011 4 104 22 104 23 104 24 104 25
00031119 0012 3 104 25 104 26 104 27
00031119 0013 4 104 27 104 28 104 29 104 30
00031119 0014 3 104 30 104 31 104 32
00031119 0015 3 104 32 104 33 104 34
00031119 0016 3 104 34 104 35 104 36
00031119 0017 3 104 36 104 37 104 38
00031119 0018 3 104 38 104 39 104 40
00031119 0019 4 104 40 104 41 104 42 104 43
00031119 0020 3 104 43 104 44 104 45
00031119 0021 3 104 45 104 46 104 47
00031119 0022 3 104 47 104 48 104 49
00031119 0023 3 104 49 104 50 104 51
00031119 0024 3 104 51 104 52 104 53
00031119 0025 3 104 53 104 54 104 55
00031119 0026 3 104 55 104 56 104 57
00031119 0027 3 104 57 104 58 104 59
00031119 0028 3 104 59 104 60 104 61
00031119 0029 3 104 61 104 62 104 63
00031119 0030 3 104 63 104 64 104 65
00031119 0031 3 104 65 104 66 104 67
00031119 0032 4 104 67 104 68 104 69 104 70
00031119 0033 3 104 70 104 71 104 72
00031119 0034 3 104 72 104 73 104 74
00031119 0035 3 104 74 104 75 104 76
00031119 0036 3 104 76 104 77 104 78
00031119 0037 3 104 78 104 79 104 80
00031119 0038 3 104 80 104 81 104 82
00031119 0039 3 104 82 104 83 104 84
00031119 0040 4 104 84 104 85 104 86 104 87
00031119 0041 3 104 87 104 88 104 89
00031119 0042 3 104 89 104 90 104 91
00031119 0043 3 104 91 104 92 104 93
00031119 0044 3 104 93 104 94 104 95
00031119 0045 4 104 95 104 96 104 97 104 98
00031119 0046 3 104 98 104 99 104 100
00031119 0047 3 104 100 104 101 104 102
00031119 0048 3 104 102 104 103 104 104
00031119 0049 3 104 104 104 105 104 106
00031119 0050 3 104 106 104 107 104 108
00031119 0051 3 104 108 104 109 104 110
00031119 0052 3 104 110 104 111 104 112
00031119 0053 3 104 112 104 113 104 114
00031119 0054 3 104 114 104 115 104 116
00031119 0055 4 104 116 104 117 104 118 104 119
00031119 0056 3 104 119 104 120 104 121
00031119 0057 3 104 121 104 122 104 123
00031119 0058 3 104 123 104 124 104 125
00031119 0059 3 104 125 104 126 104 127
00031119 0060 1 104 127
00031120 0002 2 105 0 105 1
00031120 0003 3 105 1 105 2 105 3
00031120 0004 3 105 3 105 4 105 5
00031120 0005 3 105 5 105 6 105 7
00031120 0006 3 105 7 105 8 105 9
00031120 0007 3 105 9 105 10 105 11
00031120 0008 3 105 11 105 12 105 13
00031120 0009 3 105 13 105 14 105 15
00031120 0010 3 105 15 105 16 105 17
00031120 0011 3 105 17 105 18 105 19
00031120 0012 4 105 19 105 20 105 21 105 22
00031120 0013 3 105 22 105 23 105 24
00031120 0014 3 105 24 105 25 105 26
00031120 0015 3 105 26 105 27 106 0
00031120 0016 3 106 0 106 1 106 2
00031120 0017 4 106 2 106 3 106 4 106 5
00031120 0018 3 106 5 106 6 106 7
00031120 0019 3 106 7 106 8 106 9
00031120 0020 3 106 9 106 10 106 11
00031120 0021 3 106 11 106 12 106 13
00031120 0022 4 106 13 106 14 106 15 106 16
00031120 0023 3 106 16 106 17 106 18
00031120 0024 3 106 18 106 19 106 20
00031120 0025 3 106 20 106 21 106 22
00031120 0026 4 106 22 106 23 106 24 106 25
00031120 0027 3 106 25 106 26 106 27
00031120 0028 3 106 27 106 28 106 29
00031120 0029 3 106 29 106 30 106 31
00031120 0030 3 106 31 106 32 106 33
00031120 0031 3 106 33 106 34 106 35
00031120 0032 3 106 35 106 36 106 37
00031120 0033 3 106 37 106 38 106 39
00031120 0034 3 106 39 106 40 106 41
00031120 0035 3 106 41 106 42 106 43
00031121 0000 3 106 43 106 44 106 45
00031121 0001 3 106 45 106 46 106 47
00031121 0002 3 106 47 106 48 106 49
00031121 0003 3 106 49 106 50 106 51
00031121 0004 3 106 51 106 52 106 53
00031121 0005 3 106 53 106 54 106 55
00031121 0006 3 106 55 106 56 106 57
00031122 0000 2 107 0 107 1
00031122 0001 3 107 1 107 2 107 3
00031122 0002 3 107 3 107 4 107 5
00031122 0003 3 107 5 107 6 107 7
00031122 0004 3 107 7 107 8 107 9
00031122 0005 5 107 9 107 10 107 11 107 12 107 13
00031122 0006 4 107 13 107 14 107 15 107 16
00031122 0007 3 107 16 107 17 107 18
00031122 0008 3 107 18 107 19 107 20
00031122 0009 3 107 20 107 21 107 22
00031122 0010 3 107 22 107 23 107 24
00031122 0011 3 107 24 107 25 107 26
00031122 0012 3 107 26 107 27 107 28
00031122 0013 3 107 28 107 29 107 30
00031122 0014 3 107 30 107 31 107 32
00031122 0015 3 107 32 107 33 107 34
00031122 0016 3 107 34 107 35 107 36
00031122 0017 3 107 36 107 37 107 38
00031122 0018 4 107 38 107 39 107 40 107 41
00031122 0019 3 107 41 107 42 107 43
00031122 0020 3 107 43 107 44 107 45
00031122 0021 3 107 45 107 46 107 47
00031122 0022 3 107 47 107 48 107 49
00031122 0023 4 107 49 107 50 107 51 107 52
00031122 0024 3 107 52 107 53 107 54
00031122 0025 3 107 54 107 55 107 56
00031122 0026 3 107 56 107 57 107 58
00031122 0027 3 107 58 107 59 107 60
00031122 0028 3 107 60 107 61 107 62
00031122 0029 3 107 62 107 63 107 64
00031122 0030 4 107 64 107 65 107 66 107 67
00031122 0031 4 107 67 107 68 107 69 107 70
00031122 0032 3 107 70 107 71 107 72
00031122 0033 3 107 72 107 73 107 74
00031122 0034 3 107 74 107 75 107 76
00031122 0035 3 107 76 107 77 107 78
00031122 0036 3 107 78 107 79 107 80
00031122 0037 3 107 80 107 81 107 82
00031122 0038 3 107 82 107 83 107 84
00031122 0039 3 107 84 107 85 107 86
00031122 0040 3 107 86 107 87 107 88
00031122 0041 3 107 88 107 89 107 90
00031122 0042 3 107 90 107 91 107 92
00031122 0043 4 107 92 107 93 107 94 107 95
00031122 0044 3 107 95 107 96 107 97
00031122 0045 3 107 97 107 98 107 99
00031122 0046 3 107 99 107 100 107 101
00031122 0047 3 107 101 107 102 107 103
00031122 0048 3 107 103 107 104 107 105
00031122 0049 3 107 105 107 106 107 107
00031122 0050 3 107 107 107 108 107 109
00031122 0051 3 107 109 107 110 107 111
00031122 0052 3 107 111 107 112 107 113
00031122 0053 3 107 113 107 114 107 115
00031122 0054 2 107 115 107 116
00031125 0000 3 107 117 107 118 107 119
00031125 0001 3 107 119 107 120 107 121
00031125 0002 3 107 121 107 122 107 123
00031125 0003 3 107 123 107 124 107 125
00031125 0004 3 107 125 107 126 107 127
00031125 0005 3 107 127 107 128 107 129
00031125 0006 3 107 129 107 130 107 131
00031125 0007 2 107 131 107 132
00031134 0000 3 108 4 108 5 108 6
00031134 0001 4 108 6 108 7 108 8 108 9
00031134 0002 3 108 9 108 10 108 11
00031135 0000 4 108 11 108 12 108 13 108 14
00031135 0001 3 108 14 108 15 108 16
00031135 0002 3 108 16 108 17 108 18
00031135 0003 4 108 18 108 19 108 20 108 21
00031135 0004 3 108 21 108 22 108 23
00031135 0005 3 108 23 108 24 108 25
00031135 0006 3 108 25 108 26 108 27
00031135 0007 3 108 27 108 28 108 29
00031135 0008 3 108 29 108 30 108 31
00031135 0009 3 108 31 108 32 108 33
00031135 0010 3 108 33 108 34 108 35
00031135 0011 3 108 35 108 36 108 37
00031135 0012 4 108 37 108 38 108 39 108 40
00031135 0013 3 108 40 108 41 108 42
00031135 0014 3 108 42 108 43 108 44
00031135 0015 3 108 44 108 45 108 46
00031135 0016 3 108 46 108 47 108 48
00031135 0017 3 108 48 108 49 108 50
00031135 0018 3 108 50 108 51 108 52
00031135 0019 3 108 52 108 53 108 54
00031135 0020 4 108 54 108 55 108 56 108 57
00031135 0021 3 108 57 108 58 108 59
00031135 0022 3 108 59 108 60 108 61
00031135 0023 3 108 61 108 62 108 63
00031135 0024 3 108 63 108 64 108 65
00031135 0025 3 108 65 108 66 108 67
00031135 0026 3 108 67 108 68 108 69
00031135 0027 4 108 69 108 70 108 71 108 72
00031135 0028 3 108 72 108 73 108 74
00031135 0029 3 108 74 108 75 108 76
00031135 0030 3 108 76 108 77 108 78
00031135 0031 3 108 78 108 79 108 80
00031135 0032 3 108 80 108 81 108 82
00031135 0033 3 108 82 108 83 108 84
00031135 0034 3 108 84 108 85 108 86
00031135 0035 3 108 86 108 87 108 88
00031135 0036 4 108 88 108 89 108 90 108 91
00031135 0037 3 108 91 108 92 108 93
00031135 0038 3 108 93 108 94 108 95
00031135 0039 3 108 95 108 96 108 97
00031135 0040 3 108 97 108 98 108 99
00031135 0041 3 108 99 108 100 108 101
00031135 0042 3 108 101 108 102 108 103
00031135 0043 3 108 103 108 104 108 105
00031135 0044 3 108 105 108 106 108 107
00031135 0045 3 108 107 108 108 108 109
00031135 0046 3 108 109 108 110 108 111
00031135 0047 3 108 111 108 112 108 113
00031135 0048 3 108 113 108 114 108 115
00031135 0049 3 108 115 108 116 108 117
00031135 0050 3 108 117 108 118 108 119
00031135 0051 3 108 119 108 120 108 121
00031135 0052 4 108 121 108 122 108 123 108 124
00031135 0053 3 108 124 108 125 108 126
00031135 0054 4 108 126 108 127 108 128 108 129
00031135 0055 3 108 129 108 130 108 131
00031135 0056 3 108 131 108 132 108 133
00031135 0057 3 108 133 108 134 108 135
00031135 0058 4 108 135 108 136 108 137 108 138
00031136 0000 3 108 138 108 139 108 140
00031136 0001 3 108 140 108 141 108 142
00031136 0002 3 108 142 108 143 108 144
00031136 0003 3 108 144 108 145 108 146
00031136 0004 4 108 146 108 147 108 148 108 149
00031136 0005 3 108 149 108 150 108 151
00031136 0006 3 108 151 108 152 108 153
00031136 0007 3 108 153 108 154 108 155
00031136 0008 3 108 155 108 156 108 157
00031136 0009 3 108 157 108 158 108 159
00031136 0010 3 108 159 108 160 108 161
00031136 0011 3 108 161 108 162 108 163
00031136 0012 3 108 163 108 164 108 165
00031136 0013 4 108 165 108 166 108 167 108 168
00031136 0014 3 108 168 108 169 108 170
00031136 0015 3 108 170 108 171 108 172
00031136 0016 3 108 172 108 173 108 174
00031136 0017 3 108 174 108 175 108 176
00031136 0018 3 108 176 108 177 108 178
00031136 0019 3 108 178 108 179 108 180
00031136 0020 3 108 180 108 181 108 182
00031136 0021 3 108 182 108 183 108 184
00031136 0022 3 108 184 108 185 108 186
00031136 0023 3 108 186 108 187 108 188
00031136 0024 3 108 188 108 189 108 190
00031136 0025 3 108 190 108 191 108 192
00031136 0026 3 108 192 108 193 108 194
00031136 0027 3 108 194 108 195 108 196
00031136 0028 3 108 196 108 197 108 198
00031136 0029 3 108 198 108 199 108 200
00031136 0030 3 108 200 108 201 108 202
00031136 0031 4 108 202 108 203 108 204 108 205
00031136 0032 3 108 205 108 206 108 207
00031136 0033 3 108 207 108 208 108 209
00031136 0034 3 108 209 108 210 108 211
00031136 0035 3 108 211 108 212 108 213
00031136 0036 3 108 213 108 214 108 215
00031136 0037 3 108 215 108 216 108 217
00031136 0038 3 108 217 108 218 108 219
00031136 0039 3 108 219 108 220 108 221
00031136 0040 3 108 221 108 222 108 223
00031136 0041 3 108 223 108 224 108 225
00031136 0042 3 108 225 108 226 108 227
00031136 0043 3 108 227 108 228 108 229
00031136 0044 3 108 229 108 230 108 231
00031136 0045 4 108 231 108 232 108 233 108 234
00031136 0046 3 108 234 108 235 108 236
00031136 0047 3 108 236 108 237 108 238
00031136 0048 3 108 238 108 239 108 240
00031136 0049 2 108 240 108 241
00031136 0050 3 108 242 108 243 108 244
00031136 0051 3 108 244 108 245 108 246
00031136 0052 2 108 246 108 247
00031136 0053 3 108 248 108 249 108 250
00031136 0054 3 108 250 108 251 108 252
00031136 0055 3 108 252 108 253 108 254
00031136 0056 3 108 254 108 255 108 256
00031136 0057 3 108 256 108 257 108 258
00031136 0058 3 108 258 108 259 108 260
00031136 0059 3 108 260 108 261 108 262
00031136 0060 3 108 262 108 263 108 264
00031136 0061 3 108 264 108 265 108 266
00031136 0062 3 108 266 108 267 108 268
00031136 0063 3 108 268 108 269 108 270
00031136 0064 3 108 270 108 271 108 272
00031136 0065 3 108 272 108 273 108 274
00031136 0066 3 108 274 108 275 108 276
00031136 0067 3 108 276 108 277 108 278
00031136 0068 3 108 278 108 279 108 280
00031136 0069 3 108 280 108 281 108 282
00031136 0070 3 108 282 108 283 108 284
00031136 0071 3 108 284 108 285 108 286
00031136 0072 3 108 286 108 287 108 288
00031136 0073 3 108 288 108 289 108 290
00031136 0074 3 108 290 108 291 108 292
00031136 0075 3 108 292 108 293 108 294
00031136 0076 3 108 294 108 295 108 296
00031136 0077 3 108 296 108 297 108 298
00031136 0078 3 108 298 108 299 108 300
00031136 0079 3 108 300 108 301 108 302
00031136 0080 3 108 302 108 303 108 304
00031136 0081 4 108 304 108 305 108 306 108 307
00031136 0082 3 108 307 108 308 108 309
00031136 0083 3 108 309 108 310 108 311
00031136 0084 3 108 311 108 312 108 313
00031136 0085 3 108 313 108 314 108 315
00031136 0086 3 108 315 108 316 108 317
00031136 0087 3 108 317 108 318 108 319
00031136 0088 3 108 319 108 320 108 321
00031136 0089 3 108 321 108 322 108 323
00031136 0090 3 108 323 108 324 108 325
00031136 0091 3 108 325 108 326 108 327
00031136 0092 4 108 327 108 328 108 329 108 330
00031136 0093 3 108 330 108 331 108 332
00031136 0094 3 108 332 108 333 108 334
00031136 0095 3 108 334 108 335 108 336
00031136 0096 3 108 336 108 337 108 338
00031136 0097 3 108 338 108 339 108 340
00031136 0098 3 108 340 108 341 108 342
00031136 0099 3 108 342 108 343 108 344
00031136 0100 3 108 344 108 345 108 346
00031136 0101 3 108 346 108 347 108 348
00031136 0102 3 108 348 108 349 108 350
00031136 0103 4 108 350 108 351 108 352 108 353
00031136 0104 3 108 353 108 354 108 355
00031136 0105 3 108 355 108 356 108 357
00031136 0106 3 108 357 108 358 108 359
00031136 0107 3 108 359 108 360 108 361
00031136 0108 3 108 361 108 362 108 363
00031136 0109 3 108 363 108 364 108 365
00031136 0110 3 108 365 108 366 108 367
00031136 0111 2 108 367 108 368
00031137 0000 3 108 368 108 369 108 370
00031137 0001 3 108 370 108 371 108 372
00031137 0002 3 108 372 108 373 108 374
00031137 0003 3 108 374 108 375 108 376
00031137 0004 4 108 376 108 377 108 378 108 379
00031137 0005 3 108 379 108 380 108 381
00031137 0006 3 108 381 108 382 108 383
00031137 0007 3 108 383 108 384 108 385
00031137 0008 3 108 385 108 386 108 387
00031137 0009 1 108 387
00031137 0010 3 108 389 108 390 108 391
00031137 0011 3 108 391 108 392 108 393
00031137 0012 3 108 393 108 394 108 395
00031137 0013 3 108 395 108 396 108 397
00031137 0014 3 108 397 108 398 108 399
00031137 0015 3 108 399 108 400 108 401
00031137 0016 3 108 401 108 402 108 403
00031137 0017 3 108 403 108 404 108 405
00031137 0018 3 108 405 108 406 108 407
00031138 0000 4 108 411 108 412 108 413 108 414
00031138 0001 3 108 414 108 415 108 416
00031138 0002 3 108 416 108 417 108 418
00031138 0003 3 108 418 108 419 108 420
00031138 0004 3 108 420 108 421 108 422
00031138 0005 2 108 422 108 423
00031138 0006 3 108 424 108 425 108 426
00031138 0007 4 108 426 108 427 108 428 108 429
00031138 0008 3 108 429 108 430 108 431
00031138 0009 3 108 431 108 432 108 433
00031138 0010 3 108 433 108 434 108 435
00031138 0011 3 108 435 108 436 108 437
00031138 0012 3 108 437 108 438 108 439
00031138 0013 2 108 439 108 440
00031138 0014 3 108 441 108 442 108 443
00031138 0015 3 108 443 108 444 108 445
00031138 0016 3 108 445 108 446 108 447
00031138 0017 3 108 447 108 448 108 449
00031138 0018 3 108 449 108 450 108 451
00031138 0019 3 108 451 108 452 108 453
00031138 0020 3 108 453 108 454 108 455
00031138 0021 4 108 455 108 456 108 457 108 458
00031138 0022 3 108 458 108 459 108 460
00031138 0023 4 108 460 108 461 108 462 108 463
00031138 0024 3 108 463 108 464 108 465
00031138 0025 3 108 465 108 466 108 467
00031138 0026 3 108 467 108 468 108 469
00031138 0027 3 108 469 108 470 108 471
00031138 0028 3 108 471 108 472 108 473
00031138 0029 3 108 473 108 474 108 475
00031138 0030 4 108 475 108 476 108 477 108 478
00031138 0031 1 108 478
00031145 0000 1 109 0
00031145 0001 3 109 0 109 1 109 2
00031145 0002 3 109 2 109 3 109 4
00031145 0003 3 109 4 109 5 109 6
00031145 0004 3 109 6 109 7 109 8
00031145 0005 3 109 8 109 9 109 10
00031145 0006 3 109 10 109 11 109 12
00031145 0007 3 109 12 109 13 109 14
00031145 0008 3 109 14 109 15 109 16
00031145 0009 4 109 16 109 17 109 18 109 19
00031145 0010 3 109 19 109 20 109 21
00031145 0011 5 109 21 109 22 109 23 109 24 109 25
00031145 0012 4 109 25 109 26 109 27 109 28
00031145 0013 3 109 28 109 29 109 30
00031145 0014 3 109 30 109 31 109 32
00031145 0015 3 109 32 109 33 109 34
00031145 0016 3 109 34 109 35 109 36
00031145 0017 3 109 36 109 37 109 38
00031145 0018 3 109 38 109 39 109 40
00031145 0019 4 109 40 109 41 109 42 109 43
00031145 0020 3 109 43 109 44 109 45
00031145 0021 3 109 45 109 46 109 47
00031145 0022 3 109 47 109 48 109 49
00031145 0023 3 109 49 109 50 109 51
00031145 0024 3 109 51 109 52 109 53
00031145 0025 3 109 53 109 54 109 55
00031145 0026 3 109 55 109 56 109 57
00031145 0027 3 109 57 109 58 109 59
00031145 0028 3 109 59 109 60 109 61
00031145 0029 4 109 61 109 62 109 63 109 64
00031145 0030 4 109 64 109 65 110 0 110 1
00031145 0031 3 110 1 110 2 110 3
00031145 0032 3 110 3 110 4 110 5
00031145 0033 3 110 5 110 6 110 7
00031145 0034 3 110 7 110 8 110 9
00031145 0035 4 110 9 110 10 110 11 110 12
00031145 0036 3 110 12 110 13 110 14
00031145 0037 4 110 14 110 15 110 16 110 17
00031145 0038 3 110 17 110 18 110 19
00031145 0039 3 110 19 110 20 110 21
00031145 0040 3 110 21 110 22 110 23
00031145 0041 3 110 23 110 24 110 25
00031145 0042 3 110 25 110 26 110 27
00031145 0043 4 110 27 110 28 110 29 110 30
00031145 0044 3 110 30 110 31 110 32
00031145 0045 3 110 32 110 33 110 34
00031146 0000 4 110 34 110 35 110 36 110 37
00031146 0001 3 110 37 110 38 110 39
00031146 0002 3 110 39 110 40 110 41
00031146 0003 3 110 41 110 42 110 43
00031146 0004 3 110 43 110 44 110 45
00031146 0005 3 110 45 110 46 110 47
00031146 0006 3 110 47 110 48 110 49
00031146 0007 3 110 49 110 50 110 51
00031146 0008 4 110 51 110 52 110 53 110 54
00031146 0009 3 110 54 110 55 110 56
00031146 0010 3 110 56 110 57 110 58
00031146 0011 3 110 58 110 59 110 60
00031146 0012 3 110 60 110 61 110 62
00031146 0013 3 110 62 110 63 110 64
00031146 0014 4 110 64 110 65 110 66 110 67
00031146 0015 3 110 67 110 68 110 69
00031146 0016 3 110 69 110 70 110 71
00031146 0017 2 110 71 110 72
00031146 0018 3 110 73 110 74 110 75
00031146 0019 3 110 75 110 76 110 77
00031146 0020 3 110 77 110 78 110 79
00031146 0021 3 110 79 110 80 110 81
00031146 0022 4 110 81 110 82 110 83 110 84
00031146 0023 3 110 84 110 85 110 86
00031146 0024 3 110 86 110 87 110 88
00031146 0025 3 110 88 110 89 110 90
00031146 0026 3 110 90 110 91 110 92
00031146 0027 3 110 92 110 93 110 94
00031146 0028 3 110 94 110 95 110 96
00031146 0029 3 110 96 110 97 110 98
00031146 0030 3 110 98 110 99 110 100
00031146 0031 4 110 100 110 101 110 102 110 103
00031146 0032 3 110 103 110 104 110 105
00031146 0033 3 110 105 110 106 110 107
00031146 0034 3 110 107 110 108 110 109
00031147 0000 3 110 109 110 110 110 111
00031147 0001 3 110 111 110 112 110 113
00031147 0002 3 110 113 110 114 110 115
00031147 0003 3 110 115 110 116 110 117
00031147 0004 3 110 117 110 118 110 119
00031147 0005 3 110 119 110 120 110 121
00031147 0006 3 110 121 110 122 110 123
00031147 0007 3 110 123 110 124 110 125
00031147 0008 4 110 125 110 126 110 127 110 128
00031147 0009 3 110 128 110 129 110 130
00031147 0010 3 110 130 110 131 110 132
00031147 0011 3 110 132 110 133 110 134
00031147 0012 3 110 134 110 135 110 136
00031147 0013 4 110 136 110 137 110 138 110 139
00031147 0014 3 110 139 110 140 110 141
00031147 0015 3 110 141 110 142 110 143
00031147 0016 3 110 143 110 144 110 145
00031147 0017 3 110 145 110 146 110 147
00031147 0018 3 110 147 110 148 110 149
00031147 0019 3 110 149 110 150 110 151
00031147 0020 3 110 152 110 153 110 154
00031147 0021 3 110 154 110 155 110 156
00031147 0022 3 110 156 110 157 110 158
00031147 0023 3 110 158 110 159 110 160
00031147 0024 4 110 160 110 161 110 162 110 163
00031147 0025 3 110 163 110 164 110 165
00031147 0026 2 110 165 110 166
00031147 0027 3 110 167 110 168 110 169
00031147 0028 3 110 169 110 170 110 171
00031147 0029 3 110 171 110 172 110 173
00031147 0030 3 110 173 110 174 110 175
00031147 0031 3 110 175 110 176 110 177
00031147 0032 3 110 177 110 178 110 179
00031147 0033 3 110 179 110 180 110 181
00031147 0034 4 110 181 110 182 110 183 110 184
00031147 0035 4 110 184 110 185 110 186 110 187
00031148 0000 3 110 191 110 192 110 193
00031148 0001 3 110 193 110 194 110 195
00031148 0002 3 110 195 110 196 110 197
00031148 0003 4 110 197 110 198 110 199 110 200
00031148 0004 3 110 200 110 201 110 202
00031148 0005 3 110 202 110 203 110 204
00031148 0006 3 110 204 110 205 110 206
00031148 0007 3 110 206 110 207 110 208
00031148 0008 3 110 208 110 209 110 210
00031148 0009 3 110 210 110 211 110 212
00031149 0000 3 110 212 110 213 110 214
00031149 0001 3 110 214 110 215 110 216
00031149 0002 3 110 216 110 217 110 218
00031149 0003 3 110 218 110 219 110 220
00031149 0004 4 110 220 110 221 110 222 110 223
00031149 0005 3 110 223 110 224 110 225
00031149 0006 3 110 225 110 226 110 227
00031149 0007 3 110 227 110 228 110 229
00031149 0008 3 110 229 110 230 110 231
00031149 0009 3 110 231 110 232 110 233
00031149 0010 3 110 233 110 234 110 235
00031149 0011 3 110 235 110 236 110 237
00031149 0012 4 110 237 110 238 110 239 110 240
00031149 0013 3 110 240 110 241 110 242
00031149 0014 3 110 242 110 243 110 244
00031149 0015 3 110 244 110 245 110 246
00031149 0016 3 110 246 110 247 110 248
00031149 0017 3 110 248 110 249 110 250
00031149 0018 3 110 250 110 251 110 252
00031149 0019 4 110 252 110 253 110 254 110 255
00031149 0020 3 110 255 110 256 110 257
00031149 0021 3 110 257 110 258 110 259
00031149 0022 3 110 259 110 260 110 261
00031149 0023 3 110 261 110 262 110 263
00031149 0024 3 110 263 110 264 110 265
00031149 0025 3 110 265 110 266 110 267
00031149 0026 4 110 267 110 268 110 269 110 270
00031149 0027 3 110 270 110 271 110 272
00031149 0028 3 110 272 110 273 110 274
00031149 0029 3 110 274 110 275 110 276
00031149 0030 4 110 276 110 277 110 278 110 279
00031149 0031 3 110 279 110 280 110 281
00031149 0032 3 110 281 110 282 110 283
00031149 0033 4 110 283 110 284 110 285 110 286
00031149 0034 3 110 286 110 287 110 288
00031149 0035 3 110 288 110 289 110 290
00031149 0036 3 110 290 110 291 110 292
00031149 0037 3 110 292 110 293 110 294
00031149 0038 3 110 294 110 295 110 296
00031149 0039 3 110 296 110 297 110 298
00031149 0040 3 110 298 110 299 110 300
00031149 0041 3 110 300 110 301 110 302
00031149 0042 3 110 302 110 303 110 304
00031149 0043 4 110 304 110 305 110 306 110 307
00031149 0044 3 110 307 110 308 110 309
00031149 0045 2 110 309 110 310
00031149 0046 3 110 311 110 312 110 313
00031149 0047 3 110 313 110 314 110 315
00031149 0048 3 110 315 110 316 110 317
00031149 0049 3 110 317 110 318 110 319
00031149 0050 3 110 319 110 320 110 321
00031149 0051 3 110 321 110 322 110 323
00031149 0052 3 110 323 110 324 110 325
00031149 0053 4 110 325 110 326 110 327 110 328
00031149 0054 3 110 328 110 329 110 330
00031149 0055 3 110 330 110 331 110 332
00031149 0056 3 110 332 110 333 110 334
00031149 0057 3 110 334 110 335 110 336
00031149 0058 3 110 336 110 337 110 338
00031149 0059 3 110 338 110 339 110 340
00031149 0060 4 110 340 110 341 110 342 110 343
00031149 0061 3 110 343 110 344 110 345
00031149 0062 3 110 345 110 346 110 347
00031149 0063 3 110 347 110 348 110 349
00031149 0064 3 110 349 110 350 110 351
00031149 0065 3 110 351 110 352 110 353
00031149 0066 3 110 353 110 354 110 355
00031149 0067 3 110 355 110 356 110 357
00031149 0068 3 110 357 110 358 110 359
00031149 0069 3 110 359 110 360 110 361
00031149 0070 3 110 361 110 362 110 363
00031149 0071 4 110 363 110 364 110 365 110 366
00031149 0072 3 110 366 110 367 110 368
00031149 0073 3 110 368 110 369 110 370
00031149 0074 3 110 370 110 371 110 372
00031149 0075 3 110 372 110 373 110 374
00031149 0076 3 110 374 110 375 110 376
00031149 0077 2 110 376 110 377
00031149 0078 3 110 378 110 379 110 380
00031149 0079 3 110 380 110 381 110 382
00031149 0080 3 110 382 110 383 110 384
00031149 0081 4 110 384 110 385 110 386 110 387
00031149 0082 3 110 387 110 388 110 389
00031149 0083 3 110 389 110 390 110 391
00031149 0084 3 110 391 110 392 110 393
00031149 0085 3 110 393 110 394 110 395
00031149 0086 3 110 395 110 396 110 397
00031149 0087 3 110 397 110 398 110 399
00031149 0088 3 110 399 110 400 110 401
00031149 0089 3 110 401 110 402 110 403
00031149 0090 3 110 403 110 404 110 405
00031149 0091 3 110 405 110 406 110 407
00031149 0092 3 110 407 110 408 110 409
00031149 0093 4 110 409 110 410 110 411 110 412
00031149 0094 3 110 412 110 413 110 414
00031149 0095 2 110 414 110 415
00031150 0000 2 110 417 110 418
00031150 0001 1 110 418
00031153 0000 1 111 0
00031153 0001 3 111 0 111 1 111 2
00031153 0002 3 111 2 111 3 111 4
00031153 0003 3 111 4 111 5 111 6
00031153 0004 3 111 6 111 7 111 8
00031153 0005 3 111 8 111 9 111 10
00031153 0006 3 111 10 111 11 111 12
00031153 0007 3 111 12 111 13 111 14
00031153 0008 3 111 14 111 15 111 16
00031153 0009 3 111 16 111 17 111 18
00031153 0010 3 111 18 111 19 111 20
00031153 0011 3 111 20 111 21 111 22
00031153 0012 3 111 22 111 23 111 24
00031153 0013 3 111 24 111 25 111 26
00031153 0014 3 111 26 111 27 111 28
00031153 0015 3 111 28 111 29 111 30
00031153 0016 4 111 30 111 31 111 32 111 33
00031153 0017 3 111 33 111 34 111 35
00031153 0018 3 111 35 111 36 111 37
00031153 0019 3 111 37 111 38 111 39
00031153 0020 4 111 39 111 40 111 41 111 42
00031153 0021 3 111 42 111 43 111 44
00031153 0022 3 111 44 111 45 111 46
00031153 0023 3 111 46 111 47 111 48
00031153 0024 4 111 48 111 49 111 50 111 51
00031153 0025 3 111 51 111 52 111 53
00031153 0026 3 111 53 111 54 111 55
00031153 0027 3 111 55 111 56 111 57
00031153 0028 3 111 57 111 58 111 59
00031153 0029 3 111 59 111 60 111 61
00031153 0030 3 111 61 111 62 111 63
00031153 0031 3 111 63 111 64 111 65
00031153 0032 3 111 65 111 66 111 67
00031153 0033 3 111 67 111 68 111 69
00031153 0034 3 111 69 111 70 111 71
00031153 0035 3 111 71 111 72 111 73
00031153 0036 3 111 73 111 74 111 75
00031153 0037 4 111 75 111 76 111 77 111 78
00031153 0038 3 111 78 111 79 111 80
00031153 0039 3 111 80 111 81 111 82
00031153 0040 3 111 82 111 83 111 84
00031154 0000 3 111 84 111 85 111 86
00031154 0001 3 111 86 111 87 111 88
00031154 0002 4 111 88 111 89 111 90 111 91
00031154 0003 4 111 91 111 92 111 93 111 94
00031154 0004 3 111 94 111 95 111 96
00031154 0005 4 111 96 111 97 111 98 111 99
00031154 0006 3 111 99 111 100 111 101
00031154 0007 3 111 101 111 102 111 103
00031154 0008 3 111 103 111 104 111 105
00031154 0009 3 111 105 111 106 111 107
00031154 0010 3 111 107 111 108 111 109
00031154 0011 3 111 109 111 110 111 111
00031154 0012 3 111 111 111 112 111 113
00031154 0013 3 111 113 111 114 111 115
00031154 0014 3 111 115 111 116 111 117
00031154 0015 3 111 117 111 118 111 119
00031154 0016 4 111 120 111 121 111 122 111 123
00031154 0017 3 111 123 111 124 111 125
00031154 0018 3 111 125 111 126 111 127
00031154 0019 3 111 127 111 128 111 129
00031154 0020 3 111 129 111 130 111 131
00031154 0021 3 111 131 111 132 111 133
00031154 0022 3 111 133 111 134 111 135
00031154 0023 3 111 135 111 136 111 137
00031154 0024 3 111 137 111 138 111 139
00031154 0025 3 111 139 111 140 111 141
00031154 0026 3 111 141 111 142 111 143
00031154 0027 3 111 143 111 144 111 145
00031155 0000 3 111 145 111 146 111 147
00031155 0001 3 111 147 111 148 111 149
00031155 0002 4 111 149 111 150 111 151 111 152
00031155 0003 3 111 152 111 153 111 154
00031155 0004 3 111 154 111 155 111 156
00031155 0005 3 111 156 111 157 111 158
00031155 0006 3 111 158 111 159 111 160
00031155 0007 3 111 160 111 161 111 162
00031155 0008 3 111 162 111 163 111 164
00031155 0009 3 111 164 111 165 111 166
00031155 0010 3 111 166 111 167 111 168
00031155 0011 3 111 168 111 169 111 170
00031155 0012 3 111 170 111 171 111 172
00031155 0013 3 111 172 111 173 111 174
00031155 0014 3 111 174 111 175 111 176
00031155 0015 4 111 176 111 177 111 178 111 179
00031155 0016 3 111 179 111 180 111 181
00031155 0017 3 111 181 111 182 111 183
00031155 0018 3 111 183 111 184 111 185
00031155 0019 3 111 185 111 186 111 187
00031155 0020 3 111 187 111 188 111 189
00031155 0021 3 111 189 111 190 111 191
00031155 0022 3 111 191 111 192 111 193
00031155 0023 2 111 193 111 194
00031155 0024 3 111 195 111 196 111 197
00031155 0025 4 111 197 111 198 111 199 111 200
00031155 0026 3 111 200 111 201 111 202
00031155 0027 3 111 202 111 203 111 204
00031155 0028 3 111 204 111 205 111 206
00031155 0029 3 111 206 111 207 111 208
00031155 0030 3 111 208 111 209 111 210
00031155 0031 3 111 210 111 211 111 212
00031155 0032 3 111 212 111 213 111 214
00031155 0033 3 111 214 111 215 111 216
00031155 0034 3 111 216 111 217 111 218
00031155 0035 3 111 218 111 219 111 220
00031155 0036 3 111 220 111 221 111 222
00031155 0037 3 111 222 111 223 111 224
00031155 0038 3 111 224 111 225 111 226
00031155 0039 4 111 226 111 227 111 228 111 229
00031155 0040 3 111 229 111 230 111 231
00031155 0041 3 111 231 111 232 111 233
00031155 0042 3 111 233 111 234 111 235
00031155 0043 4 111 235 111 236 111 237 111 238
00031155 0044 3 111 238 111 239 111 240
00031155 0045 4 111 240 111 241 111 242 111 243
00031155 0046 3 111 243 111 244 111 245
00031155 0047 3 111 245 111 246 111 247
00031155 0048 3 111 247 111 248 111 249
00031155 0049 3 111 249 111 250 111 251
00031155 0050 3 111 251 111 252 111 253
00031155 0051 3 111 253 111 254 111 255
00031155 0052 3 111 255 111 256 111 257
00031155 0053 3 111 257 111 258 111 259
00031155 0054 3 111 259 111 260 111 261
00031155 0055 3 111 261 111 262 111 263
00031155 0056 3 111 263 111 264 111 265
00031155 0057 3 111 265 111 266 111 267
00031155 0058 3 111 267 111 268 111 269
00031155 0059 3 111 269 111 270 111 271
00031155 0060 3 111 271 111 272 111 273
00031155 0061 3 111 273 111 274 111 275
00031155 0062 3 111 275 111 276 111 277
00031155 0063 3 111 277 111 278 111 279
00031155 0064 4 111 279 111 280 111 281 111 282
00031155 0065 3 111 282 111 283 111 284
00031155 0066 3 111 284 111 285 111 286
00031155 0067 4 111 286 111 287 111 288 111 289
00031155 0068 2 111 289 111 290
00031155 0069 3 111 291 111 292 111 293
00031155 0070 3 111 293 111 294 111 295
00031155 0071 3 111 295 111 296 111 297
00031155 0072 3 111 297 111 298 111 299
00031155 0073 4 111 299 111 300 111 301 111 302
00031155 0074 3 111 302 111 303 111 304
00031155 0075 3 111 304 111 305 111 306
00031155 0076 3 111 306 111 307 111 308
00031155 0077 3 111 308 111 309 111 310
00031155 0078 3 111 310 111 311 111 312
00031155 0079 3 111 312 111 313 111 314
00031155 0080 3 111 314 111 315 111 316
00031155 0081 4 111 316 111 317 111 318 111 319
00031155 0082 3 111 319 111 320 111 321
00031155 0083 3 111 321 111 322 111 323
00031155 0084 3 111 323 111 324 111 325
00031155 0085 3 111 325 111 326 111 327
00031155 0086 3 111 327 111 328 111 329
00031155 0087 2 111 329 111 330
00031155 0088 4 111 331 111 332 111 333 111 334
00031155 0089 3 111 334 111 335 111 336
00031155 0090 3 111 336 111 337 111 338
00031155 0091 3 111 338 111 339 111 340
00031155 0092 4 111 340 111 341 111 342 111 343
00031155 0093 3 111 343 111 344 111 345
00031155 0094 3 111 345 111 346 111 347
00031155 0095 3 111 347 111 348 111 349
00031155 0096 3 111 349 111 350 111 351
00031155 0097 3 111 351 111 352 111 353
00031155 0098 3 111 353 111 354 111 355
00031155 0099 4 111 355 111 356 111 357 111 358
00031155 0100 3 111 358 111 359 111 360
00031155 0101 3 111 360 111 361 111 362
00031155 0102 3 111 362 111 363 111 364
00031155 0103 3 111 364 111 365 111 366
00031155 0104 3 111 366 111 367 111 368
00031155 0105 3 111 368 111 369 111 370
00031155 0106 3 111 370 111 371 111 372
00031155 0107 3 111 372 111 373 111 374
00031155 0108 3 111 374 111 375 111 376
00031155 0109 3 111 376 111 377 111 378
00031155 0110 3 111 378 111 379 111 380
00031155 0111 3 111 380 111 381 111 382
00031155 0112 3 111 382 111 383 111 384
00031155 0113 4 111 384 111 385 111 386 111 387
00031155 0114 1 111 387
00031156 0000 3 111 388 111 389 111 390
00031156 0001 3 111 390 111 391 111 392
00031156 0002 3 111 392 111 393 111 394
00031156 0003 3 111 394 111 395 111 396
00031156 0004 2 111 396 111 397
00031156 0005 4 111 398 111 399 111 400 111 401
00031156 0006 3 111 401 111 402 111 403
00031156 0007 3 111 403 111 404 111 405
00031156 0008 2 111 405 111 406
00031157 0000 2 111 408 111 409
00031157 0001 3 111 409 111 410 111 411
00031157 0002 3 111 411 111 412 111 413
00031157 0003 3 111 413 111 414 111 415
00031157 0004 3 111 415 111 416 111 417
00031157 0005 3 111 417 111 418 111 419
00031157 0006 3 111 419 111 420 111 421
00031157 0007 4 111 421 111 422 111 423 111 424
00031157 0008 3 111 424 111 425 111 426
00031157 0009 3 111 426 111 427 111 428
00031157 0010 3 111 428 111 429 111 430
00031157 0011 3 111 430 111 431 111 432
00031157 0012 3 111 432 111 433 111 434
00031157 0013 3 111 434 111 435 111 436
00031157 0014 3 111 436 111 437 111 438
00031157 0015 3 111 438 111 439 111 440
00031157 0016 3 111 440 111 441 111 442
00031157 0017 3 111 442 111 443 111 444
00031157 0018 3 111 444 111 445 111 446
00031157 0019 3 111 446 111 447 111 448
00031157 0020 4 111 448 111 449 111 450 111 451
00031157 0021 3 111 451 111 452 111 453
00031157 0022 3 111 453 111 454 111 455
00031157 0023 3 111 455 111 456 111 457
00031157 0024 3 111 457 111 458 111 459
00031157 0025 3 111 459 111 460 111 461
00031157 0026 3 111 461 111 462 111 463
00031157 0027 3 111 463 111 464 111 465
00031157 0028 3 111 465 111 466 111 467
00031157 0029 3 111 467 111 468 111 469
00031157 0030 3 111 469 111 470 111 471
00031157 0031 3 111 471 111 472 111 473
00031157 0032 4 111 473 111 474 111 475 111 476
00031157 0033 3 111 476 111 477 111 478
00031157 0034 3 111 478 111 479 111 480
00031157 0035 3 111 480 111 481 111 482
00031157 0036 4 111 482 111 483 111 484 111 485
00031157 0037 2 111 485 111 486
00031158 0000 4 111 486 111 487 111 488 111 489
00031158 0001 3 111 489 111 490 111 491
00031158 0002 3 111 491 111 492 111 493
00031158 0003 3 111 493 111 494 111 495
00031158 0004 3 111 495 111 496 111 497
00031158 0005 4 111 497 111 498 111 499 111 500
00031158 0006 3 111 500 111 501 111 502
00031158 0007 3 111 502 111 503 111 504
00031158 0008 3 111 504 111 505 111 506
00031158 0009 3 111 506 111 507 111 508
00031158 0010 3 111 508 111 509 111 510
00031158 0011 4 111 510 111 511 111 512 111 513
00031158 0012 3 111 513 111 514 111 515
00031158 0013 3 111 515 111 516 111 517
00031158 0014 3 111 517 111 518 111 519
00031158 0015 3 111 519 112 0 112 1
00031158 0016 3 112 1 112 2 112 3
00031158 0017 3 112 4 112 5 112 6
00031158 0018 3 112 6 112 7 112 8
00031158 0019 3 112 8 112 9 112 10
00031158 0020 3 112 10 112 11 112 12
00031158 0021 3 112 12 112 13 112 14
00031158 0022 3 112 14 112 15 112 16
00031158 0023 3 112 16 112 17 112 18
00031158 0024 3 112 18 112 19 112 20
00031158 0025 3 112 20 112 21 112 22
00031158 0026 3 112 22 112 23 112 24
00031158 0027 5 112 24 112 25 112 26 112 27 112 28
00031158 0028 3 112 28 112 29 112 30
00031158 0029 3 112 30 112 31 112 32
00031158 0030 3 112 32 112 33 112 34
00031158 0031 3 112 34 112 35 112 36
00031158 0032 3 112 36 112 37 112 38
00031158 0033 2 112 38 112 39
00031158 0034 3 112 40 112 41 112 42
00031158 0035 2 112 42 112 43
00031158 0036 2 112 44 112 45
00031158 0037 2 112 46 112 47
00031159 0000 2 112 47 112 48
00031160 0000 3 112 49 112 50 112 51
00031160 0001 4 112 51 112 52 112 53 112 54
00031160 0002 3 112 54 112 55 112 56
00031160 0003 3 112 56 112 57 112 58
00031160 0004 3 112 58 112 59 112 60
00031160 0005 3 112 60 112 61 112 62
00031160 0006 3 112 62 112 63 112 64
00031160 0008 1 113 0
00031160 0009 3 113 0 113 1 113 2
00031160 0010 3 113 2 113 3 113 4
00031160 0011 3 113 4 113 5 113 6
00031160 0012 3 113 6 113 7 113 8
00031160 0013 3 113 8 113 9 113 10
00031160 0014 3 113 10 113 11 113 12
00031160 0015 3 113 12 113 13 113 14
00031160 0016 3 113 14 113 15 113 16
00031160 0017 4 113 16 113 17 113 18 113 19
00031160 0018 3 113 19 113 20 113 21
00031160 0019 3 113 21 113 22 113 23
00031160 0020 3 113 23 113 24 113 25
00031160 0021 3 113 25 113 26 113 27
00031160 0022 3 113 27 113 28 113 29
00031160 0023 3 113 29 113 30 113 31
00031160 0024 3 113 31 113 32 113 33
00031160 0025 3 113 33 113 34 113 35
00031160 0026 3 113 35 113 36 113 37
00031160 0027 3 113 37 113 38 113 39
00031160 0028 3 113 39 113 40 113 41
00031160 0029 3 113 41 113 42 113 43
00031160 0030 3 113 43 113 44 113 45
00031160 0031 3 113 45 113 46 113 47
00031160 0032 3 113 47 113 48 113 49
00031160 0033 3 113 49 113 50 113 51
00031160 0034 2 113 51 113 52
00031161 0000 3 113 52 113 53 113 54
00031161 0001 2 113 54 113 55
00031162 0000 1 113 57
00031163 0000 3 113 57 113 58 113 59
00031163 0001 3 113 59 113 60 113 61
00031163 0002 3 113 61 113 62 113 63
00031163 0003 3 113 63 113 64 113 65
00031163 0004 3 113 65 113 66 113 67
00031163 0005 3 113 67 113 68 113 69
00031166 0000 3 113 71 113 72 113 73
00031166 0001 3 113 73 113 74 113 75
00031166 0002 3 113 75 113 76 113 77
00031166 0003 3 113 77 113 78 113 79
00031166 0004 3 113 79 113 80 113 81
00031166 0005 5 113 81 113 82 113 83 113 84 113 85
00031166 0006 2 113 85 113 86
00031167 0000 7 113 86 113 87 113 88 113 89 113 90 113 91 113 92
00031167 0001 9 113 92 113 93 113 94 113 95 113 96 113 97 113 98 113 99 113 100
00031167 0002 3 113 100 113 101 113 102
00031167 0003 3 113 102 113 103 113 104
00031167 0004 3 113 104 113 105 113 106
00031167 0005 3 113 106 113 107 113 108
00031167 0006 4 113 108 113 109 113 110 113 111
00031167 0007 3 113 111 113 112 113 113
00031167 0008 3 113 113 113 114 113 115
00031167 0009 3 113 115 113 116 113 117
00031167 0010 3 113 117 113 118 113 119
00031167 0011 3 113 119 113 120 113 121
00031167 0012 4 113 121 113 122 113 123 113 124
00031167 0013 3 113 124 113 125 113 126
00031167 0014 3 113 126 113 127 113 128
00031167 0015 3 113 128 113 129 113 130
00031167 0016 3 113 130 113 131 113 132
00031167 0017 3 113 132 113 133 113 134
00031167 0018 3 113 134 113 135 113 136
00031167 0019 3 113 136 113 137 113 138
00031167 0020 3 113 138 113 139 113 140
00031167 0021 3 113 140 113 141 113 142
00031167 0022 4 113 142 113 143 113 144 113 145
00031167 0023 3 113 145 113 146 113 147
00031167 0024 3 113 147 113 148 113 149
00031167 0025 3 113 149 113 150 113 151
00031167 0026 5 113 151 113 152 113 153 113 154 113 155
00031167 0027 3 113 155 113 156 113 157
00031167 0028 3 113 157 113 158 113 159
00031167 0029 3 113 159 113 160 113 161
00031167 0030 3 113 161 113 162 113 163
00031167 0031 3 113 163 113 164 113 165
00031167 0032 3 113 165 113 166 113 167
00031167 0033 4 113 167 113 168 113 169 113 170
00031167 0034 3 113 170 113 171 113 172
00031167 0035 2 113 172 113 173
00031168 0000 3 113 174 113 175 113 176
00031168 0001 4 113 176 113 177 113 178 113 179
00031168 0002 3 113 179 113 180 113 181
00031168 0003 3 113 181 113 182 113 183
00031168 0004 3 113 183 113 184 113 185
00031168 0005 3 113 185 113 186 113 187
00031168 0006 3 113 187 113 188 113 189
00031168 0007 3 113 189 113 190 113 191
00031168 0008 3 113 191 113 192 113 193
00031168 0009 3 113 193 113 194 113 195
00031168 0010 3 113 195 113 196 113 197
00031168 0011 3 113 197 113 198 113 199
00031168 0012 3 113 199 113 200 113 201
00031168 0013 3 113 201 113 202 113 203
00031168 0014 3 113 203 113 204 113 205
00031168 0015 3 113 205 113 206 113 207
00031168 0016 4 113 207 113 208 113 209 113 210
00031168 0017 3 113 210 113 211 113 212
00031168 0018 3 113 212 113 213 113 214
00031168 0019 3 113 214 113 215 113 216
00031168 0020 3 113 216 113 217 113 218
00031168 0021 3 113 218 113 219 113 220
00031168 0022 3 113 220 113 221 113 222
00031168 0023 3 113 222 113 223 113 224
00031168 0024 3 113 224 113 225 113 226
00031168 0025 4 113 226 113 227 113 228 113 229
00031168 0026 3 113 229 113 230 113 231
00031168 0027 3 113 231 113 232 113 233
00031168 0028 3 113 233 113 234 113 235
00031168 0029 3 113 235 113 236 113 237
00031168 0030 2 113 237 113 238
00031168 0031 3 113 239 113 240 113 241
00031168 0032 3 113 241 113 242 113 243
00031168 0033 3 113 243 113 244 113 245
00031168 0034 3 113 245 113 246 113 247
00031168 0035 3 113 247 113 248 113 249
00031168 0036 4 113 249 113 250 113 251 113 252
00031168 0037 3 113 252 113 253 113 254
00031168 0038 3 113 254 113 255 113 256
00031168 0039 3 113 256 113 257 113 258
00031168 0040 3 113 258 113 259 113 260
00031168 0041 3 113 260 113 261 113 262
00031168 0042 3 113 262 113 263 113 264
00031168 0043 3 113 264 113 265 113 266
00031168 0044 3 113 266 113 267 113 268
00031168 0045 5 113 268 113 269 113 270 113 271 113 272
00031168 0046 3 113 272 113 273 113 274
00031168 0047 3 113 274 113 275 113 276
00031168 0048 3 113 276 113 277 113 278
00031168 0049 2 113 278 113 279
00031169 0000 9 113 279 113 280 113 281 113 282 113 283 113 284 113 285 113 286 113 287
00031169 0001 10 113 287 113 288 114 0 114 1 114 2 114 3 114 4 114 5 114 6 114 7
00031169 0002 6 114 7 114 8 114 9 114 10 114 11 114 12
00031169 0003 3 114 12 114 13 114 14
00031169 0004 3 114 14 114 15 114 16
00031169 0005 3 114 16 114 17 114 18
00031169 0006 3 114 18 114 19 114 20
00031169 0007 3 114 20 114 21 114 22
00031169 0008 2 114 22 114 23
00031169 0009 3 114 24 114 25 114 26
00031169 0010 3 114 26 114 27 114 28
00031169 0011 3 114 28 114 29 114 30
00031169 0012 4 114 30 114 31 114 32 114 33
00031169 0013 3 114 33 114 34 114 35
00031169 0014 3 114 35 114 36 114 37
00031169 0015 4 114 37 114 38 114 39 114 40
00031169 0016 4 114 40 114 41 114 42 114 43
00031169 0017 3 114 43 114 44 114 45
00031169 0018 3 114 45 114 46 114 47
00031169 0019 3 114 47 114 48 114 49
00031169 0020 3 114 49 114 50 114 51
00031169 0021 3 114 51 114 52 114 53
00031169 0022 3 114 53 114 54 114 55
00031169 0023 3 114 55 114 56 114 57
00031169 0024 2 114 57 114 58
00031169 0025 3 114 59 114 60 114 61
00031169 0026 3 114 61 114 62 114 63
00031169 0027 3 114 63 114 64 114 65
00031169 0028 2 114 65 114 66
00031169 0029 3 114 67 114 68 114 69
00031169 0030 4 114 69 114 70 114 71 114 72
00031169 0031 3 114 72 114 73 114 74
00031169 0032 4 114 74 114 75 114 76 114 77
00031169 0033 3 114 77 114 78 114 79
00031169 0034 2 114 79 114 80
00031169 0035 3 114 81 114 82 114 83
00031169 0036 3 114 83 114 84 114 85
00031169 0037 3 114 85 114 86 114 87
00031169 0038 3 114 87 114 88 114 89
00031169 0039 3 114 89 114 90 114 91
00031169 0040 3 114 91 114 92 114 93
00031169 0041 3 114 93 114 94 114 95
00031169 0042 3 114 95 114 96 114 97
00031169 0043 3 114 97 114 98 114 99
00031169 0044 3 114 99 114 100 114 101
00031169 0045 3 114 101 114 102 114 103
00031169 0046 3 114 103 114 104 114 105
00031169 0047 3 114 105 114 106 114 107
00031169 0048 3 114 107 114 108 114 109
00031169 0049 2 114 109 114 110
00031169 0050 4 114 111 114 112 114 113 114 114
00031169 0051 3 114 114 114 115 114 116
00031169 0052 3 114 116 114 117 114 118
00031169 0053 3 114 118 114 119 114 120
00031169 0054 3 114 120 114 121 114 122
00031169 0055 1 114 122
00031178 0000 3 116 3 116 4 116 5
00031178 0001 3 116 5 116 6 116 7
00031178 0002 3 116 7 116 8 116 9
00031178 0003 3 116 9 116 10 116 11
00031178 0004 5 116 11 116 12 116 13 116 14 116 15
00031178 0005 4 116 15 116 16 116 17 116 18
00031178 0006 3 116 18 116 19 116 20
00031178 0007 3 116 20 116 21 116 22
00031178 0008 3 116 22 116 23 116 24
00031178 0009 4 116 24 116 25 116 26 116 27
00031178 0010 3 116 27 116 28 116 29
00031178 0011 3 116 29 116 30 116 31
00031178 0012 3 116 31 116 32 116 33
00031178 0013 3 116 33 116 34 116 35
00031178 0014 3 116 35 116 36 116 37
00031178 0015 3 116 37 116 38 116 39
00031178 0016 3 116 39 116 40 116 41
00031178 0017 3 116 42 116 43 116 44
00031178 0018 3 116 44 116 45 116 46
00031178 0019 3 116 46 116 47 116 48
00031178 0020 3 116 48 116 49 116 50
00031178 0021 3 116 50 116 51 116 52
00031178 0022 3 116 52 116 53 116 54
00031178 0023 3 116 54 116 55 116 56
00031178 0024 4 116 56 116 57 116 58 116 59
00031178 0025 3 116 59 116 60 116 61
00031178 0026 3 116 61 116 62 116 63
00031178 0027 3 116 63 116 64 116 65
00031178 0028 3 116 65 116 66 116 67
00031178 0029 3 116 67 116 68 116 69
00031178 0030 3 116 69 116 70 116 71
00031178 0031 3 116 71 116 72 116 73
00031178 0032 3 116 73 116 74 116 75
00031178 0033 3 116 76 116 77 116 78
00031178 0034 3 116 78 116 79 116 80
00031178 0035 3 116 80 116 81 116 82
00031178 0036 3 116 82 116 83 116 84
00031178 0037 2 116 84 116 85
00031178 0038 3 116 86 116 87 116 88
00031178 0039 3 116 88 116 89 116 90
00031178 0040 4 116 90 116 91 116 92 116 93
00031178 0041 3 116 93 116 94 116 95
00031178 0042 3 116 95 116 96 116 97
00031178 0043 3 116 97 116 98 116 99
00031178 0044 3 116 99 116 100 116 101
00031178 0045 3 116 101 116 102 116 103
00031178 0046 3 116 103 116 104 116 105
00031178 0047 3 116 106 116 107 116 108
00031178 0048 3 116 108 116 109 116 110
00031178 0049 3 116 110 116 111 116 112
00031178 0050 3 116 112 116 113 116 114
00031178 0051 3 116 114 116 115 116 116
00031178 0052 3 116 116 116 117 116 118
00031178 0053 3 116 118 116 119 116 120
00031178 0054 3 116 120 116 121 116 122
00031178 0055 4 116 122 116 123 116 124 116 125
00031178 0056 3 116 125 116 126 116 127
00031178 0057 3 116 127 116 128 116 129
00031178 0058 3 116 129 116 130 116 131
00031178 0059 3 116 131 116 132 116 133
00031178 0060 3 116 133 116 134 116 135
00031178 0061 4 116 135 116 136 116 137 116 138
00031178 0062 3 116 138 116 139 116 140
00031178 0063 3 116 140 116 141 116 142
00031178 0064 4 116 142 116 143 116 144 116 145
00031178 0065 3 116 145 116 146 116 147
00031178 0066 3 116 147 116 148 116 149
00031178 0067 3 116 149 116 150 116 151
00031178 0068 3 116 151 116 152 116 153
00031178 0069 3 116 153 116 154 116 155
00031178 0070 3 116 155 116 156 116 157
00031178 0071 3 116 157 116 158 116 159
00031178 0072 4 116 159 116 160 116 161 116 162
00031178 0073 3 116 162 116 163 116 164
00031178 0074 3 116 164 116 165 116 166
00031178 0075 3 116 166 116 167 116 168
00031178 0076 3 116 168 116 169 116 170
00031178 0077 3 116 170 116 171 116 172
00031178 0078 4 116 172 116 173 116 174 116 175
00031178 0079 3 116 175 116 176 116 177
00031178 0080 3 116 177 116 178 116 179
00031178 0081 3 116 179 116 180 116 181
00031178 0082 3 116 181 116 182 116 183
00031178 0083 3 116 183 116 184 116 185
00031178 0084 3 116 185 116 186 116 187
00031178 0085 3 116 187 116 188 116 189
00031178 0086 3 116 189 116 190 116 191
00031178 0087 3 116 191 116 192 116 193
00031178 0088 4 116 193 116 194 116 195 116 196
00031178 0089 3 116 196 116 197 116 198
00031178 0090 3 116 198 116 199 116 200
00031178 0091 3 116 200 116 201 116 202
00031178 0092 3 116 202 116 203 116 204
00031178 0093 4 116 204 116 205 116 206 116 207
00031178 0094 3 116 207 116 208 116 209
00031178 0095 4 116 209 116 210 116 211 116 212
00031178 0096 3 116 212 116 213 116 214
00031178 0097 3 116 214 116 215 116 216
00031178 0098 3 116 216 116 217 116 218
00031178 0099 3 116 218 116 219 116 220
00031178 0100 3 116 220 116 221 116 222
00031178 0101 3 116 222 116 223 116 224
00031178 0102 3 116 224 116 225 116 226
00031178 0103 4 116 226 116 227 116 228 116 229
00031178 0104 3 116 229 116 230 116 231
00031178 0105 3 116 231 116 232 116 233
00031178 0106 3 116 233 116 234 116 235
00031178 0107 2 116 235 116 236
00031178 0108 3 116 237 116 238 116 239
00031178 0109 3 116 239 116 240 116 241
00031178 0110 2 116 241 116 242
00031178 0111 2 116 244 116 245
00031178 0112 3 116 246 116 247 116 248
00031178 0113 3 116 248 116 249 116 250
00031178 0114 2 116 250 116 251
00031178 0115 3 116 252 116 253 116 254
00031178 0116 4 116 254 116 255 116 256 116 257
00031178 0117 3 116 257 116 258 116 259
00031178 0118 3 116 259 116 260 116 261
00031178 0119 3 116 261 116 262 116 263
00031178 0120 3 116 263 116 264 116 265
00031178 0121 4 116 265 116 266 116 267 116 268
00031178 0122 3 116 268 116 269 116 270
00031178 0123 3 116 270 116 271 116 272
00031178 0124 3 116 272 116 273 116 274
00031178 0125 3 116 274 116 275 116 276
00031178 0126 3 116 276 116 277 116 278
00031178 0127 4 116 278 116 279 116 280 116 281
00031178 0128 3 116 281 116 282 116 283
00031178 0129 3 116 283 116 284 116 285
00031178 0130 3 116 285 116 286 116 287
00031178 0131 3 116 287 116 288 116 289
00031178 0132 3 116 289 116 290 116 291
00031178 0133 3 116 291 116 292 116 293
00031178 0134 3 116 293 116 294 116 295
00031178 0135 3 116 295 116 296 116 297
00031178 0136 4 116 297 116 298 116 299 116 300
00031178 0137 3 116 300 116 301 116 302
00031178 0138 3 116 302 116 303 116 304
00031178 0139 3 116 304 116 305 116 306
00031178 0140 4 116 306 116 307 116 308 116 309
00031178 0141 5 116 309 116 310 116 311 116 312 116 313
00031178 0142 6 116 313 116 314 116 315 116 316 116 317 116 318
00031178 0143 3 116 318 116 319 116 320
00031178 0144 3 116 320 116 321 116 322
00031178 0145 3 116 322 116 323 116 324
00031178 0146 4 116 324 116 325 116 326 116 327
00031178 0147 3 116 327 116 328 116 329
00031178 0148 3 116 329 116 330 116 331
00031178 0149 3 116 331 116 332 116 333
00031178 0150 3 116 333 116 334 116 335
00031178 0151 2 116 335 116 336
00031179 0000 3 116 336 116 337 116 338
00031179 0001 5 116 338 116 339 116 340 117 0 117 1
00031179 0002 3 117 1 117 2 117 3
00031179 0003 3 117 3 117 4 117 5
00031179 0004 4 117 5 117 6 117 7 117 8
00031179 0005 3 117 8 117 9 117 10
00031179 0006 3 117 10 117 11 117 12
00031179 0007 4 117 12 117 13 117 14 117 15
00031179 0008 3 117 15 117 16 117 17
00031179 0009 3 117 17 117 18 117 19
00031179 0010 3 117 19 117 20 117 21
00031179 0011 3 117 21 117 22 117 23
00031179 0012 4 117 23 117 24 117 25 117 26
00031179 0013 3 117 26 117 27 117 28
00031179 0014 3 117 28 117 29 117 30
00031179 0015 3 117 30 117 31 117 32
00031179 0016 3 117 32 117 33 117 34
00031179 0017 3 117 34 117 35 117 36
00031179 0018 3 117 36 117 37 117 38
00031179 0019 3 117 38 117 39 117 40
00031179 0020 4 117 40 117 41 117 42 117 43
00031179 0021 3 117 43 117 44 117 45
00031179 0022 3 117 45 117 46 117 47
00031179 0023 3 117 47 117 48 117 49
00031179 0024 3 117 49 117 50 117 51
00031179 0025 3 117 51 117 52 117 53
00031179 0026 4 117 53 117 54 117 55 117 56
00031179 0027 3 117 56 117 57 117 58
00031179 0028 3 117 58 117 59 117 60
00031179 0029 3 117 60 117 61 117 62
00031179 0030 4 117 62 117 63 117 64 117 65
00031179 0031 3 117 65 117 66 117 67
00031179 0032 3 117 67 117 68 117 69
00031179 0033 3 117 69 117 70 117 71
00031179 0034 3 117 71 117 72 117 73
00031179 0035 3 117 73 117 74 117 75
00031179 0036 3 117 75 117 76 117 77
00031179 0037 3 117 77 117 78 117 79
00031179 0038 4 117 79 117 80 117 81 117 82
00031179 0039 3 117 82 117 83 117 84
00031179 0040 4 117 84 117 85 117 86 117 87
00031179 0041 3 117 87 117 88 117 89
00031179 0042 3 117 89 117 90 117 91
00031179 0043 3 117 91 117 92 117 93
00031179 0044 3 117 93 117 94 117 95
00031179 0045 3 117 95 117 96 117 97
00031179 0046 3 117 97 117 98 117 99
00031179 0047 3 117 99 117 100 117 101
00031179 0048 4 117 101 117 102 117 103 117 104
00031179 0049 3 117 104 117 105 117 106
00031179 0050 3 117 106 117 107 117 108
00031179 0051 3 117 108 117 109 117 110
00031179 0052 3 117 110 117 111 117 112
00031179 0053 4 117 112 117 113 117 114 117 115
00031179 0054 3 117 115 117 116 117 117
00031179 0055 5 117 118 117 119 117 120 117 121 117 122
00031179 0056 3 117 122 117 123 117 124
00031179 0057 4 117 125 117 126 117 127 117 128
00031179 0058 4 117 128 117 129 117 130 117 131
00031179 0059 4 117 131 117 132 117 133 117 134
00031179 0060 3 117 134 117 135 117 136
00031179 0061 5 117 136 117 137 117 138 117 139 117 140
00031180 0000 3 117 140 117 141 117 142
00031180 0001 1 117 142
00031183 0001 1 119 0
00031183 0002 3 119 0 119 1 119 2
00031183 0003 3 119 2 119 3 119 4
00031183 0004 2 119 4 119 5
00031183 0005 3 120 0 121 0 121 1
00031183 0006 3 121 1 121 2 121 3
00031183 0007 3 121 3 121 4 121 5
00031183 0008 3 121 5 121 6 121 7
00031183 0009 3 121 7 121 8 121 9
00031183 0010 3 121 9 121 10 121 11
00031183 0011 3 121 11 121 12 121 13
00031183 0012 3 121 13 121 14 121 15
00031183 0013 3 121 15 121 16 121 17
00031183 0014 3 121 17 121 18 121 19
00031183 0015 4 121 19 121 20 121 21 121 22
00031183 0016 3 121 22 121 23 121 24
00031183 0017 3 121 24 121 25 121 26
00031183 0018 3 121 26 121 27 121 28
00031183 0019 2 121 28 121 29
00031184 0000 2 121 31 121 32
00031184 0001 3 121 32 121 33 121 34
00031184 0002 3 121 34 121 35 121 36
00031184 0003 3 121 36 121 37 121 38
00031184 0004 3 121 38 121 39 121 40
00031184 0005 3 121 40 121 41 121 42
00031184 0006 3 121 42 121 43 121 44
00031184 0007 3 121 44 121 45 121 46
00031184 0008 3 121 46 121 47 121 48
00031184 0009 4 121 48 121 49 121 50 121 51
00031184 0010 3 121 51 121 52 121 53
00031184 0011 3 121 53 121 54 122 0
00031184 0012 3 122 0 122 1 122 2
00031184 0013 4 122 2 122 3 122 4 122 5
00031184 0014 3 122 5 122 6 122 7
00031184 0015 4 122 7 122 8 122 9 122 10
00031184 0016 3 122 10 122 11 122 12
00031184 0017 3 122 12 122 13 122 14
00031184 0018 5 122 14 122 15 122 16 122 17 122 18
00031184 0019 3 122 18 122 19 122 20
00031184 0020 3 122 20 122 21 122 22
00031184 0021 3 122 22 122 23 122 24
00031184 0022 3 122 24 122 25 122 26
00031184 0023 3 122 26 122 27 122 28
00031184 0024 4 122 28 122 29 122 30 122 31
00031184 0025 4 122 31 122 32 122 33 122 34
00031184 0026 3 122 34 122 35 122 36
00031184 0027 3 122 36 122 37 122 38
00031184 0028 3 122 38 122 39 122 40
00031184 0029 3 122 40 122 41 122 42
00031184 0030 4 122 42 122 43 122 44 122 45
00031184 0031 3 122 45 122 46 122 47
00031184 0032 3 122 47 122 48 122 49
00031184 0033 4 122 49 122 50 122 51 122 52
00031184 0034 3 122 52 122 53 122 54
00031184 0035 3 122 54 122 55 122 56
00031184 0036 3 122 56 122 57 122 58
00031184 0037 3 122 58 122 59 122 60
00031184 0038 5 122 60 122 61 122 62 122 63 122 64
00031184 0039 3 122 64 122 65 122 66
00031184 0040 3 122 66 122 67 122 68
00031184 0041 3 122 68 122 69 122 70
00031184 0042 3 122 70 122 71 122 72
00031184 0043 4 122 72 122 73 122 74 122 75
00031184 0044 3 122 75 122 76 122 77
00031184 0045 3 122 77 122 78 122 79
00031184 0046 4 122 79 122 80 122 81 122 82
00031184 0047 4 122 82 122 83 122 84 122 85
00031184 0048 2 122 85 122 86
00031184 0049 3 122 87 122 88 122 89
00031184 0050 3 122 89 122 90 122 91
00031184 0051 3 122 91 122 92 122 93
00031184 0052 3 122 93 122 94 122 95
00031185 0000 4 122 95 122 96 122 97 122 98
00031185 0001 3 122 98 122 99 122 100
00031185 0002 3 122 100 122 101 122 102
00031185 0003 3 122 102 122 103 122 104
00031185 0004 3 122 104 122 105 122 106
00031185 0005 3 122 106 122 107 122 108
00031185 0006 3 122 108 122 109 122 110
00031185 0007 2 122 110 122 111
00031185 0008 3 122 112 122 113 122 114
00031185 0009 3 122 114 122 115 122 116
00031185 0010 4 122 116 122 117 122 118 122 119
00031185 0011 3 122 119 122 120 122 121
00031185 0012 3 122 121 122 122 122 123
00031185 0013 3 122 123 122 124 122 125
00031185 0014 3 122 125 122 126 122 127
00031185 0015 3 122 127 122 128 122 129
00031185 0016 3 122 129 122 130 122 131
00031185 0017 4 122 131 122 132 122 133 122 134
00031185 0018 4 122 134 122 135 122 136 122 137
00031185 0019 3 122 137 122 138 122 139
00031185 0020 3 122 139 122 140 122 141
00031185 0021 3 122 141 122 142 122 143
00031185 0022 2 122 143 122 144
00031185 0023 3 122 145 122 146 122 147
00031185 0024 4 122 147 122 148 122 149 122 150
00031185 0025 3 122 150 122 151 122 152
00031185 0026 3 122 152 122 153 122 154
00031185 0027 3 122 154 122 155 122 156
00031185 0028 3 122 156 122 157 122 158
00031186 0000 3 122 159 122 160 122 161
00031186 0001 3 122 162 122 163 122 164
00031186 0002 3 122 165 122 166 122 167
00031186 0003 3 122 167 122 168 122 169
00031186 0004 3 122 169 122 170 122 171
00031186 0005 3 122 171 122 172 122 173
00031186 0006 4 122 173 122 174 122 175 122 176
00031186 0007 3 122 176 122 177 122 178
00031186 0008 3 122 178 122 179 122 180
00031186 0009 3 122 180 122 181 122 182
00031186 0010 3 122 182 122 183 122 184
00031186 0011 3 122 184 122 185 122 186
00031186 0012 3 122 186 122 187 122 188
00031186 0013 3 122 188 122 189 122 190
00031186 0014 3 122 190 122 191 122 192
00031186 0015 3 122 192 122 193 122 194
00031186 0016 3 122 194 122 195 122 196
00031186 0017 3 122 196 122 197 122 198
00031186 0018 3 122 198 122 199 122 200
00031186 0019 3 122 200 122 201 122 202
00031186 0020 4 122 202 122 203 122 204 122 205
00031186 0021 3 122 205 122 206 122 207
00031186 0022 3 122 207 122 208 122 209
00031186 0023 3 122 209 122 210 122 211
00031186 0024 3 122 211 122 212 122 213
00031186 0025 3 122 213 122 214 122 215
00031186 0026 3 122 215 122 216 122 217
00031186 0027 3 122 217 122 218 122 219
00031186 0028 3 122 219 122 220 122 221
00031186 0029 3 122 221 122 222 122 223
00031186 0030 3 122 223 122 224 122 225
00031186 0031 3 122 225 122 226 122 227
00031186 0032 3 122 227 122 228 122 229
00031186 0033 3 122 229 122 230 122 231
00031186 0034 3 122 231 122 232 122 233
00031186 0035 4 122 233 122 234 122 235 122 236
00031186 0036 3 122 236 122 237 122 238
00031186 0037 3 122 238 122 239 122 240
00031186 0038 3 122 240 122 241 122 242
00031186 0039 3 122 242 122 243 122 244
00031186 0040 3 122 244 122 245 122 246
00031186 0041 3 122 246 122 247 122 248
00031186 0042 3 122 248 122 249 122 250
00031186 0043 3 122 250 122 251 122 252
00031186 0044 3 122 252 122 253 122 254
00031186 0045 3 122 254 122 255 122 256
00031186 0046 3 122 256 122 257 122 258
00031186 0047 3 122 258 122 259 122 260
00031186 0048 3 122 260 122 261 122 262
00031186 0049 4 122 262 122 263 122 264 122 265
00031186 0050 3 122 265 122 266 122 267
00031186 0051 3 122 267 122 268 122 269
00031186 0052 3 122 269 122 270 122 271
00031186 0053 3 122 271 122 272 122 273
00031186 0054 3 122 273 122 274 122 275
00031186 0055 2 122 275 122 276
00031186 0056 3 122 277 122 278 122 279
00031186 0057 3 122 279 122 280 122 281
00031186 0058 3 122 281 122 282 122 283
00031186 0059 3 122 283 122 284 122 285
00031186 0060 3 122 285 122 286 122 287
00031186 0061 3 122 287 122 288 122 289
00031186 0062 3 122 289 122 290 122 291
00031186 0063 3 122 291 122 292 122 293
00031186 0064 4 122 293 122 294 122 295 122 296
00031186 0065 3 122 296 122 297 122 298
00031186 0066 3 122 298 122 299 122 300
00031186 0067 3 122 300 122 301 122 302
00031186 0068 3 122 302 122 303 122 304
00031186 0069 3 122 304 122 305 122 306
00031186 0070 3 122 306 122 307 122 308
00031186 0071 3 122 308 122 309 122 310
00031186 0072 3 122 310 122 311 122 312
00031186 0073 3 122 312 122 313 122 314
00031186 0074 3 122 314 122 315 122 316
00031186 0075 3 122 316 122 317 122 318
00031187 0000 3 122 318 122 319 122 320
00031187 0001 4 122 320 122 321 122 322 122 323
00031187 0002 3 122 323 122 324 122 325
00031187 0003 3 122 325 122 326 122 327
00031187 0004 3 122 327 122 328 122 329
00031187 0005 3 122 329 122 330 122 331
00031187 0006 3 122 331 122 332 122 333
00031187 0007 2 122 333 122 334
00031187 0008 3 122 335 122 336 122 337
00031187 0009 2 122 337 122 338
00031187 0010 3 122 339 122 340 122 341
00031187 0011 3 122 341 122 342 122 343
00031187 0012 3 122 343 122 344 122 345
00031187 0013 3 122 345 122 346 122 347
00031187 0014 3 122 347 122 348 122 349
00031187 0015 3 122 349 122 350 122 351
00031187 0016 3 122 351 122 352 122 353
00031187 0017 4 122 353 122 354 122 355 122 356
00031187 0018 3 122 356 122 357 122 358
00031187 0019 3 122 358 122 359 122 360
00031187 0020 3 122 360 122 361 122 362
00031187 0021 3 122 362 122 363 122 364
00031187 0022 3 122 364 122 365 122 366
00031187 0023 3 122 366 122 367 122 368
00031187 0024 3 122 368 122 369 122 370
00031187 0025 3 122 370 122 371 122 372
00031187 0026 3 122 372 122 373 122 374
00031187 0027 4 122 374 122 375 122 376 122 377
00031187 0028 3 122 377 122 378 122 379
00031187 0029 3 122 379 122 380 122 381
00031187 0030 3 122 381 122 382 122 383
00031187 0031 3 122 383 122 384 122 385
00031187 0032 2 122 385 122 386
00031187 0033 3 122 387 122 388 122 389
00031187 0034 3 122 389 122 390 122 391
00031187 0035 3 122 391 122 392 122 393
00031187 0036 3 122 393 122 394 122 395
00031187 0037 3 122 395 122 396 122 397
00031187 0038 2 122 397 122 398
00031187 0039 3 122 399 122 400 122 401
00031187 0040 4 122 401 122 402 122 403 122 404
00031187 0041 3 122 404 122 405 122 406
00031187 0042 3 122 406 122 407 122 408
00031187 0043 3 122 408 122 409 122 410
00031187 0044 3 122 410 122 411 122 412
00031187 0045 3 122 412 122 413 122 414
00031187 0046 4 122 414 122 415 122 416 122 417
00031187 0047 3 122 417 122 418 122 419
00031187 0048 3 122 419 122 420 122 421
00031187 0049 3 122 421 122 422 122 423
00031187 0050 3 122 423 122 424 122 425
00031188 0005 7 123 29 123 30 123 31 123 32 123 33 123 34 123 35
00031188 0006 5 123 35 123 36 123 37 123 38 123 39
00031188 0007 3 123 39 123 40 123 41
00031188 0008 3 123 41 123 42 123 43
00031188 0009 3 123 43 123 44 123 45
00031188 0010 3 123 45 123 46 123 47
00031188 0011 3 123 47 123 48 123 49
00031188 0012 3 123 49 123 50 123 51
00031188 0013 3 123 51 123 52 123 53
00031188 0014 3 123 53 123 54 123 55
00031188 0015 3 123 55 123 56 123 57
00031188 0016 3 123 57 123 58 123 59
00031188 0017 3 123 59 123 60 123 61
00031188 0018 3 123 61 123 62 123 63
00031188 0019 4 123 63 123 64 123 65 123 66
00031188 0020 3 123 66 123 67 123 68
00031188 0021 3 123 68 123 69 123 70
00031188 0022 3 123 70 123 71 123 72
00031188 0023 5 123 72 123 73 123 74 123 75 123 76
00031188 0024 3 123 76 124 0 124 1
00031188 0025 3 124 1 124 2 124 3
00031188 0026 2 124 3 124 4
00031188 0027 3 124 5 124 6 124 7
00031188 0028 3 124 7 124 8 124 9
00031188 0029 4 124 9 124 10 124 11 124 12
00031188 0030 3 124 12 124 13 124 14
00031188 0031 3 124 14 124 15 124 16
00031188 0032 3 124 16 124 17 124 18
00031188 0033 3 124 18 124 19 124 20
00031188 0034 3 124 20 124 21 124 22
00031188 0035 3 124 22 124 23 124 24
00031188 0036 3 124 24 124 25 124 26
00031188 0037 3 124 26 124 27 124 28
00031188 0038 3 124 28 124 29 124 30
00031188 0039 3 124 30 124 31 124 32
00031188 0040 4 124 32 124 33 124 34 124 35
00031188 0041 3 124 35 124 36 124 37
00031188 0042 3 124 37 124 38 124 39
00031188 0043 3 124 39 124 40 124 41
00031188 0044 3 124 41 124 42 124 43
00031188 0045 3 124 43 124 44 124 45
00031188 0046 3 124 45 124 46 124 47
00031188 0047 3 124 47 124 48 124 49
00031188 0048 3 124 49 124 50 124 51
00031188 0049 3 124 51 124 52 124 53
00031188 0050 3 124 53 124 54 124 55
00031188 0051 3 124 55 124 56 124 57
00031188 0052 3 124 57 124 58 124 59
00031188 0053 3 124 59 124 60 124 61
00031188 0054 3 124 61 124 62 124 63
00031188 0055 3 124 63 124 64 124 65
00031188 0056 3 124 65 124 66 124 67
00031188 0057 3 124 67 124 68 124 69
00031188 0058 3 124 69 124 70 124 71
00031188 0059 4 124 71 124 72 124 73 124 74
00031188 0060 3 124 74 124 75 124 76
00031188 0061 3 124 76 124 77 124 78
00031188 0062 3 124 78 124 79 124 80
00031188 0063 3 124 80 124 81 124 82
00031188 0064 3 124 82 124 83 124 84
00031188 0065 3 124 84 124 85 124 86
00031188 0066 3 124 86 124 87 124 88
00031188 0067 3 124 88 124 89 124 90
00031188 0068 3 124 90 124 91 124 92
00031188 0069 3 124 92 124 93 124 94
00031188 0070 3 124 94 124 95 124 96
00031188 0071 3 124 96 124 97 124 98
00031188 0072 4 124 98 124 99 124 100 124 101
00031188 0073 3 124 101 124 102 124 103
00031188 0074 3 124 103 124 104 124 105
00031188 0075 3 124 105 124 106 124 107
00031188 0076 3 124 107 124 108 124 109
00031188 0077 3 124 109 124 110 124 111
00031188 0078 3 124 111 124 112 124 113
00031188 0079 3 124 113 124 114 124 115
00031188 0080 3 124 115 124 116 124 117
00031188 0081 3 124 117 124 118 124 119
00031188 0082 2 124 119 124 120
00031188 0083 3 124 121 124 122 124 123
00031188 0084 4 124 123 124 124 124 125 124 126
00031188 0085 3 124 126 124 127 124 128
00031188 0086 3 124 128 124 129 124 130
00031188 0087 3 124 130 124 131 124 132
00031188 0088 3 124 132 124 133 124 134
00031188 0089 3 124 134 124 135 124 136
00031188 0090 3 124 136 124 137 124 138
00031188 0091 3 124 138 124 139 124 140
00031188 0092 3 124 140 124 141 124 142
00031188 0093 3 124 142 124 143 124 144
00031188 0094 3 124 144 124 145 124 146
00031188 0095 3 124 146 124 147 124 148
00031188 0096 3 124 148 124 149 124 150
00031188 0097 3 124 150 124 151 124 152
00031188 0098 3 124 152 124 153 124 154
00031188 0099 3 124 154 124 155 124 156
00031188 0100 3 124 156 124 157 124 158
00031188 0101 3 124 158 124 159 124 160
00031188 0102 3 124 160 124 161 124 162
00031188 0103 3 124 162 124 163 124 164
00031188 0104 2 124 164 124 165
00031188 0105 2 124 166 124 167
00031189 0000 3 124 168 124 169 124 170
00031189 0001 3 124 170 124 171 124 172
00031189 0002 3 124 172 124 173 124 174
00031189 0003 3 124 174 124 175 124 176
00031189 0004 3 124 176 124 177 124 178
00031189 0005 3 124 178 124 179 124 180
00031189 0006 3 124 180 124 181 124 182
00031189 0007 3 124 182 124 183 124 184
00031189 0008 3 124 184 124 185 124 186
00031189 0009 4 124 186 124 187 124 188 124 189
00031189 0010 3 124 189 124 190 124 191
00031189 0011 3 124 191 124 192 124 193
00031189 0012 3 124 193 124 194 124 195
00031189 0013 3 124 195 124 196 124 197
00031189 0014 3 124 197 124 198 124 199
00031189 0015 3 124 199 124 200 124 201
00031189 0016 3 124 201 124 202 124 203
00031189 0017 3 124 203 124 204 124 205
00031189 0018 3 124 205 124 206 124 207
00031189 0019 3 124 207 124 208 124 209
00031189 0020 3 124 209 124 210 124 211
00031189 0021 3 124 211 124 212 124 213
00031189 0022 3 124 213 124 214 124 215
00031189 0023 3 124 215 124 216 124 217
00031189 0024 3 124 217 124 218 124 219
00031189 0025 3 124 219 124 220 124 221
00031189 0026 3 124 221 124 222 124 223
00031189 0027 3 124 223 124 224 124 225
00031189 0028 3 124 225 124 226 124 227
00031189 0029 3 124 227 124 228 124 229
00031189 0030 2 124 229 124 230
00031189 0031 3 124 231 124 232 124 233
00031189 0032 3 124 233 124 234 124 235
00031189 0033 4 124 235 124 236 124 237 124 238
00031189 0034 3 124 238 124 239 124 240
00031189 0035 3 124 240 124 241 124 242
00031189 0036 3 124 242 124 243 124 244
00031189 0037 3 124 244 124 245 124 246
00031189 0038 3 124 246 124 247 124 248
00031189 0039 3 124 248 124 249 124 250
00031189 0040 3 124 250 124 251 124 252
00031189 0041 3 124 252 124 253 124 254
00031189 0042 3 124 254 124 255 124 256
00031189 0043 3 124 256 124 257 124 258
00031189 0044 3 124 258 124 259 124 260
00031189 0045 3 124 260 124 261 124 262
00031189 0046 3 124 262 124 263 124 264
00031189 0047 3 124 264 124 265 124 266
00031189 0048 3 124 266 124 267 124 268
00031189 0049 2 124 268 124 269
00031189 0050 3 124 270 124 271 124 272
00031189 0051 3 124 272 124 273 124 274
00031189 0052 3 124 274 124 275 124 276
00031189 0053 3 124 276 124 277 124 278
00031189 0054 3 124 278 124 279 124 280
00031189 0055 3 124 280 124 281 124 282
00031189 0056 4 124 282 124 283 124 284 124 285
00031189 0057 3 124 285 124 286 124 287
00031189 0058 3 124 287 124 288 124 289
00031189 0059 3 124 289 124 290 124 291
00031189 0060 3 124 291 124 292 124 293
00031189 0061 3 124 293 124 294 124 295
00031189 0062 2 124 295 124 296
00031189 0063 4 124 297 124 298 124 299 124 300
00031189 0064 3 124 300 124 301 124 302
00031189 0065 3 124 302 124 303 124 304
00031189 0066 3 124 304 124 305 124 306
00031189 0067 3 124 306 124 307 124 308
00031189 0068 3 124 308 124 309 124 310
00031189 0069 3 124 311 124 312 124 313
00031189 0070 3 124 313 124 314 124 315
00031189 0071 3 124 315 124 316 124 317
00031189 0072 3 124 317 124 318 124 319
00031189 0073 4 124 319 124 320 124 321 124 322
00031189 0074 3 124 322 124 323 124 324
00031189 0075 3 124 324 124 325 124 326
00031189 0076 3 124 326 124 327 124 328
00031189 0077 3 124 328 124 329 124 330
00031189 0078 3 124 330 124 331 124 332
00031189 0079 2 124 332 124 333
00031189 0080 3 124 334 124 335 124 336
00031189 0081 3 124 336 124 337 124 338
00031189 0082 3 124 338 124 339 124 340
00031189 0083 3 124 340 124 341 124 342
00031189 0084 3 124 342 124 343 124 344
00031189 0085 3 124 344 124 345 124 346
00031189 0086 3 124 346 124 347 124 348
00031189 0087 1 124 348
00031192 0000 3 124 351 124 352 124 353
00031192 0001 2 124 353 124 354
00031192 0002 4 124 355 124 356 124 357 124 358
00031192 0003 3 124 358 124 359 124 360
00031192 0004 3 124 360 124 361 124 362
00031192 0005 3 124 362 124 363 124 364
00031192 0006 3 124 364 124 365 124 366
00031192 0007 3 124 366 124 367 124 368
00031192 0008 3 124 368 124 369 124 370
00031192 0009 3 124 370 124 371 124 372
00031192 0010 4 124 372 124 373 124 374 124 375
00031192 0011 3 124 375 124 376 124 377
00031192 0012 3 124 377 124 378 124 379
00031192 0013 3 124 379 124 380 124 381
00031192 0014 3 124 381 124 382 124 383
00031192 0015 3 124 383 124 384 124 385
00031192 0016 3 124 385 124 386 124 387
00031192 0017 3 124 387 124 388 124 389
00031192 0018 3 124 389 124 390 124 391
00031192 0019 3 124 391 124 392 124 393
00031192 0020 3 124 393 124 394 124 395
00031192 0021 3 124 395 124 396 124 397
00031192 0022 4 124 397 124 398 124 399 124 400
00031192 0023 3 124 400 124 401 124 402
00031192 0024 3 124 402 124 403 124 404
00031192 0025 3 124 404 124 405 124 406
00031192 0026 3 124 406 124 407 124 408
00031192 0027 3 124 408 124 409 124 410
00031192 0028 3 124 410 124 411 124 412
00031192 0029 3 124 412 124 413 124 414
00031192 0030 3 124 414 124 415 124 416
00031192 0031 4 124 416 124 417 124 418 124 419
00031192 0032 1 124 419
00031619 0001 1 125 0
00031619 0002 3 125 0 125 1 125 2
00031619 0003 3 125 2 125 3 125 4
00031619 0004 3 125 4 125 5 125 6
00031619 0005 3 125 6 125 7 125 8
00031619 0006 5 125 8 125 9 125 10 125 11 125 12
00031619 0007 3 125 12 125 13 125 14
00031619 0008 3 125 14 125 15 125 16
00031619 0009 3 125 16 125 17 125 18
00031619 0010 4 125 18 125 19 125 20 125 21
00031619 0011 3 125 21 125 22 125 23
00031619 0012 3 125 23 125 24 125 25
00031619 0013 3 125 25 125 26 125 27
00031619 0014 3 125 27 125 28 125 29
00031619 0015 3 125 29 125 30 125 31
00031619 0016 3 125 31 125 32 125 33
00031619 0017 3 125 33 125 34 125 35
00031619 0018 3 125 35 125 36 125 37
00031619 0019 3 125 37 125 38 125 39
00031619 0020 3 125 39 125 40 125 41
00031619 0021 3 125 41 125 42 125 43
00031619 0022 3 125 43 125 44 125 45
00031619 0023 4 125 45 125 46 125 47 125 48
00031619 0024 3 125 48 125 49 125 50
00031619 0025 3 125 50 125 51 125 52
00031619 0026 4 125 52 125 53 125 54 125 55
00031619 0027 3 125 55 125 56 125 57
00031619 0028 3 125 57 125 58 125 59
00031619 0029 3 125 59 125 60 125 61
00031619 0030 4 125 61 125 62 125 63 125 64
00031619 0031 3 125 64 125 65 125 66
00031619 0032 3 125 66 125 67 125 68
00031619 0033 3 125 68 125 69 125 70
00031619 0034 4 125 70 125 71 125 72 125 73
00031619 0035 3 125 73 125 74 125 75
00031619 0036 3 125 75 125 76 125 77
00031619 0037 3 125 77 125 78 125 79
00031619 0038 3 125 79 125 80 125 81
00031619 0039 3 125 81 125 82 125 83
00031619 0040 3 125 83 125 84 125 85
00031619 0041 3 125 85 125 86 125 87
00031619 0042 3 125 87 125 88 125 89
00031619 0043 4 125 89 125 90 125 91 125 92
00031619 0044 3 125 92 125 93 125 94
00031619 0045 3 125 94 125 95 125 96
00031619 0046 3 125 96 125 97 125 98
00031619 0047 3 125 98 125 99 125 100
00031619 0048 5 125 100 125 101 125 102 125 103 125 104
00031619 0049 3 125 104 125 105 125 106
00031619 0050 4 125 106 125 107 125 108 125 109
00031619 0051 3 125 109 125 110 125 111
00031619 0052 3 125 111 125 112 125 113
00031619 0053 3 125 113 125 114 125 115
00031619 0054 3 125 115 125 116 125 117
00031619 0055 3 125 117 125 118 125 119
00031619 0056 3 125 119 125 120 125 121
00031619 0057 3 125 121 125 122 125 123
00031619 0058 4 125 123 125 124 125 125 125 126
00031619 0059 3 125 126 125 127 125 128
00031619 0060 3 125 128 125 129 125 130
00031619 0061 3 125 130 125 131 125 132
00031619 0062 3 125 132 125 133 125 134
00031619 0063 3 125 134 125 135 125 136
00031619 0064 3 125 136 125 137 125 138
00031619 0065 3 125 138 125 139 125 140
00031619 0066 3 125 140 125 141 125 142
00031619 0067 3 125 142 125 143 125 144
00031619 0068 3 125 144 125 145 125 146
00031619 0069 3 125 146 125 147 125 148
00031619 0070 3 125 148 125 149 125 150
00031619 0071 3 125 150 125 151 125 152
00031619 0072 3 125 152 125 153 125 154
00031619 0073 3 125 154 125 155 125 156
00031619 0074 4 125 156 125 157 125 158 125 159
00031619 0075 3 125 159 125 160 125 161
00031619 0076 3 125 161 125 162 125 163
00031619 0077 3 125 163 125 164 125 165
00031619 0078 3 125 165 125 166 125 167
00031619 0079 3 125 167 125 168 125 169
00031619 0080 3 125 169 125 170 125 171
00031619 0081 4 125 171 125 172 125 173 125 174
00031619 0082 3 125 174 125 175 125 176
00031619 0083 3 125 176 125 177 125 178
00031619 0084 3 125 178 125 179 125 180
00031619 0085 3 125 180 125 181 125 182
00031619 0086 4 125 182 125 183 125 184 125 185
00031619 0087 4 125 185 125 186 125 187 125 188
00031619 0088 3 125 188 125 189 125 190
00031619 0089 3 125 190 125 191 125 192
00031619 0090 3 125 192 125 193 125 194
00031619 0091 3 125 194 125 195 125 196
00031619 0092 3 125 196 125 197 125 198
00031619 0093 3 125 198 125 199 125 200
00031619 0094 3 125 200 125 201 125 202
00031619 0095 3 125 202 125 203 125 204
00031619 0096 3 125 204 125 205 125 206
00031619 0097 3 125 206 125 207 125 208
00031620 0000 3 125 209 125 210 125 211
00031620 0001 3 125 211 125 212 125 213
00031620 0002 3 125 213 125 214 125 215
00031620 0003 3 125 215 125 216 125 217
00031620 0004 3 125 217 125 218 125 219
00031620 0005 3 125 219 125 220 125 221
00031620 0006 3 125 221 125 222 125 223
00031620 0007 3 125 223 125 224 125 225
00031620 0008 3 125 225 125 226 125 227
00031620 0009 3 125 227 125 228 125 229
00031620 0010 3 125 229 125 230 125 231
00031620 0011 3 125 231 125 232 125 233
00031620 0012 4 125 233 125 234 125 235 125 236
00031620 0013 3 125 236 125 237 125 238
00031620 0014 3 125 238 125 239 125 240
00031620 0015 4 125 240 125 241 125 242 125 243
00031620 0016 3 125 243 125 244 125 245
00031620 0017 3 125 245 125 246 125 247
00031620 0018 3 125 247 125 248 125 249
00031620 0019 3 125 249 125 250 125 251
00031620 0020 3 125 251 125 252 125 253
00031620 0021 3 125 253 125 254 125 255
00031620 0022 3 125 255 125 256 125 257
00031620 0023 4 125 257 125 258 125 259 125 260
00031620 0024 3 125 260 125 261 125 262
00031620 0025 3 125 262 125 263 125 264
00031620 0026 3 125 264 125 265 125 266
00031620 0027 3 125 266 125 267 125 268
00031620 0028 3 125 268 125 269 125 270
00031620 0029 3 125 270 125 271 125 272
00031620 0030 3 125 272 125 273 125 274
00031620 0031 3 125 274 125 275 125 276
00031620 0032 3 125 276 125 277 125 278
00031620 0033 3 125 278 125 279 125 280
00031620 0034 3 125 280 125 281 125 282
00031620 0035 3 125 282 125 283 125 284
00031620 0036 5 125 284 125 285 125 286 125 287 125 288
00031620 0037 3 125 288 125 289 125 290
00031620 0038 3 125 290 125 291 125 292
00031620 0039 3 125 292 125 293 125 294
00031620 0040 3 125 294 125 295 125 296
00031620 0041 3 125 296 125 297 125 298
00031620 0042 3 125 298 125 299 125 300
00031620 0043 3 125 300 125 301 125 302
00031620 0044 3 125 302 125 303 125 304
00031620 0045 3 125 304 125 305 125 306
00031620 0046 3 125 306 125 307 125 308
00031620 0047 3 125 308 125 309 125 310
00031620 0048 4 125 310 125 311 125 312 125 313
00031620 0049 3 125 313 125 314 125 315
00031620 0050 3 125 315 125 316 125 317
00031620 0051 3 125 317 125 318 125 319
00031620 0052 3 125 319 125 320 125 321
00031620 0053 3 125 321 125 322 125 323
00031620 0054 3 125 323 125 324 125 325
00031620 0055 3 125 325 125 326 125 327
00031620 0056 4 125 327 125 328 125 329 125 330
00031620 0057 3 125 330 125 331 125 332
00031620 0058 5 125 332 125 333 125 334 125 335 125 336
00031620 0059 3 125 336 125 337 125 338
00031620 0060 4 125 338 125 339 125 340 125 341
00031620 0061 4 125 341 125 342 125 343 125 344
00031620 0062 3 125 344 125 345 125 346
00031620 0063 3 125 346 125 347 125 348
00031620 0064 3 125 348 125 349 125 350
00031620 0065 3 125 350 125 351 125 352
00031620 0066 3 125 352 125 353 125 354
00031620 0067 3 125 354 125 355 125 356
00031620 0068 3 125 356 125 357 125 358
00031620 0069 3 125 358 125 359 125 360
00031620 0070 4 125 360 125 361 125 362 125 363
00031620 0071 3 125 363 125 364 125 365
00031620 0072 3 125 365 125 366 125 367
00031620 0073 3 125 367 125 368 125 369
00031620 0074 3 125 369 125 370 125 371
00031620 0075 2 125 371 125 372
00031621 0000 3 125 372 125 373 125 374
00031621 0001 3 125 374 125 375 125 376
00031621 0002 3 125 376 125 377 125 378
00031621 0003 3 125 378 125 379 125 380
00031621 0004 3 125 380 125 381 125 382
00031621 0005 3 125 382 125 383 125 384
00031621 0006 3 125 384 125 385 125 386
00031621 0007 3 125 386 125 387 125 388
00031621 0008 3 125 388 125 389 125 390
00031621 0009 3 125 390 125 391 125 392
00031621 0010 4 125 392 125 393 125 394 125 395
00031621 0011 3 125 395 125 396 125 397
00031621 0012 3 125 397 125 398 125 399
00031621 0013 3 125 399 125 400 125 401
00031621 0014 3 125 401 125 402 125 403
00031621 0015 3 125 403 125 404 125 405
00031621 0016 3 125 405 125 406 125 407
00031621 0017 3 125 407 125 408 125 409
00031621 0018 3 125 409 125 410 125 411
00031621 0019 3 125 411 125 412 125 413
00031621 0020 3 125 413 125 414 125 415
00031621 0021 3 125 415 125 416 125 417
00031621 0022 2 125 417 125 418
00031621 0023 2 125 419 125 420
00031621 0024 3 125 421 125 422 125 423
00031621 0025 3 125 423 125 424 125 425
00031621 0026 3 125 425 125 426 125 427
00031621 0027 3 125 427 125 428 125 429
00031621 0028 2 125 429 125 430
00031621 0029 3 125 431 125 432 125 433
00031621 0030 3 125 433 125 434 125 435
00031621 0031 4 125 435 125 436 125 437 125 438
00031621 0032 3 125 438 125 439 125 440
00031621 0033 3 125 440 125 441 125 442
00031621 0034 3 125 442 125 443 125 444
00031621 0035 3 125 444 125 445 125 446
00031621 0036 3 125 446 125 447 125 448
00031621 0037 3 125 448 125 449 125 450
00031621 0038 3 125 450 125 451 125 452
00031621 0039 3 125 452 125 453 125 454
00031621 0040 3 125 454 125 455 125 456
00031621 0041 4 125 456 125 457 125 458 125 459
00031621 0042 3 125 459 125 460 125 461
00031621 0043 3 125 461 125 462 125 463
00031621 0044 3 125 463 125 464 125 465
00031621 0045 3 125 465 125 466 125 467
00031621 0046 3 125 467 125 468 125 469
00031621 0047 3 125 469 125 470 125 471
00031621 0048 3 125 471 125 472 125 473
00031621 0049 1 125 473
00032046 0000 3 128 8 128 9 128 10
00032046 0001 3 128 10 128 11 128 12
00032046 0002 3 128 12 128 13 128 14
00032046 0003 3 128 14 128 15 128 16
00032046 0004 3 128 16 128 17 128 18
00032046 0005 3 128 18 128 19 128 20
00032046 0006 3 128 20 128 21 128 22
00032046 0007 3 128 22 128 23 128 24
00032046 0008 3 128 24 128 25 128 26
00032046 0009 4 128 26 128 27 128 28 128 29
00032046 0010 3 128 29 128 30 128 31
00032046 0011 3 128 31 128 32 128 33
00032046 0012 3 128 33 128 34 128 35
00032046 0013 3 128 35 128 36 128 37
00032046 0014 3 128 37 128 38 128 39
00032046 0015 3 128 39 128 40 128 41
00032046 0016 3 128 41 128 42 128 43
00032046 0017 3 128 43 128 44 128 45
00032046 0018 4 128 45 128 46 128 47 128 48
00032046 0019 3 128 48 128 49 128 50
00032046 0020 3 128 50 128 51 128 52
00032046 0021 3 128 52 128 53 128 54
00032046 0022 3 128 54 128 55 128 56
00032046 0023 3 128 56 128 57 128 58
00032046 0024 3 128 58 128 59 128 60
00032046 0025 3 128 60 128 61 128 62
00032046 0026 3 128 62 128 63 128 64
00032046 0027 3 128 64 128 65 128 66
00032046 0028 3 128 66 128 67 128 68
00032046 0029 3 128 68 128 69 128 70
00032046 0030 3 128 70 128 71 128 72
00032046 0031 3 128 72 128 73 128 74
00032046 0032 3 128 74 128 75 128 76
00032046 0033 3 128 76 128 77 128 78
00032046 0034 3 128 78 128 79 128 80
00032046 0035 3 128 80 128 81 128 82
00032046 0036 3 128 82 128 83 128 84
00032046 0037 4 128 84 128 85 128 86 128 87
00032046 0038 3 128 87 128 88 128 89
00032046 0039 3 128 89 128 90 128 91
00032046 0040 3 128 91 128 92 128 93
00032046 0041 3 128 93 128 94 128 95
00032046 0042 3 128 95 128 96 128 97
00032046 0043 3 128 97 128 98 128 99
00032046 0044 3 128 99 128 100 128 101
00032046 0045 3 128 101 128 102 128 103
00032046 0046 3 128 103 128 104 128 105
00032046 0047 3 128 105 128 106 128 107
00032046 0048 3 128 107 128 108 128 109
00032046 0049 3 128 109 128 110 128 111
00032046 0050 3 128 111 128 112 128 113
00032046 0051 3 128 113 128 114 128 115
00032046 0052 3 128 115 128 116 128 117
00032046 0053 3 128 117 128 118 128 119
00032046 0054 3 128 119 128 120 128 121
00032046 0055 3 128 121 128 122 128 123
00032046 0056 2 128 123 128 125
00032046 0057 1 128 125
