00132 000
00132 001
00132 002
00132 003
00132 004
00132 005
00132 006
00132 007
00132 008
00132 009
00132 010
00132 011
00132 012
00132 013
00132 014
00132 015
00132 016
00132 017
00132 018
00132 019
00132 020
00132 021
00132 022
00132 023
00132 024
00132 025
00132 026
00132 027
00132 028
00132 029
00132 030
00132 031
00132 032
00132 033
00132 034
00132 035
00132 036
00132 037
00132 038
00132 039
00132 040
00132 041
00132 042
00132 043
00132 044
00132 045
00132 046
00132 047
00132 048
00132 049
00132 050
00132 051
00132 052
00132 053
00132 054
00132 055
00132 056
00132 057
00132 058
00132 059
00132 060
00132 061
00132 062
00132 063
00132 064
00132 065
00133 000
00133 001
00133 002
00133 003
00133 004
00133 005
00133 006
00133 007
00133 008
00133 009
00133 010
00133 011
00133 012
00133 013
00133 014
00133 015
00134 000
00134 001
00134 002
00134 003
00134 004
00134 005
00134 006
00134 007
00134 008
00134 009
00134 010
00134 011
00134 012
00134 013
00134 014
00134 015
00134 016
00134 017
00134 018
00134 019
00134 020
00134 021
00134 022
00134 023
00134 024
00134 025
00134 026
00134 027
00134 028
00134 029
00134 030
00134 031
00134 032
00134 033
00134 034
00134 035
00134 036
00134 037
00134 038
00134 039
00134 040
00134 041
00134 042
00134 043
00134 044
00134 045
00134 046
00134 047
00134 048
00134 049
00134 050
00134 051
00134 052
00134 053
00134 054
00134 055
00134 056
00134 057
00134 058
00134 059
00134 060
00134 061
00134 062
00134 063
00134 064
00134 065
00134 066
00134 067
00134 068
00134 069
00134 070
00134 071
00134 072
00134 073
00134 074
00134 075
00134 076
00134 077
00134 078
00134 079
00134 080
00134 081
00134 082
00134 083
00134 084
00134 085
00134 086
00134 087
00134 088
00134 089
00134 090
00134 091
00134 092
00134 093
00134 094
00134 095
00134 096
00134 097
00134 098
00134 099
00134 100
00134 101
00134 102
00134 103
00134 104
00134 105
00134 106
00134 107
00134 108
00134 109
00134 110
00134 111
00134 112
00134 113
00134 114
00134 115
00134 116
00134 117
00134 118
00134 119
00134 120
00134 121
00134 122
00134 123
00134 124
00134 125
00134 126
00134 127
00134 128
00134 129
00134 130
00134 131
00134 132
00134 133
00134 134
00134 135
00134 136
00134 137
00134 138
00134 139
00134 140
00134 141
00134 142
00134 143
00134 144
00134 145
00134 146
00134 147
00134 148
00134 149
00134 150
00134 151
00134 152
00134 153
00134 154
00134 155
00134 156
00134 157
00134 158
00134 159
00134 160
00134 161
00134 162
00134 163
00134 164
00134 165
00134 166
00134 167
00134 168
00134 169
00134 170
00134 171
00134 172
00134 173
00134 174
00134 175
00134 176
00134 177
00134 178
00134 179
00134 180
00134 181
00134 182
00134 183
00134 184
00134 185
00134 186
00134 187
00134 188
00134 189
00134 190
00134 191
00134 192
00134 193
00134 194
00134 195
00134 196
00134 197
00134 198
00134 199
00134 200
00134 201
00134 202
00134 203
00134 204
00134 205
00134 206
00134 207
00134 208
00134 209
00134 210
00134 211
00134 212
00134 213
00134 214
00134 215
00134 216
00134 217
00134 218
00134 219
00134 220
00134 221
00134 222
00134 223
00134 224
00134 225
00134 226
00134 227
00134 228
00134 229
00134 230
00134 231
00134 232
00134 233
00134 234
00134 235
00134 236
00134 237
00134 238
00134 239
00134 240
00134 241
00134 242
00134 243
00134 244
00134 245
00134 246
00134 247
00134 248
00134 249
00134 250
00134 251
00134 252
00134 253
00134 254
00134 255
00134 256
00134 257
00134 258
00134 259
00134 260
00134 261
00134 262
00134 263
00134 264
00134 265
00134 266
00134 267
00134 268
00134 269
00134 270
00134 271
00134 272
00134 273
00134 274
00134 275
00134 276
00134 277
00134 278
00134 279
00134 280
00134 281
00134 282
00134 283
00134 284
00134 285
00134 286
00134 287
00134 288
00134 289
00134 290
00134 291
00134 292
00134 293
00134 294
00134 295
00134 296
00134 297
00134 298
00134 299
00134 300
00134 301
00134 302
00134 303
00134 304
00134 305
00134 306
00134 307
00134 308
00134 309
00134 310
00134 311
00134 312
00134 313
00134 314
00134 315
00134 316
00134 317
00134 318
00134 319
00134 320
00134 321
00134 322
00134 323
00134 324
00135 000
00135 001
00135 002
00135 003
00135 004
00135 005
00135 006
00135 007
00135 008
00135 009
00135 010
00135 011
00135 012
00135 013
00135 014
00135 015
00135 016
00135 017
00135 018
00135 019
00135 020
00135 021
00135 022
00135 023
00135 024
00135 025
00135 026
00135 027
00135 028
00135 029
00135 030
00135 031
00135 032
00135 033
00135 034
00135 035
00135 036
00135 037
00135 038
00135 039
00135 040
00135 041
00135 042
00135 043
00135 044
00135 045
00135 046
00135 047
00135 048
00135 049
00135 050
00135 051
00135 052
00135 053
00135 054
00135 055
00135 056
00135 057
00135 058
00135 059
00135 060
00135 061
00135 062
00135 063
00135 064
00135 065
00135 066
00135 067
00135 068
00135 069
00135 070
00135 071
00135 072
00135 073
00135 074
00135 075
00135 076
00135 077
00135 078
00135 079
00135 080
00135 081
00135 082
00135 083
00135 084
00135 085
00135 086
00135 087
00135 088
00135 089
00135 090
00135 091
00135 092
00135 093
00135 094
00135 095
00135 096
00135 097
00135 098
00135 099
00135 100
00135 101
00135 102
00135 103
00135 104
00135 105
00135 106
00135 107
00135 108
00135 109
00135 110
00135 111
00135 112
00135 113
00135 114
00135 115
00135 116
00135 117
00135 118
00135 119
00135 120
00135 121
00135 122
00135 123
00135 124
00135 125
00135 126
00135 127
00135 128
00135 129
00135 130
00135 131
00135 132
00135 133
00135 134
00135 135
00135 136
00135 137
00135 138
00135 139
00135 140
00135 141
00135 142
00135 143
00135 144
00135 145
00135 146
00135 147
00135 148
00135 149
00135 150
00135 151
00135 152
00135 153
00135 154
00135 155
00135 156
00135 157
00135 158
00135 159
00135 160
00135 161
00135 162
00135 163
00135 164
00135 165
00135 166
00135 167
00135 168
00135 169
00135 170
00135 171
00135 172
00135 173
00135 174
00135 175
00135 176
00135 177
00135 178
00135 179
00135 180
00135 181
00135 182
00135 183
00135 184
00135 185
00135 186
00135 187
00135 188
00135 189
00135 190
00135 191
00135 192
00135 193
00135 194
00135 195
00135 196
00135 197
00135 198
00135 199
00135 200
00135 201
00135 202
00135 203
00135 204
00135 205
00135 206
00135 207
00135 208
00135 209
00135 210
00135 211
00135 212
00135 213
00135 214
00135 215
00135 216
00135 217
00135 218
00135 219
00135 220
00135 221
00135 222
00135 223
00135 224
00135 225
00135 226
00135 227
00135 228
00135 229
00135 230
00135 231
00135 232
00135 233
00135 234
00135 235
00135 236
00135 237
00135 238
00135 239
00135 240
00135 241
00135 242
00135 243
00135 244
00135 245
00135 246
00135 247
00135 248
00135 249
00135 250
00135 251
00135 252
00135 253
00135 254
00135 255
00135 256
00135 257
00135 258
00135 259
00135 260
00135 261
00135 262
00135 263
00135 264
00135 265
00135 266
00135 267
00135 268
00135 269
00135 270
00135 271
00135 272
00135 273
00135 274
00135 275
00135 276
00135 277
00135 278
00135 279
00135 280
00135 281
00135 282
00135 283
00135 284
00135 285
00135 286
00135 287
00135 288
00135 289
00135 290
00135 291
00135 292
00135 293
00135 294
00135 295
00135 296
00135 297
00135 298
00135 299
00135 300
00135 301
00135 302
00135 303
00135 304
00135 305
00135 306
00135 307
00135 308
00135 309
00135 310
00135 311
00135 312
00135 313
00135 314
00135 315
00135 316
00135 317
00135 318
00135 319
00135 320
00135 321
00135 322
00135 323
00135 324
00135 325
00135 326
00135 327
00135 328
00135 329
00135 330
00135 331
00135 332
00135 333
00135 334
00135 335
00135 336
00135 337
00135 338
00135 339
00135 340
00135 341
00135 342
00135 343
00135 344
00135 345
00135 346
00135 347
00135 348
00135 349
00135 350
00135 351
00135 352
00135 353
00135 354
00135 355
00135 356
00135 357
00135 358
00135 359
00135 360
00135 361
00135 362
00135 363
00135 364
00135 365
00135 366
00135 367
00135 368
00135 369
00135 370
00135 371
00135 372
00135 373
00135 374
00135 375
00135 376
00135 377
00135 378
00135 379
00135 380
00135 381
00135 382
00135 383
00135 384
00135 385
00135 386
00135 387
00135 388
00135 389
00135 390
00135 391
00135 392
00135 393
00135 394
00135 395
00135 396
00135 397
00135 398
00135 399
00135 400
00135 401
00135 402
00135 403
00135 404
00135 405
00135 406
00135 407
00135 408
00135 409
00135 410
00135 411
00135 412
00135 413
00135 414
00135 415
00135 416
00135 417
00135 418
00135 419
00135 420
00135 421
00135 422
00135 423
00135 424
00135 425
00135 426
00135 427
00135 428
00135 429
00135 430
00135 431
00135 432
00135 433
00135 434
00135 435
00135 436
00135 437
00135 438
00135 439
00135 440
00135 441
00135 442
00135 443
00135 444
00135 445
00135 446
00135 447
00135 448
00135 449
00135 450
00135 451
00135 452
00135 453
00135 454
00135 455
00135 456
00135 457
00135 458
00135 459
00135 460
00135 461
00135 462
00135 463
00135 464
00135 465
00135 466
00135 467
00135 468
00135 469
00135 470
00135 471
00135 472
00135 473
00135 474
00135 475
00135 476
00135 477
00135 478
00135 479
00135 480
00135 481
00135 482
00135 483
00135 484
00135 485
00135 486
00135 487
00135 488
00135 489
00135 490
00135 491
00135 492
00135 493
00135 494
00135 495
00135 496
00135 497
00135 498
00135 499
00135 500
00135 501
00135 502
00135 503
00135 504
00135 505
00135 506
00135 507
00135 508
00135 509
00135 510
00135 511
00135 512
00135 513
00135 514
00135 515
00135 516
00135 517
00135 518
00135 519
00135 520
00135 521
00135 522
00135 523
00135 524
00135 525
00135 526
00135 527
00135 528
00135 529
00135 530
00135 531
00135 532
00135 533
00135 534
00135 535
00135 536
00135 537
00135 538
00135 539
00135 540
00135 541
00135 542
00135 543
00135 544
00135 545
00135 546
00135 547
00135 548
00135 549
00135 550
00135 551
00135 552
00135 553
00135 554
00135 555
00135 556
00135 557
00135 558
00135 559
00135 560
00135 561
00135 562
00135 563
00135 564
00135 565
00135 566
00135 567
00135 568
00135 569
00135 570
00135 571
00135 572
00135 573
00135 574
00135 575
00135 576
00135 577
00135 578
00135 579
00135 580
00135 581
00135 582
00135 583
00135 584
00135 585
00135 586
00135 587
00135 588
00135 589
00135 590
00135 591
00136 000
00136 001
00136 002
00136 003
00136 004
00136 005
00136 006
00136 007
00136 008
00136 009
00136 010
00136 011
00136 012
00136 013
00136 014
00136 015
00136 016
00136 017
00136 018
00136 019
00136 020
00136 021
00136 022
00136 023
00136 024
00136 025
00136 026
00136 027
00136 028
00136 029
00136 030
00136 031
00136 032
00136 033
00136 034
00136 035
00136 036
00136 037
00136 038
00136 039
00136 040
00136 041
00136 042
00136 043
00136 044
00136 045
00136 046
00136 047
00136 048
00136 049
00136 050
00136 051
00136 052
00136 053
00136 054
00136 055
00136 056
00136 057
00136 058
00136 059
00136 060
00136 061
00136 062
00136 063
00136 064
00136 065
00136 066
00136 067
00136 068
00136 069
00136 070
00136 071
00136 072
00136 073
00136 074
00136 075
00136 076
00136 077
00136 078
00136 079
00136 080
00136 081
00136 082
00136 083
00136 084
00136 085
00136 086
00136 087
00136 088
00136 089
00136 090
00136 091
00136 092
00136 093
00136 094
00136 095
00136 096
00136 097
00136 098
00136 099
00136 100
00136 101
00136 102
00136 103
00136 104
00136 105
00136 106
00136 107
00136 108
00136 109
00136 110
00136 111
00136 112
00136 113
00136 114
00136 115
00136 116
00136 117
00136 118
00136 119
00136 120
00136 121
00136 122
00136 123
00136 124
00136 125
00136 126
00136 127
00136 128
00136 129
00136 130
00136 131
00136 132
00136 133
00136 134
00136 135
00136 136
00136 137
00136 138
00136 139
00136 140
00136 141
00136 142
00136 143
00136 144
00136 145
00136 146
00136 147
00136 148
00136 149
00136 150
00136 151
00136 152
00136 153
00136 154
00136 155
00136 156
00136 157
00136 158
00136 159
00136 160
00136 161
00136 162
00136 163
00136 164
00136 165
00136 166
00136 167
00136 168
00136 169
00136 170
00136 171
00136 172
00136 173
00136 174
00136 175
00136 176
00136 177
00136 178
00136 179
00136 180
00136 181
00136 182
00136 183
00136 184
00136 185
00136 186
00136 187
00136 188
00136 189
00136 190
00136 191
00136 192
00136 193
00136 194
00136 195
00136 196
00136 197
00136 198
00136 199
00136 200
00136 201
00136 202
00136 203
00136 204
00136 205
00136 206
00136 207
00136 208
00136 209
00136 210
00136 211
00136 212
00136 213
00136 214
00136 215
00136 216
00136 217
00136 218
00136 219
00136 220
00136 221
00136 222
00136 223
00136 224
00136 225
00136 226
00136 227
00136 228
00136 229
00136 230
00136 231
00136 232
00136 233
00136 234
00136 235
00136 236
00136 237
00136 238
00136 239
00136 240
00136 241
00136 242
00136 243
00136 244
00136 245
00136 246
00136 247
00136 248
00136 249
00136 250
00136 251
00136 252
00136 253
00136 254
00136 255
00136 256
00136 257
00136 258
00136 259
00136 260
00136 261
00136 262
00136 263
00136 264
00136 265
00136 266
00136 267
00136 268
00136 269
00136 270
00136 271
00136 272
00136 273
00136 274
00136 275
00136 276
00136 277
00136 278
00136 279
00136 280
00136 281
00136 282
00136 283
00136 284
00136 285
00136 286
00136 287
00136 288
00136 289
00136 290
00136 291
00136 292
00136 293
00136 294
00136 295
00136 296
00136 297
00136 298
00136 299
00136 300
00136 301
00136 302
00136 303
00136 304
00136 305
00136 306
00136 307
00136 308
00136 309
00136 310
00136 311
00136 312
00136 313
00136 314
00136 315
00136 316
00136 317
00136 318
00136 319
00136 320
00136 321
00136 322
00136 323
00136 324
00136 325
00136 326
00136 327
00136 328
00136 329
00136 330
00136 331
00136 332
00137 000
00137 001
00137 002
00137 003
00137 004
00137 005
00137 006
00137 007
00137 008
00137 009
00137 010
00137 011
00137 012
00137 013
00137 014
00137 015
00137 016
00137 017
00137 018
00137 019
00137 020
00137 021
00137 022
00137 023
00137 024
00137 025
00137 026
00137 027
00137 028
00137 029
00137 030
00137 031
00137 032
00137 033
00137 034
00137 035
00137 036
00137 037
00137 038
00137 039
00137 040
00137 041
00137 042
00137 043
00137 044
00137 045
00137 046
00137 047
00137 048
00137 049
00137 050
00137 051
00137 052
00137 053
00137 054
00137 055
00137 056
00137 057
00137 058
00137 059
00137 060
00137 061
00137 062
00137 063
00137 064
00137 065
00137 066
00137 067
00137 068
00137 069
00137 070
00137 071
00137 072
00137 073
00137 074
00137 075
00137 076
00137 077
00137 078
00137 079
00137 080
00137 081
00137 082
00137 083
00137 084
00137 085
00137 086
00137 087
00137 088
00137 089
00137 090
00137 091
00137 092
00137 093
00137 094
00137 095
00137 096
00137 097
00137 098
00137 099
00137 100
00137 101
00137 102
00137 103
00137 104
00137 105
00137 106
00137 107
00137 108
00137 109
00137 110
00137 111
00137 112
00137 113
00137 114
00137 115
00137 116
00137 117
00137 118
00137 119
00137 120
00137 121
00137 122
00137 123
00137 124
00137 125
00137 126
00137 127
00137 128
00137 129
00137 130
00137 131
00137 132
00137 133
00137 134
00137 135
00137 136
00137 137
00137 138
00137 139
00137 140
00137 141
00137 142
00137 143
00137 144
00137 145
00137 146
00137 147
00137 148
00137 149
00137 150
00137 151
00137 152
00137 153
00137 154
00137 155
00137 156
00137 157
00137 158
00137 159
00137 160
00137 161
00137 162
00137 163
00137 164
00137 165
00137 166
00137 167
00137 168
00137 169
00137 170
00137 171
00137 172
00137 173
00137 174
00137 175
00137 176
00137 177
00137 178
00137 179
00137 180
00137 181
00137 182
00137 183
00137 184
00137 185
00137 186
00137 187
00137 188
00137 189
00137 190
00137 191
00137 192
00137 193
00137 194
00137 195
00137 196
00137 197
00137 198
00137 199
00137 200
00137 201
00137 202
00137 203
00137 204
00137 205
00137 206
00137 207
00137 208
00137 209
00137 210
00137 211
00137 212
00137 213
00138 000
00138 001
00138 002
00138 003
00138 004
00138 005
00138 006
00138 007
00138 008
00138 009
00138 010
00138 011
00138 012
00138 013
00138 014
00138 015
00138 016
00138 017
00138 018
00138 019
00138 020
00138 021
00138 022
00138 023
00138 024
00138 025
00138 026
00138 027
00138 028
00138 029
00138 030
00138 031
00138 032
00138 033
00138 034
00138 035
00138 036
00138 037
00138 038
00138 039
00138 040
00138 041
00138 042
00138 043
00138 044
00138 045
00138 046
00138 047
00138 048
00138 049
00138 050
00138 051
00138 052
00138 053
00138 054
00138 055
00138 056
00138 057
00138 058
00138 059
00138 060
00138 061
00138 062
00138 063
00138 064
00138 065
00138 066
00138 067
00138 068
00138 069
00138 070
00138 071
00138 072
00138 073
00138 074
00138 075
00138 076
00138 077
00138 078
00138 079
00138 080
00138 081
00138 082
00138 083
00138 084
00138 085
00138 086
00138 087
00138 088
00138 089
00138 090
00138 091
00138 092
00138 093
00138 094
00138 095
00138 096
00138 097
00138 098
00138 099
00138 100
00138 101
00138 102
00138 103
00138 104
00138 105
00138 106
00138 107
00138 108
00138 109
00138 110
00138 111
00138 112
00138 113
00138 114
00138 115
00138 116
00138 117
00138 118
00138 119
00138 120
00138 121
00138 122
00138 123
00138 124
00138 125
00138 126
00138 127
00138 128
00138 129
00138 130
00138 131
00138 132
00138 133
00138 134
00138 135
00138 136
00138 137
00138 138
00138 139
00138 140
00138 141
00138 142
00138 143
00138 144
00138 145
00138 146
00138 147
00138 148
00138 149
00138 150
00138 151
00138 152
00138 153
00138 154
00138 155
00138 156
00138 157
00138 158
00138 159
00138 160
00138 161
00138 162
00138 163
00138 164
00138 165
00138 166
00138 167
00138 168
00138 169
00138 170
00138 171
00138 172
00138 173
00138 174
00138 175
00138 176
00138 177
00138 178
00138 179
00138 180
00138 181
00138 182
00138 183
00138 184
00138 185
00138 186
00138 187
00138 188
00138 189
00138 190
00138 191
00138 192
00138 193
00138 194
00138 195
00138 196
00138 197
00138 198
00138 199
00138 200
00138 201
00138 202
00138 203
00138 204
00138 205
00138 206
00138 207
00138 208
00138 209
00138 210
00138 211
00138 212
00138 213
00138 214
00138 215
00138 216
00138 217
00138 218
00138 219
00138 220
00138 221
00138 222
00138 223
00138 224
00139 000
00139 001
00139 002
00139 003
00139 004
00139 005
00139 006
00139 007
00139 008
00139 009
00139 010
00139 011
00139 012
00139 013
00139 014
00139 015
00139 016
00139 017
00139 018
00139 019
00139 020
00139 021
00139 022
00139 023
00139 024
00139 025
00139 026
00139 027
00139 028
00139 029
00139 030
00139 031
00139 032
00139 033
00139 034
00139 035
00139 036
00139 037
00139 038
00139 039
00139 040
00139 041
00139 042
00139 043
00139 044
00139 045
00139 046
00139 047
00139 048
00139 049
00139 050
00139 051
00139 052
00139 053
00139 054
00139 055
00139 056
00139 057
00139 058
00139 059
00139 060
00139 061
00139 062
00139 063
00139 064
00139 065
00139 066
00139 067
00139 068
00139 069
00139 070
00139 071
00139 072
00139 073
00139 074
00139 075
00139 076
00139 077
00139 078
00139 079
00139 080
00139 081
00139 082
00139 083
00139 084
00139 085
00139 086
00139 087
00139 088
00139 089
00139 090
00139 091
00139 092
00139 093
00139 094
00139 095
00139 096
00139 097
00139 098
00139 099
00139 100
00139 101
00139 102
00139 103
00139 104
00139 105
00139 106
00139 107
00139 108
00139 109
00139 110
00139 111
00139 112
00139 113
00139 114
00139 115
00139 116
00139 117
00139 118
00139 119
00139 120
00139 121
00139 122
00139 123
00139 124
00139 125
00139 126
00139 127
00139 128
00139 129
00139 130
00139 131
00140 000
00140 001
00140 002
00140 003
00140 004
00140 005
00140 006
00140 007
00140 008
00140 009
00140 010
00140 011
00140 012
00140 013
00140 014
00140 015
00140 016
00140 017
00140 018
00140 019
00140 020
00140 021
00140 022
00140 023
00140 024
00140 025
00140 026
00140 027
00140 028
00140 029
00140 030
00140 031
00140 032
00140 033
00140 034
00140 035
00140 036
00140 037
00140 038
00140 039
00140 040
00140 041
00140 042
00140 043
00140 044
00140 045
00140 046
00140 047
00140 048
00140 049
00140 050
00140 051
00140 052
00140 053
00140 054
00140 055
00140 056
00140 057
00140 058
00140 059
00140 060
00140 061
00140 062
00140 063
00140 064
00140 065
00140 066
00140 067
00140 068
00140 069
00140 070
00140 071
00140 072
00140 073
00140 074
00140 075
00140 076
00140 077
00140 078
00140 079
00140 080
00140 081
00140 082
00140 083
00140 084
00140 085
00140 086
00140 087
00140 088
00140 089
00140 090
00140 091
00140 092
00140 093
00140 094
00140 095
00140 096
00140 097
00140 098
00140 099
00140 100
00140 101
00140 102
00140 103
00140 104
00140 105
00140 106
00140 107
00140 108
00140 109
00140 110
00140 111
00140 112
00140 113
00140 114
00140 115
00140 116
00140 117
00140 118
00140 119
00140 120
00140 121
00140 122
00140 123
00140 124
00140 125
00140 126
00140 127
00140 128
00140 129
00140 130
00140 131
00140 132
00140 133
00140 134
00140 135
00140 136
00140 137
00140 138
00140 139
00140 140
00140 141
00140 142
00140 143
00140 144
00140 145
00140 146
00140 147
00140 148
00140 149
00140 150
00140 151
00140 152
00140 153
00140 154
00140 155
00140 156
00140 157
00140 158
00140 159
00140 160
00140 161
00140 162
00140 163
00140 164
00140 165
00140 166
00140 167
00140 168
00140 169
00140 170
00140 171
00140 172
00140 173
00140 174
00140 175
00140 176
00140 177
00140 178
00140 179
00140 180
00140 181
00140 182
00140 183
00140 184
00140 185
00140 186
00140 187
00140 188
00140 189
00140 190
00140 191
00140 192
00140 193
00140 194
00140 195
00140 196
00140 197
00140 198
00140 199
00140 200
00140 201
00140 202
00140 203
00140 204
00140 205
00140 206
00140 207
00140 208
00140 209
00140 210
00140 211
00140 212
00140 213
00140 214
00140 215
00140 216
00140 217
00140 218
00140 219
00140 220
00140 221
00140 222
00140 223
00140 224
00140 225
00140 226
00140 227
00140 228
00140 229
00140 230
00140 231
00140 232
00140 233
00140 234
00140 235
00140 236
00140 237
00140 238
00140 239
00140 240
00140 241
00140 242
00140 243
00140 244
00140 245
00140 246
00140 247
00140 248
00140 249
00140 250
00140 251
00140 252
00140 253
00140 254
00140 255
00140 256
00140 257
00140 258
00140 259
00140 260
00140 261
00140 262
00140 263
00140 264
00140 265
00140 266
00140 267
00140 268
00140 269
00140 270
00140 271
00140 272
00140 273
00140 274
00140 275
00140 276
00140 277
00140 278
00140 279
00140 280
00140 281
00140 282
00140 283
00140 284
00140 285
00140 286
00140 287
00140 288
00140 289
00140 290
00140 291
00140 292
00140 293
00140 294
00140 295
00140 296
00140 297
00140 298
00140 299
00140 300
00140 301
00140 302
00140 303
00140 304
00140 305
00140 306
00140 307
00140 308
00140 309
00140 310
00140 311
00140 312
00140 313
00140 314
00140 315
00140 316
00140 317
00140 318
00140 319
00140 320
00140 321
00140 322
00140 323
00140 324
00140 325
00140 326
00140 327
00140 328
00140 329
00140 330
00140 331
00140 332
00140 333
00140 334
00140 335
00140 336
00140 337
00140 338
00140 339
00140 340
00140 341
00140 342
00140 343
00140 344
00140 345
00140 346
00140 347
00140 348
00140 349
00140 350
00140 351
00140 352
00140 353
00140 354
00140 355
00140 356
00140 357
00140 358
00140 359
00140 360
00140 361
00140 362
00140 363
00140 364
00140 365
00140 366
00140 367
00140 368
00140 369
00140 370
00140 371
00140 372
00140 373
00140 374
00140 375
00140 376
00140 377
00140 378
00140 379
00140 380
00140 381
00140 382
00140 383
00140 384
00140 385
00140 386
00140 387
00140 388
00140 389
00140 390
00140 391
00140 392
00140 393
00140 394
00140 395
00140 396
00140 397
00140 398
00140 399
00140 400
00140 401
00140 402
00140 403
00140 404
00140 405
00140 406
00140 407
00140 408
00140 409
00140 410
00140 411
00140 412
00140 413
00140 414
00140 415
00140 416
00140 417
00140 418
00140 419
00140 420
00140 421
00140 422
00140 423
00140 424
00140 425
00140 426
00140 427
00140 428
00140 429
00140 430
00140 431
00140 432
00140 433
00140 434
00140 435
00140 436
00140 437
00140 438
00140 439
00140 440
00140 441
00140 442
00140 443
00140 444
00140 445
00140 446
00140 447
00140 448
00140 449
00140 450
00140 451
00140 452
00140 453
00140 454
00140 455
00140 456
00140 457
00140 458
00140 459
00140 460
00140 461
00140 462
00140 463
00140 464
00140 465
00140 466
00140 467
00140 468
00140 469
00140 470
00140 471
00140 472
00140 473
00140 474
00140 475
00140 476
00140 477
00140 478
00140 479
00140 480
00140 481
00140 482
00140 483
00140 484
00140 485
00140 486
00140 487
00140 488
00140 489
00140 490
00140 491
00140 492
00140 493
00140 494
00140 495
00140 496
00140 497
00140 498
00140 499
00140 500
00140 501
00140 502
00140 503
00140 504
00140 505
00140 506
00140 507
00140 508
00140 509
00140 510
00140 511
00140 512
00140 513
00140 514
00140 515
00140 516
00140 517
00140 518
00140 519
00140 520
00140 521
00140 522
00140 523
00140 524
00140 525
00140 526
00140 527
00140 528
00140 529
00140 530
00140 531
00140 532
00140 533
00140 534
00140 535
00140 536
00140 537
00140 538
00140 539
00140 540
00140 541
00140 542
00140 543
00140 544
00140 545
00140 546
00140 547
00140 548
00140 549
00140 550
00140 551
00140 552
00140 553
00140 554
00140 555
00140 556
00140 557
00140 558
00140 559
00140 560
00140 561
00140 562
00140 563
00140 564
00141 000
00141 001
00141 002
00141 003
00141 004
00141 005
00141 006
00141 007
00141 008
00141 009
00141 010
00141 011
00141 012
00141 013
00141 014
00141 015
00141 016
00141 017
00141 018
00141 019
00141 020
00141 021
00141 022
00141 023
00141 024
00141 025
00141 026
00141 027
00141 028
00141 029
00141 030
00141 031
00141 032
00141 033
00141 034
00141 035
00141 036
00141 037
00141 038
00141 039
00141 040
00141 041
00141 042
00141 043
00141 044
00141 045
00141 046
00141 047
00141 048
00141 049
00141 050
00141 051
00141 052
00141 053
00141 054
00141 055
00141 056
00141 057
00141 058
00141 059
00141 060
00141 061
00141 062
00141 063
00141 064
00141 065
00141 066
00141 067
00141 068
00141 069
00141 070
00141 071
00141 072
00141 073
00141 074
00141 075
00141 076
00141 077
00141 078
00141 079
00141 080
00141 081
00141 082
00141 083
00141 084
00141 085
00141 086
00141 087
00141 088
00141 089
00141 090
00141 091
00141 092
00141 093
00141 094
00141 095
00141 096
00141 097
00141 098
00141 099
00141 100
00141 101
00141 102
00141 103
00141 104
00141 105
00141 106
00141 107
00141 108
00141 109
00141 110
00141 111
00141 112
00141 113
00141 114
00141 115
00141 116
00141 117
00141 118
00141 119
00141 120
00141 121
00141 122
00141 123
00141 124
00141 125
00141 126
00141 127
00141 128
00141 129
00141 130
00141 131
00141 132
00141 133
00141 134
00141 135
00141 136
00141 137
00141 138
00141 139
00141 140
00141 141
00141 142
00141 143
00141 144
00141 145
00141 146
00141 147
00141 148
00141 149
00141 150
00141 151
00141 152
00141 153
00141 154
00141 155
00141 156
00141 157
00141 158
00141 159
00141 160
00141 161
00141 162
00141 163
00141 164
00141 165
00141 166
00141 167
00141 168
00141 169
00141 170
00141 171
00141 172
00141 173
00141 174
00141 175
00141 176
00141 177
00141 178
00141 179
00141 180
00141 181
00141 182
00141 183
00141 184
00141 185
00141 186
00141 187
00141 188
00141 189
00141 190
00141 191
00141 192
00141 193
00141 194
00141 195
00141 196
00141 197
00141 198
00141 199
00141 200
00141 201
00141 202
00141 203
00141 204
00141 205
00141 206
00141 207
00141 208
00141 209
00141 210
00141 211
00141 212
00141 213
00141 214
00141 215
00141 216
00141 217
00141 218
00141 219
00141 220
00141 221
00141 222
00141 223
00141 224
00141 225
00141 226
00141 227
00141 228
00141 229
00141 230
00141 231
00141 232
00141 233
00141 234
00141 235
00141 236
00141 237
00141 238
00141 239
00141 240
00141 241
00141 242
00141 243
00141 244
00141 245
00141 246
00141 247
00141 248
00141 249
00141 250
00141 251
00141 252
00141 253
00141 254
00141 255
00141 256
00141 257
00141 258
00141 259
00141 260
00141 261
00141 262
00141 263
00141 264
00141 265
00141 266
00141 267
00141 268
00141 269
00141 270
00141 271
00141 272
00141 273
00141 274
00141 275
00141 276
00141 277
00141 278
00141 279
00141 280
00141 281
00141 282
00141 283
00141 284
00141 285
00141 286
00141 287
00141 288
00141 289
00141 290
00141 291
00141 292
00141 293
00141 294
00141 295
00141 296
00141 297
00141 298
00141 299
00141 300
00141 301
00141 302
00141 303
00141 304
00141 305
00141 306
00141 307
00141 308
00141 309
00141 310
00141 311
00141 312
00141 313
00141 314
00141 315
00141 316
00141 317
00141 318
00141 319
00141 320
00141 321
00141 322
00141 323
00141 324
00141 325
00141 326
00141 327
00141 328
00141 329
00141 330
00141 331
00141 332
00141 333
00141 334
00141 335
00141 336
00141 337
00141 338
00141 339
00141 340
00141 341
00141 342
00141 343
00141 344
00141 345
00141 346
00141 347
00141 348
00141 349
00141 350
00141 351
00141 352
00141 353
00141 354
00141 355
00141 356
00141 357
00141 358
00141 359
00141 360
00141 361
00141 362
00141 363
00141 364
00141 365
00141 366
00141 367
00141 368
00141 369
00141 370
00141 371
00141 372
00141 373
00141 374
00141 375
00141 376
00141 377
00141 378
00141 379
00141 380
00141 381
00141 382
00141 383
00141 384
00141 385
00141 386
00141 387
00141 388
00141 389
00141 390
00141 391
00141 392
00141 393
00141 394
00141 395
00141 396
00141 397
00141 398
00141 399
00141 400
00141 401
00141 402
00141 403
00141 404
00141 405
00141 406
00141 407
00141 408
00141 409
00141 410
00141 411
00141 412
00141 413
00141 414
00141 415
00141 416
00141 417
00141 418
00141 419
00141 420
00141 421
00141 422
00141 423
00141 424
00141 425
00141 426
00141 427
00141 428
00141 429
00141 430
00141 431
00141 432
00141 433
00141 434
00141 435
00141 436
00141 437
00141 438
00141 439
00141 440
00141 441
00141 442
00141 443
00141 444
00141 445
00141 446
00141 447
00141 448
00141 449
00141 450
00141 451
00141 452
00141 453
00141 454
00141 455
00141 456
00141 457
00141 458
00141 459
00141 460
00141 461
00141 462
00141 463
00141 464
00141 465
00141 466
00141 467
00141 468
00141 469
00141 470
00141 471
00141 472
00141 473
00141 474
00141 475
00141 476
00141 477
00141 478
00141 479
00141 480
00141 481
00141 482
00141 483
00141 484
00141 485
00141 486
00141 487
00141 488
00141 489
00141 490
00141 491
00141 492
00141 493
00141 494
00141 495
00141 496
00141 497
00141 498
00141 499
00141 500
00141 501
00141 502
00141 503
00141 504
00141 505
00141 506
00141 507
00141 508
00141 509
00142 000
00142 001
00142 002
00142 003
00142 004
00142 005
00142 006
00142 007
00142 008
00142 009
00142 010
00142 011
00142 012
00142 013
00142 014
00142 015
00142 016
00142 017
00142 018
00142 019
00142 020
00142 021
00142 022
00142 023
00142 024
00142 025
00142 026
00142 027
00142 028
00142 029
00142 030
00142 031
00142 032
00142 033
00142 034
00142 035
00142 036
00142 037
00142 038
00142 039
00142 040
00142 041
00142 042
00142 043
00142 044
00142 045
00142 046
00142 047
00142 048
00142 049
00142 050
00142 051
00142 052
00142 053
00142 054
00142 055
00142 056
00142 057
00142 058
00142 059
00142 060
00142 061
00142 062
00142 063
00142 064
00142 065
00142 066
00142 067
00142 068
00142 069
00142 070
00142 071
00142 072
00142 073
00142 074
00142 075
00142 076
00142 077
00142 078
00142 079
00142 080
00142 081
00142 082
00142 083
00142 084
00142 085
00142 086
00142 087
00142 088
00142 089
00142 090
00142 091
00142 092
00142 093
00142 094
00142 095
00142 096
00142 097
00142 098
00142 099
00142 100
00142 101
00142 102
00142 103
00142 104
00142 105
00142 106
00142 107
00142 108
00142 109
00142 110
00142 111
00142 112
00142 113
00142 114
00142 115
00142 116
00142 120
00142 123
00144 000
00144 001
00144 002
00144 003
00144 004
00144 005
00144 006
00144 007
00144 008
00144 009
00144 010
00144 011
00144 012
00144 013
00144 014
00144 015
00144 016
00144 017
00144 018
00144 019
00144 020
00144 021
00144 022
00144 023
00144 024
00144 025
00144 026
00144 027
00144 028
00144 029
00144 030
00144 031
00144 032
00144 033
00144 034
00144 035
00144 036
00144 037
00144 038
00144 039
00144 040
00144 041
00144 042
00144 043
00144 044
00144 045
00144 046
00144 047
00144 048
00144 049
00144 050
00144 051
00144 052
00144 053
00144 054
00144 055
00144 056
00144 057
00144 058
00144 059
00144 060
00144 061
00144 062
00144 063
00144 064
00144 065
00144 066
00144 067
00144 068
00144 069
00144 070
00144 071
00144 072
00144 073
00144 074
00144 075
00144 076
00144 077
00144 078
00144 079
00144 080
00144 081
00144 082
00144 083
00144 084
00144 085
00144 086
00144 087
00144 088
00144 089
00144 090
00144 091
00144 092
00144 093
00144 094
00144 095
00144 096
00144 097
00144 098
00144 099
00144 100
00144 101
00144 102
00144 103
00144 104
00144 105
00144 106
00144 107
00144 108
00144 109
00144 110
00144 111
00144 112
00144 113
00144 114
00144 115
00144 116
00144 117
00144 118
00144 119
00144 120
00144 121
00144 122
00144 123
00144 124
00144 125
00144 126
00144 127
00144 128
00144 129
00144 130
00144 131
00144 132
00144 133
00144 134
00144 135
00144 136
00144 137
00144 138
00144 139
00144 140
00144 141
00144 142
00144 143
00144 144
00144 145
00144 146
00144 147
00144 148
00144 149
00144 150
00144 151
00144 152
00144 153
00144 154
00144 155
00144 156
00144 157
00144 158
00144 159
00144 160
00144 161
00144 162
00144 163
00144 164
00144 165
00144 166
00144 167
00144 168
00144 169
00144 170
00144 171
00144 172
00144 173
00144 174
00144 175
00144 176
00144 177
00144 178
00144 179
00144 180
00144 181
00144 182
00144 183
00144 184
00144 185
00144 186
00144 187
00144 188
00144 189
00144 190
00144 191
00144 192
00144 193
00144 194
00144 195
00144 196
00144 197
00144 198
00144 199
00144 200
00144 201
00144 202
00144 203
00144 204
00144 205
00144 206
00144 207
00144 208
00144 209
00144 210
00144 211
00144 212
00144 213
00144 214
00144 215
00144 216
00144 217
00144 218
00144 219
00144 220
00144 221
00144 222
00144 223
00144 224
00144 225
00144 226
00144 227
00144 228
00144 229
00144 230
00144 231
00144 232
00144 233
00144 234
00144 235
00144 236
00144 237
00144 238
00144 239
00144 240
00144 241
00144 242
00144 243
00144 244
00144 245
00144 246
00144 247
00144 248
00144 249
00144 250
00144 251
00144 252
00144 253
00144 254
00144 255
00144 256
00144 257
00144 258
00144 259
00144 260
00144 261
00144 262
00144 263
00144 264
00144 265
00144 266
00144 267
00144 268
00144 269
00144 270
00144 271
00144 272
00144 273
00144 274
00144 275
00144 276
00144 277
00144 278
00144 279
00144 280
00144 281
00144 282
00144 283
00144 284
00144 285
00144 286
00144 287
00144 288
00144 289
00144 290
00144 291
00144 292
00144 293
00144 294
00144 295
00144 296
00144 297
00144 298
00144 299
00144 300
00144 301
00144 302
00144 303
00144 304
00144 305
00144 306
00144 307
00144 308
00144 309
00144 310
00144 311
00144 312
00144 313
00144 314
00144 315
00144 316
00144 317
00144 318
00144 319
00144 320
00144 321
00144 322
00144 323
00144 324
00144 325
00144 326
00144 327
00144 328
00144 329
00144 330
00144 331
00145 000
00145 001
00145 002
00145 003
00145 004
00145 005
00145 006
00145 007
00145 008
00145 009
00145 010
00145 011
00145 012
00145 013
00145 014
00145 015
00145 016
00145 017
00145 018
00145 019
00145 020
00145 021
00145 022
00145 023
00145 024
00145 025
00145 026
00145 027
00145 028
00145 029
00145 030
00145 031
00145 032
00145 033
00145 034
00145 035
00145 036
00145 037
00145 038
00145 039
00145 040
00145 041
00145 042
00145 043
00145 044
00145 045
00145 046
00145 047
00145 048
00145 049
00145 050
00145 051
00145 052
00145 053
00145 054
00145 055
00145 056
00145 057
00145 058
00145 059
00145 060
00145 061
00145 062
00145 063
00145 064
00145 065
00145 066
00145 067
00145 068
00145 069
00145 070
00145 071
00145 072
00145 073
00145 074
00145 075
00145 076
00145 077
00145 078
00145 079
00145 080
00145 081
00145 082
00145 083
00145 084
00145 085
00145 086
00145 087
00145 088
00145 089
00145 090
00145 091
00145 092
00145 093
00145 094
00145 095
00145 096
00145 097
00145 098
00145 099
00145 100
00145 101
00145 102
00145 103
00145 104
00145 105
00145 106
00145 107
00145 108
00145 109
00145 110
00145 111
00145 112
00145 113
00145 114
00145 115
00145 116
00145 117
00145 118
00145 119
00145 120
00145 121
00145 122
00145 123
00145 124
00145 125
00145 126
00145 127
00145 128
00145 129
00145 130
00145 131
00145 132
00145 133
00145 134
00145 135
00145 136
00145 137
00145 138
00145 139
00145 140
00145 141
00145 142
00145 143
00145 144
00145 145
00145 146
00145 147
00145 148
00145 149
00145 150
00145 151
00145 152
00145 153
00145 154
00145 155
00145 156
00145 157
00145 158
00145 159
00145 160
00145 161
00145 162
00145 163
00145 164
00145 165
00145 166
00145 167
00145 168
00145 169
00145 170
00145 171
00145 172
00145 173
00145 174
00145 175
00145 176
00145 177
00145 178
00145 179
00145 180
00145 181
00145 182
00145 183
00145 184
00145 185
00145 186
00145 187
00145 188
00145 189
00145 190
00145 191
00145 192
00145 193
00145 194
00145 195
00145 196
00145 197
00145 198
00145 199
00145 200
00145 201
00145 202
00145 203
00145 204
00145 205
00145 206
00145 207
00145 208
00145 209
00145 210
00145 211
00145 212
00145 213
00145 214
00145 215
00145 216
00145 217
00145 218
00145 219
00145 220
00145 221
00145 222
00145 223
00145 224
00145 225
00145 226
00145 227
00145 228
00145 229
00145 230
00145 231
00145 232
00145 233
00145 234
00145 235
00145 236
00145 237
00145 238
00145 239
00145 240
00145 241
00145 242
00145 243
00145 244
00145 245
00145 246
00145 247
00145 248
00145 249
00145 250
00145 251
00145 252
00145 253
00145 254
00145 255
00145 256
00145 257
00145 258
00145 259
00145 260
00145 261
00145 262
00145 263
00145 264
00145 265
00145 266
00145 267
00145 268
00145 269
00145 270
00145 271
00145 272
00145 273
00145 274
00145 275
00145 276
00145 277
00145 278
00145 279
00145 280
00145 281
00145 282
00145 283
00145 284
00145 285
00145 286
00145 287
00145 288
00145 289
00145 290
00145 291
00145 292
00145 293
00145 294
00145 295
00145 296
00145 297
00145 298
00145 299
00145 300
00145 301
00145 302
00145 303
00145 304
00145 305
00145 306
00145 307
00145 308
00145 309
00145 310
00145 311
00145 312
00145 313
00145 314
00145 315
00145 316
00145 317
00145 318
00145 319
00145 320
00145 321
00145 322
00145 323
00145 324
00145 325
00145 326
00145 327
00145 328
00145 329
00145 330
00145 331
00145 332
00145 333
00145 334
00145 335
00145 336
00145 337
00145 338
00145 339
00145 340
00145 341
00145 342
00145 343
00145 344
00145 345
00145 346
00145 347
00145 348
00145 349
00145 350
00145 351
00145 352
00145 353
00145 354
00145 355
00145 356
00145 357
00145 358
00145 359
00145 360
00145 361
00145 362
00145 363
00145 364
00145 365
00145 366
00145 367
00145 368
00145 369
00145 370
00145 371
00145 372
00145 373
00145 374
00145 375
00145 376
00145 377
00145 378
00145 379
00145 380
00145 381
00145 382
00145 383
00145 384
00145 385
00145 386
00145 387
00145 388
00145 389
00145 390
00145 391
00145 392
00145 393
00145 394
00145 395
00145 396
00145 397
00145 398
00145 399
00145 400
00145 401
00145 402
00145 403
00145 404
00145 405
00145 406
00145 407
00145 408
00145 409
00145 410
00145 411
00145 412
00145 413
00145 414
00145 415
00145 416
00145 417
00145 418
00145 419
00145 420
00145 421
00145 422
00145 423
00145 424
00145 425
00145 426
00145 427
00146 000
00146 001
00146 002
00146 003
00146 004
00146 005
00146 006
00146 007
00146 008
00146 009
00146 010
00146 011
00146 012
00146 013
00146 014
00146 015
00146 016
00146 017
00146 018
00146 019
00146 020
00146 021
00146 022
00146 023
00146 024
00146 025
00146 026
00146 027
00146 028
00146 029
00146 030
00146 031
00146 032
00146 033
00146 034
00146 035
00146 036
00146 037
00146 038
00146 039
00146 040
00146 041
00146 042
00146 043
00146 044
00146 045
00146 046
00146 047
00146 048
00146 049
00146 050
00146 051
00146 052
00146 053
00146 054
00146 055
00146 056
00146 057
00146 058
00146 059
00146 060
00146 061
00146 062
00146 063
00146 064
00146 065
00146 066
00146 067
00146 068
00146 069
00146 070
00146 071
00146 072
00146 073
00146 074
00146 075
00146 076
00146 077
00146 078
00146 079
00146 080
00146 081
00146 082
00146 083
00146 084
00146 085
00146 086
00146 087
00146 088
00146 089
00146 090
00146 091
00146 092
00146 093
00146 094
00146 095
00146 096
00146 097
00146 098
00146 099
00146 100
00146 101
00146 102
00146 103
00146 104
00146 105
00146 106
00146 107
00146 108
00146 109
00146 110
00146 111
00146 112
00146 113
00146 114
00146 115
00146 116
00146 117
00146 118
00146 119
00146 120
00146 121
00146 122
00146 123
00146 124
00146 125
00146 126
00146 127
00146 128
00146 129
00146 130
00146 131
00146 132
00146 133
00146 134
00146 135
00146 136
00146 137
00146 138
00146 139
00146 140
00146 141
00146 142
00146 143
00146 144
00146 145
00146 146
00146 147
00146 148
00146 149
00146 150
00146 151
00146 152
00146 153
00146 154
00146 155
00146 156
00146 157
00146 158
00146 159
00146 160
00146 161
00146 162
00146 163
00146 164
00146 165
00146 166
00146 167
00146 168
00146 169
00146 170
00146 171
00146 172
00146 173
00146 174
00146 175
00146 176
00146 177
00146 178
00146 179
00146 180
00146 181
00146 182
00146 183
00146 184
00146 185
00146 186
00146 187
00146 188
00146 189
00146 190
00146 191
00146 192
00146 193
00146 194
00146 195
00146 196
00146 197
00146 198
00146 199
00146 200
00146 201
00146 202
00146 203
00146 204
00146 205
00146 206
00146 207
00146 208
00146 209
00146 210
00146 211
00146 212
00146 213
00146 214
00146 215
00146 216
00146 217
00146 218
00146 219
00146 220
00146 221
00146 222
00146 223
00146 224
00146 225
00146 226
00146 227
00146 228
00146 229
00146 230
00146 231
00146 232
00146 233
00146 234
00146 235
00146 236
00146 237
00146 238
00146 239
00146 240
00146 241
00146 242
00146 243
00146 244
00146 245
00146 246
00146 247
00146 248
00146 249
00146 250
00146 251
00146 252
00146 253
00146 254
00146 255
00146 256
00146 257
00146 258
00146 259
00146 260
00146 261
00146 262
00146 263
00146 264
00146 265
00146 266
00146 267
00146 268
00146 269
00146 270
00146 271
00146 272
00146 273
00146 274
00146 275
00146 276
00146 277
00146 278
00146 279
00146 280
00146 281
00146 282
00146 283
00146 284
00146 285
00146 286
00146 287
00146 288
00146 289
00146 290
00146 291
00146 292
00146 293
00146 294
00146 295
00146 296
00146 297
00146 298
00146 299
00146 300
00146 301
00146 302
00146 303
00146 304
00146 305
00146 306
00146 307
00146 308
00146 309
00146 310
00146 311
00146 312
00146 313
00146 314
00146 315
00146 316
00146 317
00146 318
00146 319
00146 320
00146 321
00146 322
00146 323
00146 324
00146 325
00146 326
00146 327
00146 328
00146 329
00146 330
00146 331
00146 332
00146 333
00146 334
00146 335
00146 336
00146 337
00146 338
00146 339
00146 340
00146 341
00146 342
00146 343
00146 344
00146 345
00146 346
00146 347
00146 348
00146 349
00146 350
00146 351
00146 352
00146 353
00146 354
00146 355
00146 356
00146 357
00146 358
00146 359
00146 360
00146 361
00146 362
00146 363
00146 364
00146 365
00146 366
00146 367
00146 368
00146 369
00146 370
00146 371
00146 372
00146 373
00146 374
00146 375
00146 376
00146 377
00146 378
00146 379
00146 380
00146 381
00146 382
00146 383
00146 384
00146 385
00146 386
00146 387
00146 388
00146 389
00146 390
00146 391
00146 392
00146 393
00146 394
00146 395
00146 396
00146 397
00146 398
00146 399
00146 400
00146 401
00146 402
00146 403
00146 404
00146 405
00146 406
00146 407
00146 408
00146 409
00146 410
00146 411
00146 412
00146 413
00146 414
00146 415
00146 416
00146 417
00146 418
00146 419
00146 420
00146 421
00146 422
00146 423
00146 424
00146 425
00146 426
00146 427
00146 428
00146 429
00146 430
00146 431
00146 432
00146 433
00146 434
00146 435
00146 436
00146 437
00146 438
00146 439
00146 440
00146 441
00146 442
00146 443
00146 444
00146 445
00146 446
00146 447
00146 448
00146 449
00146 450
00146 451
00146 452
00146 453
00146 454
00146 455
00146 456
00146 457
00146 458
00146 459
00146 460
00146 461
00146 462
00146 463
00146 464
00146 465
00146 466
00146 467
00146 468
00146 469
00146 470
00146 471
00146 472
00146 473
00146 474
00146 475
00146 476
00146 477
00146 478
00146 479
00146 480
00146 481
00146 482
00146 483
00146 484
00146 485
00146 486
00146 487
00146 488
00146 489
00146 490
00146 491
00146 492
00146 493
00146 494
00146 495
00146 496
00146 497
00146 498
00146 499
00146 500
00146 501
00146 502
00146 503
00146 504
00146 505
00146 506
00146 507
00146 508
00146 509
00146 510
00146 511
00146 512
00146 513
00146 514
00146 515
00146 516
00146 517
00146 518
00146 519
00146 520
00146 521
00146 522
00146 523
00146 524
00146 525
00146 526
00146 527
00146 528
00146 529
00146 530
00146 531
00146 532
00146 533
00146 534
00146 535
00146 536
00146 537
00146 538
00146 539
00146 540
00146 541
00146 542
00146 543
00146 544
00146 545
00146 546
00146 547
00146 548
00146 549
00146 550
00146 551
00146 552
00146 553
00146 554
00146 555
00146 556
00146 557
00146 558
00146 559
00146 560
00146 561
00146 562
00146 563
00146 564
00146 565
00146 566
00146 567
00146 568
00146 569
00146 570
00146 571
00146 572
00146 573
00146 574
00147 000
00147 001
00147 002
00147 003
00147 004
00147 005
00147 006
00147 007
00147 008
00147 009
00147 010
00147 011
00147 012
00147 013
00147 014
00147 015
00147 016
00147 017
00147 018
00147 019
00147 020
00147 021
00147 022
00147 023
00147 024
00147 025
00147 026
00147 027
00147 028
00147 029
00147 030
00147 031
00147 032
00147 033
00147 034
00147 035
00147 036
00147 037
00147 038
00147 039
00147 040
00147 041
00147 042
00147 043
00147 044
00147 045
00147 046
00147 047
00147 048
00147 049
00147 050
00147 051
00147 052
00147 053
00147 054
00147 055
00147 056
00147 057
00147 058
00147 059
00147 060
00147 061
00147 062
00147 063
00147 064
00147 065
00147 066
00147 067
00147 068
00147 069
00147 070
00147 071
00147 072
00147 073
00147 074
00147 075
00147 076
00147 077
00147 078
00147 079
00147 080
00147 081
00147 082
00147 083
00147 084
00147 085
00147 086
00147 087
00147 088
00147 089
00147 090
00147 091
00147 092
00147 093
00147 094
00147 095
00147 096
00147 097
00147 098
00147 099
00147 100
00147 101
00147 102
00147 103
00147 104
00147 105
00147 106
00147 107
00147 108
00147 109
00147 110
00147 111
00147 112
00147 113
00147 114
00147 115
00147 116
00147 117
00147 118
00147 119
00147 120
00147 121
00147 122
00147 123
00147 124
00147 125
00147 126
00147 127
00147 128
00147 129
00147 130
00147 131
00147 132
00147 133
00147 134
00147 135
00147 136
00147 137
00147 138
00147 139
00147 140
00147 141
00147 142
00147 143
00147 144
00147 145
00147 146
00147 147
00147 148
00147 149
00147 150
00147 151
00147 152
00147 153
00147 154
00147 155
00147 156
00147 157
00147 158
00147 159
00147 160
00147 161
00147 162
00147 163
00147 164
00147 165
00147 166
00147 167
00147 168
00147 169
00147 170
00147 171
00147 172
00147 173
00147 174
00147 175
00147 176
00147 177
00147 178
00147 179
00147 180
00147 181
00147 182
00147 183
00147 184
00147 185
00147 186
00147 187
00147 188
00147 189
00147 190
00147 191
00147 192
00147 193
00147 194
00147 195
00147 196
00147 197
00147 198
00147 199
00147 200
00147 201
00147 202
00147 203
00147 204
00147 205
00147 206
00147 207
00147 208
00147 209
00147 210
00147 211
00147 212
00147 213
00147 214
00147 215
00147 216
00147 217
00147 218
00147 219
00147 220
00147 221
00147 222
00147 223
00147 224
00147 225
00147 226
00147 227
00147 228
00147 229
00147 230
00147 231
00147 232
00147 233
00147 234
00147 235
00147 236
00147 237
00147 238
00147 239
00147 240
00147 241
00147 242
00147 243
00147 244
00147 245
00147 246
00147 247
00147 248
00147 249
00147 250
00147 251
00147 252
00147 253
00147 254
00147 255
00147 256
00147 257
00147 258
00147 259
00147 260
00147 261
00147 262
00147 263
00147 264
00147 265
00147 266
00147 267
00147 268
00147 269
00147 270
00147 271
00147 272
00147 273
00147 274
00147 275
00147 276
00147 277
00147 278
00147 279
00147 280
00147 281
00147 282
00147 283
00147 284
00147 285
00147 286
00147 287
00147 288
00147 289
00147 290
00147 291
00147 292
00147 293
00147 294
00147 295
00147 296
00147 297
00147 298
00147 299
00147 300
00147 301
00147 302
00147 303
00147 304
00147 305
00147 306
00147 307
00147 308
00147 309
00147 310
00147 311
00147 312
00147 313
00147 314
00147 315
00147 316
00147 317
00147 318
00147 319
00147 320
00147 321
00147 322
00147 323
00147 324
00147 325
00147 326
00147 327
00147 328
00147 329
00147 330
00147 331
00147 332
00147 333
00147 334
00147 335
00147 336
00147 337
00147 338
00147 339
00147 340
00147 341
00147 342
00147 343
00147 344
00147 345
00147 346
00147 347
00147 348
00147 349
00147 350
00147 351
00147 352
00147 353
00147 354
00147 355
00147 356
00147 357
00147 358
00147 359
00147 360
00147 361
00147 362
00147 363
00147 364
00147 365
00147 366
00147 367
00147 368
00147 369
00147 370
00147 371
00147 372
00147 373
00147 374
00147 375
00147 376
00147 377
00147 378
00147 379
00147 380
00147 381
00147 382
00147 383
00147 384
00147 385
00147 386
00147 387
00147 388
00147 389
00147 390
00147 391
00147 392
00147 393
00147 394
00147 395
00147 396
00147 397
00147 398
00147 399
00147 400
00147 401
00147 402
00147 403
00147 404
00147 405
00147 406
00147 407
00147 408
00147 409
00147 410
00147 411
00147 412
00147 413
00147 414
00147 415
00147 416
00147 417
00147 418
00147 419
00147 420
00147 421
00147 422
00147 423
00147 424
00147 425
00147 426
00147 427
00147 428
00147 429
00147 430
00147 431
00147 432
00147 433
00147 434
00147 435
00147 436
00147 437
00147 438
00147 439
00147 440
00147 441
00147 442
00147 443
00147 444
00147 445
00147 446
00147 447
00147 448
00147 449
00147 450
00147 451
00147 452
00147 453
00147 454
00147 455
00147 456
00147 457
00147 458
00147 459
00147 460
00147 461
00147 462
00147 463
00147 464
00147 465
00147 466
00147 467
00147 468
00147 469
00147 470
00147 471
00147 472
00147 473
00147 474
00147 475
00147 476
00147 477
00147 478
00147 479
00147 480
00147 481
00147 482
00147 483
00147 484
00147 485
00147 486
00147 487
00147 488
00147 489
00147 490
00147 491
00147 492
00147 493
00147 494
00147 495
00147 496
00147 497
00148 000
00148 001
00148 002
00148 003
00148 004
00148 005
00148 006
00148 007
00148 008
00148 009
00148 010
00148 011
00148 012
00148 013
00148 014
00148 015
00148 016
00148 017
00148 018
00148 019
00148 020
00148 021
00148 022
00148 023
00148 024
00148 025
00148 026
00148 027
00148 028
00148 029
00148 030
00148 031
00148 032
00148 033
00148 034
00148 035
00148 036
00148 037
00148 038
00148 039
00148 040
00148 041
00148 042
00148 043
00148 044
00148 045
00148 046
00148 047
00148 048
00148 049
00148 050
00148 051
00148 052
00148 053
00148 054
00148 055
00148 056
00148 057
00148 058
00148 059
00148 060
00148 061
00148 062
00148 063
00148 064
00148 065
00148 066
00148 067
00148 068
00148 069
00148 070
00148 071
00148 072
00148 073
00148 074
00148 075
00148 076
00148 077
00148 078
00148 079
00148 080
00148 081
00148 082
00148 083
00148 084
00148 085
00148 086
00148 087
00148 088
00148 089
00148 090
00148 091
00148 092
00148 093
00148 094
00148 095
00148 096
00148 097
00148 098
00148 099
00148 100
00148 101
00148 102
00148 103
00148 104
00148 105
00148 106
00148 107
00148 108
00148 109
00148 110
00148 111
00148 112
00148 113
00148 114
00148 115
00148 116
00148 117
00148 118
00148 119
00148 120
00148 121
00148 122
00148 123
00148 124
00148 125
00148 126
00148 127
00148 128
00148 129
00148 130
00148 131
00148 132
00148 133
00148 134
00148 135
00148 136
00148 137
00148 138
00148 139
00148 140
00148 141
00148 142
00148 143
00148 144
00148 145
00148 146
00148 147
00148 148
00148 149
00148 150
00148 151
00148 152
00148 153
00148 154
00148 155
00148 156
00148 157
00148 158
00148 159
00148 160
00148 161
00148 162
00148 163
00148 164
00148 165
00148 166
00148 167
00148 168
00148 169
00148 170
00148 171
00148 172
00148 173
00148 174
00148 175
00148 176
00148 177
00148 178
00148 179
00148 180
00148 181
00148 182
00148 183
00148 184
00148 185
00148 186
00148 187
00148 188
00148 189
00148 190
00148 191
00148 192
00148 193
00148 194
00148 195
00148 196
00148 197
00148 198
00148 199
00148 200
00148 201
00148 202
00148 203
00148 204
00148 205
00148 206
00148 207
00148 208
00148 209
00148 210
00148 211
00148 212
00148 213
00148 214
00148 215
00148 216
00148 217
00148 218
00148 219
00148 220
00148 221
00148 222
00148 223
00148 224
00148 225
00148 226
00148 227
00148 228
00148 229
00148 230
00148 231
00148 232
00148 233
00148 234
00148 235
00148 236
00148 237
00148 238
00148 239
00148 240
00148 241
00148 242
00148 243
00148 244
00148 245
00148 246
00148 247
00148 248
00148 249
00148 250
00148 251
00148 252
00148 253
00148 254
00148 255
00148 256
00148 257
00148 258
00148 259
00148 260
00148 261
00148 262
00148 263
00148 264
00148 265
00148 266
00148 267
00148 268
00148 269
00148 270
00148 271
00148 272
00148 273
00148 274
00148 275
00148 276
00148 277
00148 278
00148 279
00148 280
00148 281
00148 282
00148 283
00148 284
00148 285
00148 286
00148 287
00148 288
00148 289
00148 290
00148 291
00148 292
00148 293
00148 294
00148 295
00148 296
00148 297
00148 298
00148 299
00148 300
00148 301
00148 302
00148 303
00148 304
00148 305
00148 306
00148 307
00148 308
00148 309
00148 310
00148 311
00148 312
00148 313
00148 314
00148 315
00148 316
00148 317
00148 318
00148 319
00148 320
00148 321
00148 322
00148 323
00148 324
00148 325
00148 326
00148 327
00148 328
00148 329
00148 330
00148 331
00148 332
00148 333
00148 334
00148 335
00148 336
00148 337
00148 338
00148 339
00148 340
00148 341
00148 342
00148 343
00148 344
00148 345
00148 346
00148 347
00148 348
00148 349
00148 350
00148 351
00148 352
00148 353
00148 354
00148 355
00148 356
00148 357
00148 358
00148 359
00148 360
00148 361
00148 362
00148 363
00148 364
00148 365
00148 366
00148 367
00148 368
00148 369
00148 370
00148 371
00148 372
00148 373
00148 374
00148 375
00148 376
00148 377
00148 378
00148 379
00148 380
00148 381
00148 382
00148 383
00148 384
00148 385
00148 386
00148 387
00148 388
00148 389
00148 390
00148 391
00148 392
00148 393
00148 394
00148 395
00148 396
00148 397
00148 398
00148 399
00148 400
00148 401
00148 402
00148 403
00148 404
00148 405
00148 406
00148 407
00148 408
00148 409
00148 410
00148 411
00148 412
00148 413
00148 414
00148 415
00148 416
00148 417
00148 418
00148 419
00148 420
00148 421
00148 422
00148 423
00148 424
00148 425
00148 426
00148 427
00148 428
00148 429
00148 430
00148 431
00148 432
00148 433
00148 434
00148 435
00148 436
00148 437
00148 438
00148 439
00148 440
00148 441
00148 442
00148 443
00148 444
00148 445
00148 446
00148 447
00148 448
00148 449
00148 450
00148 451
00148 452
00148 453
00148 454
00148 455
00148 456
00148 457
00148 458
00148 459
00148 460
00148 461
00148 462
00148 463
00148 464
00148 465
00148 466
00148 467
00148 468
00148 469
00148 470
00148 471
00148 472
00148 473
00148 474
00148 475
00148 476
00148 477
00148 478
00148 479
00148 480
00148 481
00148 482
00148 483
00148 484
00148 485
00148 486
00148 487
00148 488
00148 489
00148 490
00148 491
00148 492
00148 493
00148 494
00148 495
00149 000
00149 001
00149 002
00149 003
00149 004
00149 005
00149 006
00149 007
00149 008
00149 009
00149 010
00149 011
00149 012
00149 013
00149 014
00149 015
00149 016
00149 017
00149 018
00149 019
00149 020
00149 021
00149 022
00149 023
00149 024
00149 025
00149 026
00149 027
00149 028
00149 029
00149 030
00149 031
00149 032
00149 033
00149 034
00149 035
00149 036
00149 037
00149 038
00149 039
00149 040
00149 041
00149 042
00149 043
00149 044
00149 045
00149 046
00149 047
00149 048
00149 049
00149 050
00149 051
00149 052
00149 053
00149 054
00149 055
00149 056
00149 057
00149 058
00149 059
00149 060
00149 061
00149 062
00149 063
00149 064
00149 065
00149 066
00149 067
00149 068
00149 069
00149 070
00149 071
00149 072
00149 073
00149 074
00149 075
00149 076
00149 077
00149 078
00149 079
00149 080
00149 081
00149 082
00149 083
00149 084
00149 085
00149 086
00149 087
00149 088
00149 089
00149 090
00149 091
00149 092
00149 093
00149 094
00149 095
00149 096
00149 097
00149 098
00149 099
00149 100
00149 101
00149 102
00149 103
00149 104
00149 105
00149 106
00149 107
00149 108
00149 109
00149 110
00149 111
00149 112
00149 113
00149 114
00149 115
00149 116
00149 117
00149 118
00149 119
00149 120
00149 121
00149 122
00149 123
00149 124
00149 125
00149 126
00149 127
00149 128
00149 129
00149 130
00149 131
00149 132
00149 133
00149 134
00149 135
00149 136
00149 137
00149 138
00149 139
00149 140
00149 141
00149 142
00149 143
00149 144
00149 145
00149 146
00149 147
00149 148
00149 149
00149 150
00149 151
00149 152
00149 153
00149 154
00149 155
00149 156
00149 157
00149 158
00149 159
00149 160
00149 161
00149 162
00149 163
00149 164
00149 165
00149 166
00149 167
00149 168
00149 169
00149 170
00149 171
00149 172
00149 173
00149 174
00149 175
00149 176
00149 177
00149 178
00149 179
00149 180
00149 181
00149 182
00149 183
00149 184
00149 185
00149 186
00149 187
00149 188
00149 189
00149 190
00149 191
00149 192
00149 193
00149 194
00149 195
00149 196
00149 197
00149 198
00149 199
00149 200
00149 201
00149 202
00149 203
00149 204
00149 205
00149 206
00149 207
00149 208
00149 209
00149 210
00149 211
00149 212
00149 213
00149 214
00149 215
00149 216
00149 217
00149 218
00149 219
00149 220
00149 221
00149 222
00149 223
00149 224
00149 225
00149 226
00149 227
00149 228
00149 229
00149 230
00149 231
00149 232
00149 233
00149 234
00149 235
00149 236
00149 237
00149 238
00149 239
00149 240
00149 241
00149 242
00149 243
00149 244
00149 245
00149 246
00149 247
00149 248
00149 249
00149 250
00149 251
00149 252
00149 253
00149 254
00149 255
00149 256
00149 257
00149 258
00149 259
00149 260
00149 261
00149 262
00149 263
00149 264
00149 265
00149 266
00149 267
00149 268
00149 269
00149 270
00149 271
00149 272
00149 273
00149 274
00149 275
00149 276
00149 277
00149 278
00149 279
00149 280
00149 281
00149 282
00149 283
00149 284
00149 285
00149 286
00149 287
00149 288
00149 289
00149 290
00149 291
00149 292
00149 293
00149 294
00149 295
00149 296
00149 297
00149 298
00149 299
00149 300
00149 301
00149 302
00149 303
00149 304
00149 305
00149 306
00149 307
00149 308
00149 309
00149 310
00149 311
00149 312
00149 313
00149 314
00149 315
00149 316
00149 317
00149 318
00149 319
00149 320
00149 321
00149 322
00149 323
00149 324
00149 325
00149 326
00149 327
00149 328
00149 329
00149 330
00149 331
00149 332
00149 333
00149 334
00149 335
00149 336
00149 337
00149 338
00149 339
00149 340
00149 341
00149 342
00149 343
00149 344
00149 345
00149 346
00149 347
00149 348
00149 349
00149 350
00149 351
00149 352
00149 353
00149 354
00149 355
00149 356
00149 357
00149 358
00149 359
00149 360
00149 361
00149 362
00149 363
00149 364
00149 365
00149 366
00149 367
00149 368
00149 369
00149 370
00149 371
00149 372
00149 373
00149 374
00149 375
00149 376
00149 377
00149 378
00149 379
00149 380
00149 381
00149 382
00149 383
00149 384
00149 385
00149 386
00149 387
00149 388
00149 389
00149 390
00149 391
00149 392
00149 393
00149 394
00149 395
00149 396
00149 397
00149 398
00149 399
00149 400
00149 401
00149 402
00149 403
00149 404
00149 405
00149 406
00149 407
00149 408
00149 409
00149 410
00149 411
00149 412
00149 413
00149 414
00149 415
00149 416
00149 417
00149 418
00149 419
00149 420
00149 421
00149 422
00149 423
00149 424
00149 425
00149 426
00149 427
00149 428
00149 429
00149 430
00149 431
00150 000
00151 000
00151 001
00151 002
00152 000
00152 001
00152 002
00152 003
00152 004
00152 005
00152 006
00152 007
00152 008
00152 009
00152 010
00152 011
00152 012
00152 013
00152 014
00152 015
00152 016
00152 017
00152 018
00152 019
00152 020
00152 021
00152 022
00152 023
00152 024
00152 025
00152 026
00152 027
00152 028
00152 029
00152 030
00152 031
00152 032
00152 033
00152 034
00152 035
00152 036
00152 037
00152 038
00152 039
00152 040
00152 041
00152 042
00152 043
00152 044
00152 045
00152 046
00152 047
00152 048
00152 049
00152 050
00152 051
00152 052
00152 053
00152 054
00152 055
