  3 0  0  0 36.168
  3 0  0  1 30.332
  3 0  0  2 34.021
  3 0  0  3 32.298
  3 0  0  4 32.049
  3 0  0  5 30.801
  3 0  0  6 30.945
  3 0  0  7 30.379
  3 0  0  8 29.502
  3 0  0  9 30.078
  3 0  0 10 30.868
  3 0  0 11 29.465
  3 0  0 12 27.536
  3 0  0 13 30.424
  3 0  0 14 28.482
  3 0  0 15 29.984
  3 0  0 16 28.966
  3 0  0 17 30.461
  3 0  0 18 30.667
  3 0  0 19 30.549
  3 0  0 20 31.393
  3 0  0 21 29.151
  3 0  0 22 30.319
  3 0  0 23 35.034
  3 0  1  0 30.011
  3 0  1  1 29.338
  3 0  1  2 28.061
  3 0  1  3 28.612
  3 0  1  4 29.025
  3 0  1  5 27.968
  3 0  1  6 26.390
  3 0  1  7 28.495
  3 0  1  8 26.243
  3 0  1  9 30.767
  3 0  1 10 31.292
  3 0  1 11 29.931
  3 0  1 12 29.312
  3 0  1 13 30.015
  3 0  1 14 31.176
  3 0  1 15 27.440
  3 0  1 16 31.138
  3 0  1 17 31.511
  3 0  1 18 33.776
  3 0  1 19 30.950
  3 0  1 20 30.067
  3 0  1 21 28.924
  3 0  1 22 28.955
  3 0  1 23 30.084
  3 0  2  0 27.925
  3 0  2  1 25.719
  3 0  2  2 30.514
  3 0  2  3 29.279
  3 0  2  4 25.243
  3 0  2  5 30.634
  3 0  2  6 28.170
  3 0  2  7 28.899
  3 0  2  8 29.116
  3 0  2  9 32.143
  3 0  2 10 27.020
  3 0  2 11 30.226
  3 0  2 12 27.019
  3 0  2 13 31.368
  3 0  2 14 27.674
  3 0  2 15 31.059
  3 0  2 16 27.544
  3 0  2 17 29.821
  3 0  2 18 30.741
  3 0  2 19 30.035
  3 0  2 20 30.967
  3 0  2 21 29.858
  3 0  2 22 26.639
  3 0  2 23 26.061
  3 0  3  0 31.831
  3 0  3  1 30.487
  3 0  3  2 29.730
  3 0  3  3 29.822
  3 0  3  4 28.996
  3 0  3  5 29.969
  3 0  3  6 30.863
  3 0  3  7 30.707
  3 0  3  8 31.312
  3 0  3  9 30.570
  3 0  3 10 31.203
  3 0  3 11 33.003
  3 0  3 12 30.868
  3 0  3 13 32.079
  3 0  3 14 30.786
  3 0  3 15 31.740
  3 0  3 16 28.450
  3 0  3 17 30.758
  3 0  3 18 29.775
  3 0  3 19 30.844
  3 0  3 20 31.679
  3 0  3 21 32.055
  3 0  3 22 30.971
  3 0  3 23 30.807
  3 0  4  0 35.885
  3 0  4  1 32.418
  3 0  4  2 34.351
  3 0  4  3 30.145
  3 0  4  4 30.438
  3 0  4  5 32.120
  3 0  4  6  0.010
  3 0  4  7 31.947
  3 0  4  8 33.595
  3 0  4  9 32.612
  3 0  4 10 31.600
  3 0  4 11 31.441
  3 0  4 12 30.810
  3 0  4 13 32.098
  3 0  4 14 33.438
  3 0  4 15 32.267
  3 0  4 16 33.085
  3 0  4 17 32.329
  3 0  4 18 30.450
  3 0  4 19 33.266
  3 0  4 20 31.763
  3 0  4 21 33.908
  3 0  4 22 33.856
  3 0  4 23 36.900
  3 0  5  0 31.129
  3 0  5  1 30.479
  3 0  5  2 33.112
  3 0  5  3 34.264
  3 0  5  4 36.163
  3 0  5  5 34.687
  3 0  5  6 31.453
  3 0  5  7 34.028
  3 0  5  8 34.043
  3 0  5  9 34.846
  3 0  5 10 33.270
  3 0  5 11 33.756
  3 0  5 12 32.700
  3 0  5 13 32.309
  3 0  5 14 34.709
  3 0  5 15 32.450
  3 0  5 16 33.668
  3 0  5 17 34.746
  3 0  5 18 35.251
  3 0  5 19 35.323
  3 0  5 20 35.203
  3 0  5 21 32.759
  3 0  5 22 30.103
  3 0  5 23 29.828
  3 0  6  0 29.774
  3 0  6  1 27.616
  3 0  6  2 30.917
  3 0  6  3 32.525
  3 0  6  4 26.363
  3 0  6  5 26.431
  3 0  6  6 24.218
  3 0  6  7 28.941
  3 0  6  8 28.753
  3 0  6  9 31.607
  3 0  6 10 28.564
  3 0  6 11 26.073
  3 0  6 12 25.214
  3 0  6 13 23.895
  3 0  6 14 29.864
  3 0  6 15 28.788
  3 0  6 16 25.955
  3 0  6 17 25.326
  3 0  6 18 25.487
  3 0  6 19 27.252
  3 0  6 20 26.539
  3 0  6 21 32.225
  3 0  6 22 26.242
  3 0  6 23 26.734
  3 0  7  0 29.293
  3 0  7  1 27.578
  3 0  7  2 33.584
  3 0  7  3 29.982
  3 0  7  4 28.695
  3 0  7  5 30.635
  3 0  7  6 29.180
  3 0  7  7 33.161
  3 0  7  8 25.799
  3 0  7  9 29.161
  3 0  7 10 27.894
  3 0  7 11 29.996
  3 0  7 12 32.830
  3 0  7 13 32.077
  3 0  7 14 33.286
  3 0  7 15 30.064
  3 0  7 16 34.323
  3 0  7 17 32.752
  3 0  7 18 32.269
  3 0  7 19 32.363
  3 0  7 20 30.344
  3 0  7 21 30.928
  3 0  7 22 32.674
  3 0  7 23 27.906
  3 0  8  0 32.487
  3 0  8  1 31.017
  3 0  8  2 30.518
  3 0  8  3 30.119
  3 0  8  4 31.024
  3 0  8  5 31.105
  3 0  8  6 31.671
  3 0  8  7  0.010
  3 0  8  8 32.042
  3 0  8  9 32.234
  3 0  8 10 31.630
  3 0  8 11 32.815
  3 0  8 12 30.522
  3 0  8 13 33.715
  3 0  8 14 32.915
  3 0  8 15 30.864
  3 0  8 16 31.487
  3 0  8 17 34.103
  3 0  8 18 28.185
  3 0  8 19 30.978
  3 0  8 20 27.524
  3 0  8 21 27.933
  3 0  8 22 28.621
  3 0  8 23 30.631
  3 0  9  0 31.928
  3 0  9  1 30.304
  3 0  9  2 29.730
  3 0  9  3 30.209
  3 0  9  4 31.271
  3 0  9  5 31.263
  3 0  9  6 30.312
  3 0  9  7 31.673
  3 0  9  8 30.503
  3 0  9  9 30.833
  3 0  9 10 29.839
  3 0  9 11 29.922
  3 0  9 12 28.262
  3 0  9 13 28.046
  3 0  9 14 25.998
  3 0  9 15 29.089
  3 0  9 16 28.911
  3 0  9 17 32.423
  3 0  9 18 30.820
  3 0  9 19 30.948
  3 0  9 20 32.012
  3 0  9 21 27.846
  3 0  9 22 28.597
  3 0  9 23 30.697
  3 0 10  0 34.702
  3 0 10  1 34.106
  3 0 10  2 32.754
  3 0 10  3 34.703
  3 0 10  4 34.816
  3 0 10  5 35.271
  3 0 10  6 34.829
  3 0 10  7 35.231
  3 0 10  8 31.519
  3 0 10  9 31.650
  3 0 10 10 29.781
  3 0 10 11 30.130
  3 0 10 12 28.974
  3 0 10 13 30.908
  3 0 10 14  0.010
  3 0 10 15 28.401
  3 0 10 16 32.108
  3 0 10 17 30.573
  3 0 10 18 31.164
  3 0 10 19 28.603
  3 0 10 20 32.305
  3 0 10 21 32.308
  3 0 10 22 33.017
  3 0 10 23 32.642
  3 1  0  0 32.515
  3 1  0  1 32.069
  3 1  0  2 30.083
  3 1  0  3 32.067
  3 1  0  4 31.845
  3 1  0  5 31.762
  3 1  0  6 31.136
  3 1  0  7 31.754
  3 1  0  8 32.118
  3 1  0  9 30.172
  3 1  0 10 31.585
  3 1  0 11 30.763
  3 1  0 12 31.618
  3 1  0 13 31.937
  3 1  0 14 31.202
  3 1  0 15 31.227
  3 1  0 16 33.578
  3 1  0 17 32.909
  3 1  0 18 32.190
  3 1  0 19 31.841
  3 1  0 20 33.978
  3 1  0 21 33.498
  3 1  0 22 31.338
  3 1  0 23 32.812
  3 1  1  0 30.511
  3 1  1  1 30.145
  3 1  1  2 31.400
  3 1  1  3 33.108
  3 1  1  4 30.950
  3 1  1  5 31.695
  3 1  1  6 31.246
  3 1  1  7 29.589
  3 1  1  8 32.745
  3 1  1  9 29.893
  3 1  1 10 30.503
  3 1  1 11 31.665
  3 1  1 12 30.790
  3 1  1 13 29.627
  3 1  1 14 32.624
  3 1  1 15 31.554
  3 1  1 16 32.744
  3 1  1 17 30.573
  3 1  1 18 33.015
  3 1  1 19 31.625
  3 1  1 20 33.328
  3 1  1 21 30.615
  3 1  1 22 31.965
  3 1  1 23 31.028
  3 1  2  0 29.864
  3 1  2  1 29.951
  3 1  2  2 32.553
  3 1  2  3 32.040
  3 1  2  4 33.677
  3 1  2  5 27.948
  3 1  2  6 31.831
  3 1  2  7 27.676
  3 1  2  8 27.325
  3 1  2  9 28.396
  3 1  2 10 32.082
  3 1  2 11 26.004
  3 1  2 12 30.018
  3 1  2 13 26.115
  3 1  2 14 34.470
  3 1  2 15 30.148
  3 1  2 16 28.830
  3 1  2 17 31.646
  3 1  2 18 31.284
  3 1  2 19 30.403
  3 1  2 20 32.338
  3 1  2 21 32.520
  3 1  2 22 29.709
  3 1  2 23 28.216
  3 1  3  0 32.389
  3 1  3  1 30.612
  3 1  3  2 32.628
  3 1  3  3 30.514
  3 1  3  4 31.141
  3 1  3  5 32.362
  3 1  3  6 29.976
  3 1  3  7 32.062
  3 1  3  8 32.904
  3 1  3  9 31.321
  3 1  3 10 33.904
  3 1  3 11 33.973
  3 1  3 12 32.420
  3 1  3 13 34.305
  3 1  3 14 32.608
  3 1  3 15 31.248
  3 1  3 16 32.183
  3 1  3 17 30.492
  3 1  3 18 31.694
  3 1  3 19 30.600
  3 1  3 20 31.538
  3 1  3 21 30.821
  3 1  3 22 29.645
  3 1  3 23 33.930
  3 1  4  0 33.327
  3 1  4  1 33.962
  3 1  4  2 32.174
  3 1  4  3 33.089
  3 1  4  4 33.848
  3 1  4  5 33.906
  3 1  4  6 30.700
  3 1  4  7 32.684
  3 1  4  8 33.384
  3 1  4  9 31.314
  3 1  4 10 34.244
  3 1  4 11 33.139
  3 1  4 12 29.736
  3 1  4 13 29.984
  3 1  4 14 32.103
  3 1  4 15 30.613
  3 1  4 16 32.762
  3 1  4 17 35.481
  3 1  4 18 33.821
  3 1  4 19 33.490
  3 1  4 20 33.312
  3 1  4 21 32.101
  3 1  4 22 30.785
  3 1  4 23 32.018
  3 1  5  0 31.276
  3 1  5  1 33.528
  3 1  5  2 32.878
  3 1  5  3 32.622
  3 1  5  4 33.326
  3 1  5  5 35.226
  3 1  5  6 33.589
  3 1  5  7 31.894
  3 1  5  8 34.040
  3 1  5  9 34.375
  3 1  5 10 34.390
  3 1  5 11 32.370
  3 1  5 12 30.629
  3 1  5 13 36.666
  3 1  5 14 33.443
  3 1  5 15 32.006
  3 1  5 16 33.575
  3 1  5 17 31.689
  3 1  5 18 32.373
  3 1  5 19 34.575
  3 1  5 20 31.989
  3 1  5 21 34.179
  3 1  5 22 33.439
  3 1  5 23 29.705
  3 1  6  0 32.121
  3 1  6  1 33.261
  3 1  6  2 30.335
  3 1  6  3 33.087
  3 1  6  4 33.463
  3 1  6  5 31.252
  3 1  6  6 31.989
  3 1  6  7 35.207
  3 1  6  8 33.982
  3 1  6  9 35.298
  3 1  6 10 32.506
  3 1  6 11 30.570
  3 1  6 12 29.639
  3 1  6 13 31.347
  3 1  6 14 30.031
  3 1  6 15 28.541
  3 1  6 16 33.831
  3 1  6 17 34.090
  3 1  6 18 33.116
  3 1  6 19 28.244
  3 1  6 20 29.816
  3 1  6 21 33.796
  3 1  6 22 33.668
  3 1  6 23 32.010
  3 1  7  0 33.487
  3 1  7  1 36.292
  3 1  7  2 32.807
  3 1  7  3 33.101
  3 1  7  4 34.893
  3 1  7  5 32.734
  3 1  7  6 32.175
  3 1  7  7 32.822
  3 1  7  8 32.897
  3 1  7  9 34.802
  3 1  7 10 32.186
  3 1  7 11 30.776
  3 1  7 12 35.845
  3 1  7 13 36.112
  3 1  7 14 36.687
  3 1  7 15 36.365
  3 1  7 16 35.069
  3 1  7 17 35.009
  3 1  7 18 34.208
  3 1  7 19 36.082
  3 1  7 20 35.481
  3 1  7 21 34.422
  3 1  7 22 30.828
  3 1  7 23 28.458
  3 1  8  0 32.250
  3 1  8  1 32.968
  3 1  8  2 30.402
  3 1  8  3 33.392
  3 1  8  4 30.444
  3 1  8  5 34.113
  3 1  8  6 33.680
  3 1  8  7 34.702
  3 1  8  8 34.765
  3 1  8  9 34.246
  3 1  8 10 34.771
  3 1  8 11 30.556
  3 1  8 12 30.105
  3 1  8 13 31.483
  3 1  8 14 33.514
  3 1  8 15 30.900
  3 1  8 16 33.543
  3 1  8 17 31.209
  3 1  8 18 32.636
  3 1  8 19 34.327
  3 1  8 20 33.913
  3 1  8 21 33.311
  3 1  8 22 34.483
  3 1  8 23 35.315
  3 1  9  0 29.204
  3 1  9  1 29.552
  3 1  9  2 29.396
  3 1  9  3 28.756
  3 1  9  4 31.302
  3 1  9  5 30.230
  3 1  9  6 29.896
  3 1  9  7 28.508
  3 1  9  8 29.166
  3 1  9  9 31.402
  3 1  9 10 32.203
  3 1  9 11 31.733
  3 1  9 12 31.371
  3 1  9 13 31.302
  3 1  9 14 33.611
  3 1  9 15 30.072
  3 1  9 16 25.544
  3 1  9 17 32.392
  3 1  9 18 35.383
  3 1  9 19 32.639
  3 1  9 20 30.112
  3 1  9 21 30.777
  3 1  9 22 28.752
  3 1  9 23 32.395
  3 1 10  0 30.765
  3 1 10  1 31.774
  3 1 10  2 31.134
  3 1 10  3 31.844
  3 1 10  4 29.841
  3 1 10  5 29.425
  3 1 10  6 29.766
  3 1 10  7 29.904
  3 1 10  8 31.510
  3 1 10  9 31.031
  3 1 10 10 31.471
  3 1 10 11 33.290
  3 1 10 12 30.865
  3 1 10 13 29.317
  3 1 10 14 31.071
  3 1 10 15 30.351
  3 1 10 16 32.327
  3 1 10 17 31.074
  3 1 10 18 30.155
  3 1 10 19 31.779
  3 1 10 20 33.345
  3 1 10 21 31.508
  3 1 10 22 33.180
  3 1 10 23 32.595
 15 0  0  0 34.686
 15 0  0  1 31.777
 15 0  0  2 31.580
 15 0  0  3 36.958
 15 0  0  4 28.939
 15 0  0  5 31.052
 15 0  0  6 35.549
 15 0  0  7 33.307
 15 0  0  8 23.073
 15 0  0  9 21.996
 15 0  0 10 15.376
 15 0  0 11 14.110
 15 0  0 12 16.840
 15 0  0 13 10.656
 15 0  0 14 16.042
 15 0  0 15 16.559
 15 0  0 16 14.786
 15 0  0 17 17.871
 15 0  0 18 14.021
 15 0  0 19 10.656
 15 0  0 20  9.265
 15 0  0 21  7.415
 15 0  0 22 11.432
 15 0  0 23 15.033
 15 0  0 24 19.515
 15 0  0 25 24.402
 15 0  0 26  8.121
 15 0  0 27  5.723
 15 0  0 28  6.245
 15 0  0 29  8.274
 15 0  0 30  5.503
 15 0  0 31 11.683
 15 0  0 32 20.825
 15 0  0 33 22.098
 15 0  0 34 13.295
 15 0  0 35 24.765
 15 0  0 36 21.336
 15 0  0 37 11.891
 15 0  0 38 10.804
 15 0  0 39 22.342
 15 0  1  0 28.025
 15 0  1  1 33.289
 15 0  1  2 31.529
 15 0  1  3 32.780
 15 0  1  4 38.048
 15 0  1  5 34.296
 15 0  1  6 29.704
 15 0  1  7 35.052
 15 0  1  8 35.842
 15 0  1  9 31.713
 15 0  1 10 27.886
 15 0  1 11 36.243
 15 0  1 12 31.850
 15 0  1 13 32.897
 15 0  1 14 30.564
 15 0  1 15 22.953
 15 0  1 16 23.438
 15 0  1 17 25.586
 15 0  1 18 23.406
 15 0  1 19 26.517
 15 0  1 20 27.621
 15 0  1 21 27.004
 15 0  1 22 19.088
 15 0  1 23 25.495
 15 0  1 24 26.050
 15 0  1 25 26.047
 15 0  1 26 25.064
 15 0  1 27 22.726
 15 0  1 28 25.779
 15 0  1 29 23.861
 15 0  1 30 26.133
 15 0  1 31 27.312
 15 0  1 32 25.325
 15 0  1 33 27.501
 15 0  1 34 24.271
 15 0  1 35 28.089
 15 0  1 36 26.404
 15 0  1 37 27.896
 15 0  1 38 26.987
 15 0  1 39 26.793
 15 0  2  0 20.981
 15 0  2  1 32.088
 15 0  2  2 25.414
 15 0  2  3 31.688
 15 0  2  4 33.343
 15 0  2  5 30.465
 15 0  2  6 29.099
 15 0  2  7 26.688
 15 0  2  8 34.479
 15 0  2  9 34.452
 15 0  2 10 28.606
 15 0  2 11 38.240
 15 0  2 12 41.085
 15 0  2 13 37.882
 15 0  2 14 40.965
 15 0  2 15 36.924
 15 0  2 16 33.167
 15 0  2 17 35.953
 15 0  2 18 38.565
 15 0  2 19 33.430
 15 0  2 20 34.433
 15 0  2 21 25.379
 15 0  2 22 28.636
 15 0  2 23 22.494
 15 0  2 24 18.635
 15 0  2 25 25.454
 15 0  2 26 23.796
 15 0  2 27 23.570
 15 0  2 28 19.007
 15 0  2 29 28.369
 15 0  2 30 21.757
 15 0  2 31 24.564
 15 0  2 32 23.294
 15 0  2 33 17.998
 15 0  2 34 22.668
 15 0  2 35 23.463
 15 0  2 36 16.333
 15 0  2 37 19.421
 15 0  2 38 16.008
 15 0  2 39 13.213
 15 0  3  0 28.602
 15 0  3  1 25.328
 15 0  3  2 28.133
 15 0  3  3 28.724
 15 0  3  4 26.040
 15 0  3  5 26.671
 15 0  3  6 28.794
 15 0  3  7 26.313
 15 0  3  8 27.049
 15 0  3  9 26.104
 15 0  3 10 31.560
 15 0  3 11 31.165
 15 0  3 12 33.472
 15 0  3 13 29.971
 15 0  3 14 34.248
 15 0  3 15 35.879
 15 0  3 16 36.685
 15 0  3 17 36.238
 15 0  3 18 36.335
 15 0  3 19 39.572
 15 0  3 20 33.354
 15 0  3 21 38.495
 15 0  3 22 36.569
 15 0  3 23 35.249
 15 0  3 24 38.673
 15 0  3 25 34.458
 15 0  3 26 34.586
 15 0  3 27 37.058
 15 0  3 28 32.933
 15 0  3 29 31.830
 15 0  3 30 28.688
 15 0  3 31 25.792
 15 0  3 32 22.412
 15 0  3 33 22.230
 15 0  3 34 23.505
 15 0  3 35 24.899
 15 0  3 36 25.107
 15 0  3 37 25.161
 15 0  3 38 23.381
 15 0  3 39 24.319
 15 0  4  0 12.391
 15 0  4  1 23.411
 15 0  4  2 24.865
 15 0  4  3 17.961
 15 0  4  4 30.004
 15 0  4  5 40.459
 15 0  4  6 40.017
 15 0  4  7 37.825
 15 0  4  8 27.672
 15 0  4  9 30.926
 15 0  4 10 26.065
 15 0  4 11 24.100
 15 0  4 12 27.705
 15 0  4 13 24.091
 15 0  4 14 21.850
 15 0  4 15 16.062
 15 0  4 16 25.512
 15 0  4 17 24.386
 15 0  4 18 25.310
 15 0  4 19 22.378
 15 0  4 20 21.002
 15 0  4 21 16.502
 15 0  4 22 14.172
 15 0  4 23 22.962
 15 0  4 24 23.325
 15 0  4 25 25.349
 15 0  4 26 26.360
 15 0  4 27 28.037
 15 0  4 28 32.058
 15 0  4 29 38.365
 15 0  4 30 33.346
 15 0  4 31 35.165
 15 0  4 32 29.319
 15 0  4 33 26.041
 15 0  4 34 31.446
 15 0  4 35 27.253
 15 0  4 36 35.775
 15 0  4 37 31.594
 15 0  4 38 36.770
 15 0  4 39 30.726
 15 0  5  0 27.307
 15 0  5  1 23.750
 15 0  5  2 24.108
 15 0  5  3 24.239
 15 0  5  4 25.805
 15 0  5  5 24.496
 15 0  5  6 25.321
 15 0  5  7 21.240
 15 0  5  8 24.326
 15 0  5  9 21.637
 15 0  5 10 28.288
 15 0  5 11 27.978
 15 0  5 12 32.485
 15 0  5 13 34.890
 15 0  5 14 33.392
 15 0  5 15 36.405
 15 0  5 16 34.311
 15 0  5 17 35.898
 15 0  5 18 31.887
 15 0  5 19 32.544
 15 0  5 20 31.592
 15 0  5 21 33.741
 15 0  5 22 32.584
 15 0  5 23 26.821
 15 0  5 24 25.398
 15 0  5 25 21.169
 15 0  5 26 28.892
 15 0  5 27 24.790
 15 0  5 28 24.984
 15 0  5 29 23.565
 15 0  5 30 24.635
 15 0  5 31  0.010
 15 0  5 32 25.591
 15 0  5 33 27.845
 15 0  5 34 31.470
 15 0  5 35 36.138
 15 0  5 36 34.051
 15 0  5 37 35.093
 15 0  5 38 35.564
 15 0  5 39 29.622
 15 0  6  0 19.716
 15 0  6  1 19.359
 15 0  6  2 18.975
 15 0  6  3 25.347
 15 0  6  4 24.873
 15 0  6  5 19.116
 15 0  6  6 21.664
 15 0  6  7 19.199
 15 0  6  8 21.055
 15 0  6  9 21.283
 15 0  6 10 16.475
 15 0  6 11 17.901
 15 0  6 12 15.842
 15 0  6 13 18.869
 15 0  6 14 12.137
 15 0  6 15 18.985
 15 0  6 16 21.730
 15 0  6 17 20.514
 15 0  6 18 23.916
 15 0  6 19 26.353
 15 0  6 20 28.908
 15 0  6 21 23.402
 15 0  6 22 28.326
 15 0  6 23 16.046
 15 0  6 24 23.224
 15 0  6 25 22.295
 15 0  6 26 22.714
 15 0  6 27 22.003
 15 0  6 28 23.960
 15 0  6 29 22.722
 15 0  6 30 22.044
 15 0  6 31 19.998
 15 0  6 32 23.056
 15 0  6 33 28.715
 15 0  6 34 23.051
 15 0  6 35 32.673
 15 0  6 36 23.427
 15 0  6 37 22.414
 15 0  6 38 23.635
 15 0  6 39 21.957
 15 0  7  0 19.974
 15 0  7  1 24.966
 15 0  7  2 25.901
 15 0  7  3 25.437
 15 0  7  4 24.866
 15 0  7  5 23.804
 15 0  7  6 24.633
 15 0  7  7 22.099
 15 0  7  8 15.022
 15 0  7  9 22.494
 15 0  7 10 24.228
 15 0  7 11 26.318
 15 0  7 12 26.368
 15 0  7 13 23.818
 15 0  7 14 25.240
 15 0  7 15 24.183
 15 0  7 16 22.679
 15 0  7 17 23.504
 15 0  7 18 24.398
 15 0  7 19 27.048
 15 0  7 20 27.668
 15 0  7 21 25.217
 15 0  7 22 26.573
 15 0  7 23 24.096
 15 0  7 24 22.579
 15 0  7 25 20.824
 15 0  7 26 22.474
 15 0  7 27 25.393
 15 0  7 28 28.263
 15 0  7 29 27.193
 15 0  7 30 28.336
 15 0  7 31 25.211
 15 0  7 32 26.395
 15 0  7 33 28.842
 15 0  7 34 30.125
 15 0  7 35 29.150
 15 0  7 36 28.018
 15 0  7 37 29.881
 15 0  7 38 30.241
 15 0  7 39 32.815
 15 1  0  0 23.142
 15 1  0  1 23.923
 15 1  0  2 24.205
 15 1  0  3 25.354
 15 1  0  4 25.965
 15 1  0  5 31.712
 15 1  0  6 29.545
 15 1  0  7 24.375
 15 1  0  8 21.007
 15 1  0  9 24.026
 15 1  0 10 24.963
 15 1  0 11 26.061
 15 1  0 12 26.652
 15 1  0 13 27.065
 15 1  0 14 29.833
 15 1  0 15 28.434
 15 1  0 16 24.799
 15 1  0 17 27.636
 15 1  0 18 24.780
 15 1  0 19 30.026
 15 1  0 20 30.424
 15 1  0 21 25.004
 15 1  0 22 23.343
 15 1  0 23 24.423
 15 1  0 24 26.501
 15 1  0 25 24.528
 15 1  0 26 26.234
 15 1  0 27 26.188
 15 1  0 28 25.251
 15 1  0 29 25.766
 15 1  0 30 26.860
 15 1  0 31 26.098
 15 1  0 32 22.541
 15 1  0 33 25.641
 15 1  0 34 22.875
 15 1  0 35 32.005
 15 1  0 36 28.189
 15 1  0 37 21.927
 15 1  0 38 22.104
 15 1  0 39 13.066
 15 1  1  0 27.769
 15 1  1  1 26.185
 15 1  1  2 32.227
 15 1  1  3 32.956
 15 1  1  4 31.990
 15 1  1  5 32.976
 15 1  1  6 33.935
 15 1  1  7 25.658
 15 1  1  8 26.838
 15 1  1  9 30.556
 15 1  1 10 30.389
 15 1  1 11 29.207
 15 1  1 12 27.962
 15 1  1 13 30.198
 15 1  1 14 31.210
 15 1  1 15 26.283
 15 1  1 16 29.678
 15 1  1 17 32.124
 15 1  1 18 30.568
 15 1  1 19 32.459
 15 1  1 20 29.676
 15 1  1 21 35.075
 15 1  1 22 35.784
 15 1  1 23 31.057
 15 1  1 24 28.731
 15 1  1 25 26.790
 15 1  1 26 28.411
 15 1  1 27 33.380
 15 1  1 28 30.112
 15 1  1 29 27.795
 15 1  1 30 27.770
 15 1  1 31 29.642
 15 1  1 32 25.388
 15 1  1 33 26.035
 15 1  1 34 27.498
 15 1  1 35 31.123
 15 1  1 36 24.515
 15 1  1 37 25.025
 15 1  1 38 23.061
 15 1  1 39 22.832
 15 1  2  0 19.018
 15 1  2  1 24.343
 15 1  2  2 28.680
 15 1  2  3 29.809
 15 1  2  4 34.533
 15 1  2  5 28.912
 15 1  2  6 32.020
 15 1  2  7 24.968
 15 1  2  8 34.265
 15 1  2  9 22.872
 15 1  2 10 27.917
 15 1  2 11 33.304
 15 1  2 12 28.976
 15 1  2 13 32.268
 15 1  2 14 30.927
 15 1  2 15 23.353
 15 1  2 16 28.564
 15 1  2 17  0.010
 15 1  2 18 33.904
 15 1  2 19 31.004
 15 1  2 20 31.233
 15 1  2 21 34.200
 15 1  2 22 32.527
 15 1  2 23 24.919
 15 1  2 24 27.145
 15 1  2 25 27.459
 15 1  2 26 32.594
 15 1  2 27 29.065
 15 1  2 28 31.689
 15 1  2 29 26.934
 15 1  2 30 29.957
 15 1  2 31 27.645
 15 1  2 32 30.806
 15 1  2 33 26.573
 15 1  2 34 29.171
 15 1  2 35 27.721
 15 1  2 36 29.940
 15 1  2 37 24.898
 15 1  2 38 27.106
 15 1  2 39 23.858
 15 1  3  0 21.386
 15 1  3  1 30.429
 15 1  3  2 32.970
 15 1  3  3 34.113
 15 1  3  4 31.849
 15 1  3  5 34.165
 15 1  3  6 34.624
 15 1  3  7 31.111
 15 1  3  8 30.324
 15 1  3  9 25.108
 15 1  3 10 33.809
 15 1  3 11 34.792
 15 1  3 12 35.888
 15 1  3 13 33.632
 15 1  3 14 34.154
 15 1  3 15 37.901
 15 1  3 16 34.006
 15 1  3 17 31.104
 15 1  3 18 37.220
 15 1  3 19 36.356
 15 1  3 20 37.809
 15 1  3 21 37.235
 15 1  3 22 31.552
 15 1  3 23 31.301
 15 1  3 24 31.290
 15 1  3 25 31.966
 15 1  3 26 36.479
 15 1  3 27 38.772
 15 1  3 28 36.295
 15 1  3 29 38.905
 15 1  3 30 30.274
 15 1  3 31 32.749
 15 1  3 32 32.084
 15 1  3 33 29.444
 15 1  3 34 33.227
 15 1  3 35 34.396
 15 1  3 36 31.588
 15 1  3 37 31.798
 15 1  3 38 26.288
 15 1  3 39 24.208
 15 1  4  0 30.177
 15 1  4  1 28.120
 15 1  4  2 27.155
 15 1  4  3 30.399
 15 1  4  4 30.968
 15 1  4  5 34.056
 15 1  4  6 29.357
 15 1  4  7 32.441
 15 1  4  8 28.033
 15 1  4  9 31.199
 15 1  4 10 32.576
 15 1  4 11 33.712
 15 1  4 12 32.020
 15 1  4 13 34.785
 15 1  4 14 25.921
 15 1  4 15 30.833
 15 1  4 16 30.542
 15 1  4 17 28.413
 15 1  4 18 35.097
 15 1  4 19  0.010
 15 1  4 20 37.107
 15 1  4 21 35.593
 15 1  4 22 31.286
 15 1  4 23 35.048
 15 1  4 24 31.021
 15 1  4 25 35.221
 15 1  4 26 31.179
 15 1  4 27 34.625
 15 1  4 28 35.914
 15 1  4 29 35.506
 15 1  4 30 31.970
 15 1  4 31 31.847
 15 1  4 32 32.857
 15 1  4 33 30.780
 15 1  4 34 30.687
 15 1  4 35 31.745
 15 1  4 36 30.992
 15 1  4 37 30.866
 15 1  4 38 26.482
 15 1  4 39 25.159
 15 1  5  0 25.677
 15 1  5  1 21.357
 15 1  5  2 29.738
 15 1  5  3 30.010
 15 1  5  4 29.856
 15 1  5  5 28.326
 15 1  5  6 31.996
 15 1  5  7 30.082
 15 1  5  8 19.440
 15 1  5  9 17.406
 15 1  5 10 23.541
 15 1  5 11 26.362
 15 1  5 12 32.506
 15 1  5 13 28.032
 15 1  5 14 31.582
 15 1  5 15 33.328
 15 1  5 16 26.707
 15 1  5 17 28.292
 15 1  5 18 25.862
 15 1  5 19 32.237
 15 1  5 20 30.138
 15 1  5 21 26.757
 15 1  5 22 25.335
 15 1  5 23 31.390
 15 1  5 24 29.278
 15 1  5 25 15.463
 15 1  5 26 29.660
 15 1  5 27 31.831
 15 1  5 28 28.707
 15 1  5 29 30.955
 15 1  5 30 28.855
 15 1  5 31 28.054
 15 1  5 32 29.453
 15 1  5 33 24.907
 15 1  5 34 27.546
 15 1  5 35 28.925
 15 1  5 36 28.994
 15 1  5 37 25.110
 15 1  5 38 21.876
 15 1  5 39 22.553
 15 1  6  0 17.077
 15 1  6  1 22.611
 15 1  6  2 25.366
 15 1  6  3 25.188
 15 1  6  4 26.235
 15 1  6  5 22.733
 15 1  6  6 24.467
 15 1  6  7 26.210
 15 1  6  8 26.769
 15 1  6  9 27.278
 15 1  6 10 27.788
 15 1  6 11 26.500
 15 1  6 12 28.575
 15 1  6 13 26.724
 15 1  6 14 26.878
 15 1  6 15 25.910
 15 1  6 16 26.573
 15 1  6 17 28.695
 15 1  6 18 30.687
 15 1  6 19 29.728
 15 1  6 20 26.466
 15 1  6 21 29.584
 15 1  6 22 26.905
 15 1  6 23 27.858
 15 1  6 24 27.641
 15 1  6 25 28.223
 15 1  6 26 27.736
 15 1  6 27 29.986
 15 1  6 28 28.887
 15 1  6 29 28.786
 15 1  6 30 28.529
 15 1  6 31 29.435
 15 1  6 32 22.513
 15 1  6 33 22.504
 15 1  6 34 27.480
 15 1  6 35 27.403
 15 1  6 36 24.481
 15 1  6 37 24.629
 15 1  6 38 27.021
 15 1  6 39 27.103
 15 1  7  0 14.006
 15 1  7  1 14.561
 15 1  7  2 21.971
 15 1  7  3 24.025
 15 1  7  4 25.183
 15 1  7  5 23.827
 15 1  7  6 22.296
 15 1  7  7 22.686
 15 1  7  8 23.248
 15 1  7  9 22.756
 15 1  7 10 24.976
 15 1  7 11 28.173
 15 1  7 12 27.618
 15 1  7 13 24.216
 15 1  7 14 28.777
 15 1  7 15 21.006
 15 1  7 16 26.212
 15 1  7 17 20.965
 15 1  7 18 23.478
 15 1  7 19 24.241
 15 1  7 20 26.632
 15 1  7 21 22.633
 15 1  7 22 21.095
 15 1  7 23 15.284
 15 1  7 24  9.451
 15 1  7 25 16.315
 15 1  7 26 20.445
 15 1  7 27 29.017
 15 1  7 28 25.069
 15 1  7 29 25.340
 15 1  7 30 22.925
 15 1  7 31 25.504
 15 1  7 32  7.818
 15 1  7 33 16.516
 15 1  7 34 14.928
 15 1  7 35 25.636
 15 1  7 36 25.445
 15 1  7 37 25.135
 15 1  7 38 25.687
 15 1  7 39 19.157
 15 0  0 40 18.001
 15 0  0 41 24.489
 15 0  0 42 22.655
 15 0  0 43 21.151
 15 0  0 44 12.445
 15 0  0 45 28.055
 15 0  0 46 25.882
 15 0  0 47 22.785
 15 0  0 48 20.692
 15 0  0 49 19.797
 15 0  0 50 26.029
 15 0  0 51 23.286
 15 0  0 52 28.445
 15 0  0 53 28.890
 15 0  0 54  5.474
 15 0  0 55 10.702
 15 0  0 56 19.265
 15 0  0 57 31.557
 15 0  0 58 27.676
 15 0  0 59 32.923
 15 0  0 60 20.346
 15 0  0 61 19.475
 15 0  0 62 18.434
 15 0  0 63 21.369
 15 0  0 64 24.221
 15 0  0 65 23.635
 15 0  0 66 27.245
 15 0  0 67 31.796
 15 0  0 68 28.928
 15 0  0 69 28.341
 15 0  0 70 32.619
 15 0  0 71 29.294
 15 0  0 72 27.936
 15 0  0 73 30.684
 15 0  0 74 28.798
 15 0  0 75 32.035
 15 0  0 76 26.213
 15 0  0 77 25.715
 15 0  0 78  8.660
 15 0  0 79 27.708
 15 0  1 40 19.888
 15 0  1 41 23.087
 15 0  1 42 22.802
 15 0  1 43 20.593
 15 0  1 44 25.007
 15 0  1 45 22.666
 15 0  1 46 25.027
 15 0  1 47 24.944
 15 0  1 48 26.723
 15 0  1 49 30.373
 15 0  1 50 30.088
 15 0  1 51 30.409
 15 0  1 52 32.019
 15 0  1 53 31.744
 15 0  1 54 30.851
 15 0  1 55 30.026
 15 0  1 56 31.322
 15 0  1 57 31.501
 15 0  1 58 28.258
 15 0  1 59 25.051
 15 0  1 60 22.911
 15 0  1 61 22.362
 15 0  1 62 22.593
 15 0  1 63 21.409
 15 0  1 64 23.472
 15 0  1 65 24.709
 15 0  1 66 24.117
 15 0  1 67 20.819
 15 0  1 68 21.138
 15 0  1 69 27.119
 15 0  1 70 27.336
 15 0  1 71 29.616
 15 0  1 72 31.285
 15 0  1 73 30.198
 15 0  1 74 28.562
 15 0  1 75 29.915
 15 0  1 76 29.006
 15 0  1 77 30.765
 15 0  1 78 27.816
 15 0  1 79 30.240
 15 0  2 40 19.403
 15 0  2 41 21.705
 15 0  2 42 23.744
 15 0  2 43 21.438
 15 0  2 44 15.416
 15 0  2 45 20.983
 15 0  2 46 21.331
 15 0  2 47 23.485
 15 0  2 48 17.063
 15 0  2 49 18.989
 15 0  2 50 23.694
 15 0  2 51 21.087
 15 0  2 52 19.956
 15 0  2 53 28.524
 15 0  2 54 28.145
 15 0  2 55 26.550
 15 0  2 56 20.161
 15 0  2 57 27.916
 15 0  2 58 31.852
 15 0  2 59 26.618
 15 0  2 60 25.160
 15 0  2 61 25.376
 15 0  2 62 25.953
 15 0  2 63 20.715
 15 0  2 64 23.517
 15 0  2 65 18.963
 15 0  2 66 23.236
 15 0  2 67 24.816
 15 0  2 68 19.756
 15 0  2 69 16.580
 15 0  2 70 20.296
 15 0  2 71 20.222
 15 0  2 72 23.158
 15 0  2 73 23.410
 15 0  2 74 23.304
 15 0  2 75 26.416
 15 0  2 76 29.332
 15 0  2 77 29.380
 15 0  2 78 31.138
 15 0  2 79 26.487
 15 0  3 40 16.383
 15 0  3 41 22.869
 15 0  3 42 21.834
 15 0  3 43 23.303
 15 0  3 44 25.578
 15 0  3 45 26.574
 15 0  3 46 25.105
 15 0  3 47 24.854
 15 0  3 48 18.551
 15 0  3 49 19.613
 15 0  3 50 18.053
 15 0  3 51 18.553
 15 0  3 52 22.292
 15 0  3 53 23.263
 15 0  3 54 22.379
 15 0  3 55 22.021
 15 0  3 56 21.372
 15 0  3 57 30.569
 15 0  3 58 29.285
 15 0  3 59 28.735
 15 0  3 60 22.292
 15 0  3 61 16.039
 15 0  3 62 18.780
 15 0  3 63 19.011
 15 0  3 64 26.334
 15 0  3 65 28.168
 15 0  3 66 27.788
 15 0  3 67 28.210
 15 0  3 68 24.361
 15 0  3 69 26.501
 15 0  3 70 25.492
 15 0  3 71 18.284
 15 0  3 72 22.535
 15 0  3 73 18.541
 15 0  3 74 18.642
 15 0  3 75 23.191
 15 0  3 76 21.684
 15 0  3 77 18.825
 15 0  3 78 21.760
 15 0  3 79 29.192
 15 0  4 40  8.416
 15 0  4 41 28.379
 15 0  4 42 25.526
 15 0  4 43 25.513
 15 0  4 44 17.650
 15 0  4 45 22.883
 15 0  4 46 24.017
 15 0  4 47 26.498
 15 0  4 48 23.794
 15 0  4 49 28.464
 15 0  4 50 23.606
 15 0  4 51 23.515
 15 0  4 52 27.508
 15 0  4 53 24.751
 15 0  4 54 19.444
 15 0  4 55 15.552
 15 0  4 56 14.608
 15 0  4 57 18.253
 15 0  4 58 21.427
 15 0  4 59 18.778
 15 0  4 60 13.927
 15 0  4 61 31.050
 15 0  4 62 31.261
 15 0  4 63 30.321
 15 0  4 64 27.594
 15 0  4 65 26.362
 15 0  4 66 23.971
 15 0  4 67 24.753
 15 0  4 68 23.384
 15 0  4 69 24.221
 15 0  4 70 23.939
 15 0  4 71 19.832
 15 0  4 72 23.550
 15 0  4 73 25.873
 15 0  4 74 23.616
 15 0  4 75 20.065
 15 0  4 76 20.567
 15 0  4 77 20.575
 15 0  4 78 22.767
 15 0  4 79 21.579
 15 0  5 40 26.841
 15 0  5 41 30.090
 15 0  5 42 31.754
 15 0  5 43 29.510
 15 0  5 44 31.199
 15 0  5 45 30.663
 15 0  5 46 31.434
 15 0  5 47 27.501
 15 0  5 48 23.263
 15 0  5 49 26.265
 15 0  5 50 24.795
 15 0  5 51 28.817
 15 0  5 52 24.727
 15 0  5 53 24.832
 15 0  5 54 24.214
 15 0  5 55 23.862
 15 0  5 56 12.917
 15 0  5 57 24.878
 15 0  5 58 23.590
 15 0  5 59 17.917
 15 0  5 60 32.211
 15 0  5 61 29.105
 15 0  5 62 29.719
 15 0  5 63 30.796
 15 0  5 64 32.494
 15 0  5 65 34.496
 15 0  5 66 29.493
 15 0  5 67 30.638
 15 0  5 68 31.024
 15 0  5 69 24.671
 15 0  5 70 28.938
 15 0  5 71 21.405
 15 0  5 72 23.170
 15 0  5 73 25.625
 15 0  5 74 22.253
 15 0  5 75 20.671
 15 0  5 76 25.671
 15 0  5 77 24.566
 15 0  5 78 27.725
 15 0  5 79 27.465
 15 0  6 40 26.260
 15 0  6 41 32.143
 15 0  6 42 32.414
 15 0  6 43 31.252
 15 0  6 44 15.231
 15 0  6 45 28.772
 15 0  6 46 29.148
 15 0  6 47 25.517
 15 0  6 48 30.650
 15 0  6 49 32.503
 15 0  6 50 34.086
 15 0  6 51 25.582
 15 0  6 52 22.272
 15 0  6 53 23.253
 15 0  6 54 21.203
 15 0  6 55 23.590
 15 0  6 56 20.010
 15 0  6 57 26.575
 15 0  6 58 24.930
 15 0  6 59 23.610
 15 0  6 60 31.485
 15 0  6 61 29.124
 15 0  6 62 30.711
 15 0  6 63 26.162
 15 0  6 64 28.762
 15 0  6 65 28.445
 15 0  6 66 29.893
 15 0  6 67 30.371
 15 0  6 68 30.682
 15 0  6 69 29.208
 15 0  6 70 31.987
 15 0  6 71 29.423
 15 0  6 72 26.731
 15 0  6 73 25.917
 15 0  6 74 24.308
 15 0  6 75 26.809
 15 0  6 76 25.057
 15 0  6 77 22.451
 15 0  6 78 25.848
 15 0  6 79 23.714
 15 0  7 40 31.578
 15 0  7 41 34.506
 15 0  7 42 29.390
 15 0  7 43 30.024
 15 0  7 44 33.400
 15 0  7 45 32.271
 15 0  7 46 33.507
 15 0  7 47 30.567
 15 0  7 48 32.255
 15 0  7 49 34.776
 15 0  7 50 31.323
 15 0  7 51 30.865
 15 0  7 52 29.026
 15 0  7 53 31.896
 15 0  7 54 27.007
 15 0  7 55 25.143
 15 0  7 56 27.527
 15 0  7 57 26.957
 15 0  7 58 29.274
 15 0  7 59 22.985
 15 0  7 60 32.391
 15 0  7 61  4.888
 15 0  7 62 25.199
 15 0  7 63 21.184
 15 0  7 64 25.037
 15 0  7 65 27.700
 15 0  7 66 26.333
 15 0  7 67 28.450
 15 0  7 68 29.742
 15 0  7 69 31.889
 15 0  7 70 30.117
 15 0  7 71 29.238
 15 0  7 72 25.137
 15 0  7 73 27.995
 15 0  7 74 29.819
 15 0  7 75  0.010
 15 0  7 76 26.494
 15 0  7 77 26.252
 15 0  7 78 26.817
 15 0  7 79  3.660
 15 1  0 40 50.129
 15 1  0 41 46.726
 15 1  0 42 47.219
 15 1  0 43 49.473
 15 1  0 44 51.275
 15 1  0 45 49.686
 15 1  0 46 49.285
 15 1  0 47 49.204
 15 1  0 48 48.663
 15 1  0 49 48.062
 15 1  0 50 50.990
 15 1  0 51 49.765
 15 1  0 52 49.736
 15 1  0 53 49.885
 15 1  0 54 38.589
 15 1  0 55 50.620
 15 1  0 56 52.465
 15 1  0 57 48.546
 15 1  0 58 49.975
 15 1  0 59 50.732
 15 1  0 60 47.856
 15 1  0 61 46.154
 15 1  0 62 45.333
 15 1  0 63 44.926
 15 1  0 64 46.760
 15 1  0 65 50.703
 15 1  0 66 48.406
 15 1  0 67 47.130
 15 1  0 68 46.895
 15 1  0 69 47.496
 15 1  0 70 51.927
 15 1  0 71 51.588
 15 1  0 72 50.814
 15 1  0 73 50.575
 15 1  0 74  0.010
 15 1  0 75 50.557
 15 1  0 76 49.411
 15 1  0 77 50.049
 15 1  0 78 47.306
 15 1  0 79 51.814
 15 1  1 40 47.312
 15 1  1 41 47.516
 15 1  1 42 46.446
 15 1  1 43 42.856
 15 1  1 44 46.811
 15 1  1 45 45.903
 15 1  1 46 46.950
 15 1  1 47 49.744
 15 1  1 48 48.408
 15 1  1 49 49.877
 15 1  1 50 51.102
 15 1  1 51 51.331
 15 1  1 52 45.887
 15 1  1 53 49.391
 15 1  1 54 49.997
 15 1  1 55 47.840
 15 1  1 56 50.402
 15 1  1 57 51.213
 15 1  1 58 46.443
 15 1  1 59 44.227
 15 1  1 60 41.506
 15 1  1 61 47.126
 15 1  1 62 50.370
 15 1  1 63 45.005
 15 1  1 64 47.082
 15 1  1 65 46.190
 15 1  1 66 46.878
 15 1  1 67 47.208
 15 1  1 68 42.573
 15 1  1 69 48.104
 15 1  1 70 46.012
 15 1  1 71 47.740
 15 1  1 72 46.224
 15 1  1 73 46.619
 15 1  1 74 42.600
 15 1  1 75 43.781
 15 1  1 76 45.366
 15 1  1 77 50.255
 15 1  1 78 44.781
 15 1  1 79 46.361
 15 1  2 40 24.120
 15 1  2 41 49.442
 15 1  2 42 48.080
 15 1  2 43 44.792
 15 1  2 44 33.520
 15 1  2 45 49.635
 15 1  2 46 39.511
 15 1  2 47 42.693
 15 1  2 48 37.156
 15 1  2 49 47.280
 15 1  2 50  0.010
 15 1  2 51 48.633
 15 1  2 52 38.446
 15 1  2 53 50.444
 15 1  2 54 50.939
 15 1  2 55 49.848
 15 1  2 56 48.523
 15 1  2 57 53.573
 15 1  2 58 52.432
 15 1  2 59 49.679
 15 1  2 60 47.216
 15 1  2 61 49.143
 15 1  2 62 51.569
 15 1  2 63 46.629
 15 1  2 64 49.878
 15 1  2 65 44.654
 15 1  2 66 44.374
 15 1  2 67 41.928
 15 1  2 68 46.106
 15 1  2 69 46.366
 15 1  2 70 48.170
 15 1  2 71 54.065
 15 1  2 72 45.096
 15 1  2 73 48.576
 15 1  2 74 47.208
 15 1  2 75  0.010
 15 1  2 76 46.206
 15 1  2 77 51.202
 15 1  2 78 49.325
 15 1  2 79 45.660
 15 1  3 40 44.916
 15 1  3 41 52.251
 15 1  3 42 48.254
 15 1  3 43 47.526
 15 1  3 44 40.797
 15 1  3 45 49.223
 15 1  3 46 45.004
 15 1  3 47 45.915
 15 1  3 48 40.778
 15 1  3 49 49.000
 15 1  3 50  0.010
 15 1  3 51 43.410
 15 1  3 52 40.616
 15 1  3 53 51.185
 15 1  3 54 46.333
 15 1  3 55 50.868
 15 1  3 56 42.561
 15 1  3 57 52.347
 15 1  3 58 49.338
 15 1  3 59 51.414
 15 1  3 60 34.444
 15 1  3 61 39.815
 15 1  3 62 47.343
 15 1  3 63 34.705
 15 1  3 64 44.002
 15 1  3 65 51.324
 15 1  3 66 49.110
 15 1  3 67 15.949
 15 1  3 68 46.436
 15 1  3 69 54.351
 15 1  3 70 51.282
 15 1  3 71 44.791
 15 1  3 72 40.161
 15 1  3 73 47.431
 15 1  3 74 37.673
 15 1  3 75 30.581
 15 1  3 76 47.207
 15 1  3 77 49.350
 15 1  3 78 48.390
 15 1  3 79 29.555
 15 1  4 40 46.558
 15 1  4 41 48.235
 15 1  4 42 47.373
 15 1  4 43 47.493
 15 1  4 44 48.606
 15 1  4 45 54.917
 15 1  4 46 49.384
 15 1  4 47 50.252
 15 1  4 48 54.123
 15 1  4 49 53.154
 15 1  4 50 47.923
 15 1  4 51 50.295
 15 1  4 52 46.360
 15 1  4 53 50.456
 15 1  4 54 46.243
 15 1  4 55 46.125
 15 1  4 56 39.219
 15 1  4 57 44.428
 15 1  4 58 44.605
 15 1  4 59 45.945
 15 1  4 60 47.002
 15 1  4 61 47.022
 15 1  4 62 48.136
 15 1  4 63 44.036
 15 1  4 64 48.241
 15 1  4 65 47.056
 15 1  4 66 50.446
 15 1  4 67 31.561
 15 1  4 68 45.540
 15 1  4 69 48.476
 15 1  4 70 49.954
 15 1  4 71 55.337
 15 1  4 72 41.265
 15 1  4 73 52.241
 15 1  4 74 47.540
 15 1  4 75 41.127
 15 1  4 76 45.751
 15 1  4 77 46.808
 15 1  4 78 49.030
 15 1  4 79 48.831
 15 1  5 40 46.258
 15 1  5 41 47.198
 15 1  5 42 50.163
 15 1  5 43 46.014
 15 1  5 44 41.394
 15 1  5 45 51.706
 15 1  5 46 49.426
 15 1  5 47 48.729
 15 1  5 48 50.941
 15 1  5 49 50.314
 15 1  5 50 45.272
 15 1  5 51 49.435
 15 1  5 52 40.472
 15 1  5 53 51.335
 15 1  5 54 50.884
 15 1  5 55 51.171
 15 1  5 56 42.287
 15 1  5 57 45.568
 15 1  5 58 43.802
 15 1  5 59 41.121
 15 1  5 60 44.005
 15 1  5 61 46.395
 15 1  5 62 47.961
 15 1  5 63 37.012
 15 1  5 64 45.213
 15 1  5 65 46.805
 15 1  5 66 50.959
 15 1  5 67 44.616
 15 1  5 68 44.892
 15 1  5 69 47.336
 15 1  5 70 51.128
 15 1  5 71 32.152
 15 1  5 72 46.974
 15 1  5 73 48.742
 15 1  5 74 51.948
 15 1  5 75 31.758
 15 1  5 76 41.778
 15 1  5 77 44.345
 15 1  5 78 44.151
 15 1  5 79 43.352
 15 1  6 40 29.205
 15 1  6 41 46.828
 15 1  6 42 45.239
 15 1  6 43 49.270
 15 1  6 44 45.193
 15 1  6 45 40.761
 15 1  6 46 52.806
 15 1  6 47 52.379
 15 1  6 48 51.025
 15 1  6 49 51.721
 15 1  6 50 52.946
 15 1  6 51 51.979
 15 1  6 52 46.620
 15 1  6 53 50.774
 15 1  6 54 52.234
 15 1  6 55 46.368
 15 1  6 56 44.390
 15 1  6 57 44.072
 15 1  6 58 46.544
 15 1  6 59 46.253
 15 1  6 60 43.956
 15 1  6 61 44.367
 15 1  6 62 45.890
 15 1  6 63 42.213
 15 1  6 64 44.305
 15 1  6 65 51.894
 15 1  6 66 50.803
 15 1  6 67 44.398
 15 1  6 68 49.835
 15 1  6 69 51.821
 15 1  6 70 54.140
 15 1  6 71 37.240
 15 1  6 72 49.963
 15 1  6 73 50.790
 15 1  6 74 51.110
 15 1  6 75 43.165
 15 1  6 76 43.104
 15 1  6 77 47.345
 15 1  6 78 47.193
 15 1  6 79 48.042
 15 1  7 40 41.010
 15 1  7 41 43.788
 15 1  7 42 44.941
 15 1  7 43 46.530
 15 1  7 44 42.265
 15 1  7 45 47.765
 15 1  7 46 48.572
 15 1  7 47 36.070
 15 1  7 48 51.569
 15 1  7 49 51.928
 15 1  7 50 54.372
 15 1  7 51 46.594
 15 1  7 52 46.507
 15 1  7 53 50.322
 15 1  7 54 49.456
 15 1  7 55 46.165
 15 1  7 56 37.665
 15 1  7 57 43.738
 15 1  7 58 46.503
 15 1  7 59 47.268
 15 1  7 60 35.052
 15 1  7 61 43.514
 15 1  7 62 39.445
 15 1  7 63 30.431
 15 1  7 64 21.513
 15 1  7 65 48.095
 15 1  7 66 50.047
 15 1  7 67 42.100
 15 1  7 68 54.503
 15 1  7 69 51.442
 15 1  7 70 41.701
 15 1  7 71 21.615
 15 1  7 72 46.532
 15 1  7 73 49.976
 15 1  7 74 43.951
 15 1  7 75 25.207
 15 1  7 76 37.286
 15 1  7 77 46.789
 15 1  7 78 30.389
 15 1  7 79 31.695
 21 0  0  0 25.898
 21 0  0  1 27.688
 21 0  0  2 26.351
 21 0  0  3 21.594
 21 0  0  4 21.895
 21 0  0  5 21.945
 21 0  0  6 20.789
 21 0  0  7 20.819
 21 0  0  8 21.016
 21 0  0  9 22.844
 21 0  0 10 20.595
 21 0  0 11 19.517
 21 0  0 12 22.786
 21 0  0 13 27.182
 21 0  0 14 19.719
 21 0  0 15 19.788
 21 0  0 16 12.996
 21 0  0 17 19.128
 21 0  0 18 21.860
 21 0  0 19 19.522
 21 0  0 20 20.614
 21 0  0 21 21.235
 21 0  0 22 19.042
 21 0  0 23 23.063
 21 0  0 24 21.379
 21 0  0 25 23.245
 21 0  0 26 20.254
 21 0  0 27 26.778
 21 0  0 28 22.521
 21 0  0 29 25.353
 21 0  0 30 20.754
 21 0  0 31 22.023
 21 0  0 32 20.286
 21 0  0 33 22.329
 21 0  0 34 22.295
 21 0  0 35 24.595
 21 0  0 36 25.327
 21 0  0 37 22.542
 21 0  0 38 20.713
 21 0  0 39 21.802
 21 0  1  0 25.455
 21 0  1  1 23.112
 21 0  1  2 19.975
 21 0  1  3 22.286
 21 0  1  4 19.714
 21 0  1  5 19.120
 21 0  1  6 22.576
 21 0  1  7 23.230
 21 0  1  8 27.714
 21 0  1  9 27.422
 21 0  1 10 25.490
 21 0  1 11 24.658
 21 0  1 12 24.073
 21 0  1 13 21.100
 21 0  1 14 20.672
 21 0  1 15 24.786
 21 0  1 16 25.120
 21 0  1 17 18.338
 21 0  1 18 24.204
 21 0  1 19 22.011
 21 0  1 20 21.536
 21 0  1 21 24.704
 21 0  1 22 23.395
 21 0  1 23 17.647
 21 0  1 24 21.668
 21 0  1 25 23.826
 21 0  1 26 24.838
 21 0  1 27 23.437
 21 0  1 28 26.152
 21 0  1 29 24.092
 21 0  1 30 24.618
 21 0  1 31 25.201
 21 0  1 32 25.493
 21 0  1 33 20.257
 21 0  1 34 18.786
 21 0  1 35 24.659
 21 0  1 36  9.128
 21 0  1 37 25.200
 21 0  1 38 25.918
 21 0  1 39 19.863
 21 0  2  0 22.547
 21 0  2  1 25.483
 21 0  2  2 24.535
 21 0  2  3 24.593
 21 0  2  4 24.905
 21 0  2  5 26.312
 21 0  2  6 24.748
 21 0  2  7 26.395
 21 0  2  8 25.710
 21 0  2  9 26.697
 21 0  2 10 26.457
 21 0  2 11 25.035
 21 0  2 12 23.687
 21 0  2 13 24.627
 21 0  2 14 26.172
 21 0  2 15 24.885
 21 0  2 16 26.710
 21 0  2 17 26.232
 21 0  2 18 28.036
 21 0  2 19 24.053
 21 0  2 20 22.216
 21 0  2 21 23.380
 21 0  2 22 26.064
 21 0  2 23 19.171
 21 0  2 24 27.640
 21 0  2 25 27.463
 21 0  2 26 24.615
 21 0  2 27 26.012
 21 0  2 28 22.436
 21 0  2 29 24.380
 21 0  2 30 24.234
 21 0  2 31 24.246
 21 0  2 32 25.960
 21 0  2 33 26.049
 21 0  2 34 27.196
 21 0  2 35 24.327
 21 0  2 36 22.332
 21 0  2 37 23.611
 21 0  2 38 24.882
 21 0  2 39 23.467
 21 0  3  0 23.413
 21 0  3  1 22.108
 21 0  3  2 20.988
 21 0  3  3 20.563
 21 0  3  4 22.335
 21 0  3  5 21.174
 21 0  3  6 22.953
 21 0  3  7 24.217
 21 0  3  8 20.773
 21 0  3  9 22.742
 21 0  3 10 23.333
 21 0  3 11 20.767
 21 0  3 12 18.406
 21 0  3 13 21.316
 21 0  3 14 19.775
 21 0  3 15 19.861
 21 0  3 16 22.486
 21 0  3 17 23.452
 21 0  3 18 21.963
 21 0  3 19 21.087
 21 0  3 20 25.066
 21 0  3 21 22.113
 21 0  3 22 24.846
 21 0  3 23 24.849
 21 0  3 24 18.556
 21 0  3 25 24.519
 21 0  3 26 22.501
 21 0  3 27 23.375
 21 0  3 28 24.083
 21 0  3 29 22.065
 21 0  3 30 27.092
 21 0  3 31 26.621
 21 0  3 32 24.567
 21 0  3 33 25.400
 21 0  3 34 22.334
 21 0  3 35 26.385
 21 0  3 36 23.941
 21 0  3 37 22.370
 21 0  3 38 18.593
 21 0  3 39 18.430
 21 0  4  0 24.140
 21 0  4  1 22.810
 21 0  4  2 22.256
 21 0  4  3 21.966
 21 0  4  4 20.511
 21 0  4  5 22.198
 21 0  4  6 19.519
 21 0  4  7 19.760
 21 0  4  8 25.367
 21 0  4  9 24.210
 21 0  4 10 24.840
 21 0  4 11 26.707
 21 0  4 12 23.861
 21 0  4 13 23.927
 21 0  4 14 25.874
 21 0  4 15 23.878
 21 0  4 16 25.216
 21 0  4 17 19.024
 21 0  4 18 19.311
 21 0  4 19 21.098
 21 0  4 20 20.448
 21 0  4 21 20.821
 21 0  4 22 20.690
 21 0  4 23 20.331
 21 0  4 24 20.037
 21 0  4 25 24.520
 21 0  4 26 24.653
 21 0  4 27 22.128
 21 0  4 28 25.508
 21 0  4 29 23.079
 21 0  4 30 19.540
 21 0  4 31 23.446
 21 0  4 32 22.411
 21 0  4 33 20.819
 21 0  4 34 25.612
 21 0  4 35 18.790
 21 0  4 36 18.786
 21 0  4 37 21.136
 21 0  4 38 18.919
 21 0  4 39 21.464
 21 0  5  0 22.183
 21 0  5  1 23.422
 21 0  5  2 25.572
 21 0  5  3 24.161
 21 0  5  4 23.298
 21 0  5  5 25.208
 21 0  5  6 22.888
 21 0  5  7 25.410
 21 0  5  8 23.592
 21 0  5  9 26.091
 21 0  5 10 24.478
 21 0  5 11 25.562
 21 0  5 12 28.260
 21 0  5 13 25.884
 21 0  5 14 24.684
 21 0  5 15 22.950
 21 0  5 16 23.818
 21 0  5 17 25.115
 21 0  5 18 26.536
 21 0  5 19 20.124
 21 0  5 20 21.384
 21 0  5 21 22.925
 21 0  5 22 26.771
 21 0  5 23 19.195
 21 0  5 24 21.080
 21 0  5 25 24.729
 21 0  5 26 25.136
 21 0  5 27 24.618
 21 0  5 28 27.100
 21 0  5 29 24.251
 21 0  5 30 24.251
 21 0  5 31 23.760
 21 0  5 32 22.501
 21 0  5 33 20.720
 21 0  5 34 22.998
 21 0  5 35 21.828
 21 0  5 36 19.596
 21 0  5 37 21.073
 21 0  5 38 19.343
 21 0  5 39 18.648
 21 0  6  0 22.646
 21 0  6  1 24.575
 21 0  6  2 22.930
 21 0  6  3 22.553
 21 0  6  4 21.463
 21 0  6  5 21.249
 21 0  6  6 22.053
 21 0  6  7 21.080
 21 0  6  8 19.894
 21 0  6  9 23.730
 21 0  6 10 25.061
 21 0  6 11 23.115
 21 0  6 12 24.464
 21 0  6 13 24.571
 21 0  6 14 22.975
 21 0  6 15 25.246
 21 0  6 16 21.350
 21 0  6 17 23.737
 21 0  6 18 24.423
 21 0  6 19 22.323
 21 0  6 20 25.105
 21 0  6 21 24.263
 21 0  6 22 25.140
 21 0  6 23 21.780
 21 0  6 24 21.788
 21 0  6 25 25.793
 21 0  6 26 25.504
 21 0  6 27 26.768
 21 0  6 28 21.686
 21 0  6 29 23.753
 21 0  6 30 28.312
 21 0  6 31 19.977
 21 0  6 32 25.228
 21 0  6 33 24.758
 21 0  6 34 22.258
 21 0  6 35 25.401
 21 0  6 36 27.126
 21 0  6 37 24.491
 21 0  6 38 25.485
 21 0  6 39 21.854
 21 0  7  0 22.581
 21 0  7  1 26.121
 21 0  7  2 22.769
 21 0  7  3 25.220
 21 0  7  4 25.260
 21 0  7  5 24.407
 21 0  7  6 24.171
 21 0  7  7 24.038
 21 0  7  8 24.102
 21 0  7  9 22.339
 21 0  7 10 20.320
 21 0  7 11 23.789
 21 0  7 12 23.731
 21 0  7 13 23.623
 21 0  7 14 24.076
 21 0  7 15 24.750
 21 0  7 16 22.020
 21 0  7 17 25.641
 21 0  7 18 27.012
 21 0  7 19 25.381
 21 0  7 20 24.538
 21 0  7 21 23.946
 21 0  7 22 22.875
 21 0  7 23 26.352
 21 0  7 24 25.594
 21 0  7 25 25.647
 21 0  7 26 26.391
 21 0  7 27 24.265
 21 0  7 28 24.843
 21 0  7 29 24.801
 21 0  7 30 24.426
 21 0  7 31 21.579
 21 0  7 32 27.366
 21 0  7 33 26.563
 21 0  7 34 24.629
 21 0  7 35 25.400
 21 0  7 36 20.769
 21 0  7 37 23.654
 21 0  7 38 22.212
 21 0  7 39 25.141
 21 1  0  0 19.271
 21 1  0  1 23.871
 21 1  0  2 26.229
 21 1  0  3 24.999
 21 1  0  4 26.542
 21 1  0  5 27.097
 21 1  0  6 24.969
 21 1  0  7 26.827
 21 1  0  8 28.956
 21 1  0  9 27.696
 21 1  0 10 25.385
 21 1  0 11 30.310
 21 1  0 12 27.661
 21 1  0 13 27.774
 21 1  0 14 25.557
 21 1  0 15 29.178
 21 1  0 16 25.266
 21 1  0 17 25.612
 21 1  0 18 27.809
 21 1  0 19 25.554
 21 1  0 20 25.720
 21 1  0 21 27.254
 21 1  0 22 21.534
 21 1  0 23 25.364
 21 1  0 24 25.832
 21 1  0 25 29.482
 21 1  0 26 28.806
 21 1  0 27 25.808
 21 1  0 28 26.093
 21 1  0 29 23.572
 21 1  0 30 28.155
 21 1  0 31 28.126
 21 1  0 32 26.866
 21 1  0 33 27.246
 21 1  0 34 25.821
 21 1  0 35 23.439
 21 1  0 36 22.227
 21 1  0 37 24.484
 21 1  0 38 23.867
 21 1  0 39 24.515
 21 1  1  0 25.942
 21 1  1  1 24.671
 21 1  1  2 28.399
 21 1  1  3 25.513
 21 1  1  4 22.326
 21 1  1  5 26.928
 21 1  1  6 24.451
 21 1  1  7 26.196
 21 1  1  8 31.384
 21 1  1  9 33.602
 21 1  1 10 30.187
 21 1  1 11 28.637
 21 1  1 12 27.620
 21 1  1 13 26.821
 21 1  1 14 25.395
 21 1  1 15 29.271
 21 1  1 16 26.734
 21 1  1 17 28.887
 21 1  1 18 26.779
 21 1  1 19 29.314
 21 1  1 20 26.067
 21 1  1 21 24.861
 21 1  1 22 28.319
 21 1  1 23 21.602
 21 1  1 24 25.384
 21 1  1 25 26.947
 21 1  1 26 26.683
 21 1  1 27 28.611
 21 1  1 28 29.693
 21 1  1 29 29.034
 21 1  1 30 26.547
 21 1  1 31 27.042
 21 1  1 32 27.815
 21 1  1 33 27.774
 21 1  1 34 28.477
 21 1  1 35 27.035
 21 1  1 36 28.414
 21 1  1 37 28.768
 21 1  1 38 25.903
 21 1  1 39 26.338
 21 1  2  0 19.112
 21 1  2  1 27.252
 21 1  2  2 23.671
 21 1  2  3 16.307
 21 1  2  4 27.272
 21 1  2  5 23.123
 21 1  2  6 22.154
 21 1  2  7 28.484
 21 1  2  8 23.514
 21 1  2  9 24.536
 21 1  2 10 22.873
 21 1  2 11 26.826
 21 1  2 12 18.422
 21 1  2 13 24.469
 21 1  2 14 23.367
 21 1  2 15 24.320
 21 1  2 16 21.936
 21 1  2 17 27.915
 21 1  2 18 22.620
 21 1  2 19 24.940
 21 1  2 20 24.852
 21 1  2 21 26.100
 21 1  2 22 28.945
 21 1  2 23 26.679
 21 1  2 24 24.588
 21 1  2 25 26.158
 21 1  2 26 26.319
 21 1  2 27 31.096
 21 1  2 28 26.092
 21 1  2 29 25.743
 21 1  2 30 26.296
 21 1  2 31 15.431
 21 1  2 32 31.547
 21 1  2 33 26.118
 21 1  2 34 24.359
 21 1  2 35 26.421
 21 1  2 36 25.684
 21 1  2 37 21.398
 21 1  2 38 27.188
 21 1  2 39 24.407
 21 1  3  0 20.378
 21 1  3  1 26.132
 21 1  3  2 30.237
 21 1  3  3 23.691
 21 1  3  4 28.863
 21 1  3  5 24.159
 21 1  3  6 25.857
 21 1  3  7 22.915
 21 1  3  8 24.833
 21 1  3  9 22.960
 21 1  3 10 26.053
 21 1  3 11 26.054
 21 1  3 12 26.040
 21 1  3 13 26.425
 21 1  3 14 27.384
 21 1  3 15 21.818
 21 1  3 16 25.619
 21 1  3 17 24.418
 21 1  3 18 26.949
 21 1  3 19 24.765
 21 1  3 20 24.238
 21 1  3 21 24.416
 21 1  3 22 22.840
 21 1  3 23 24.353
 21 1  3 24 26.617
 21 1  3 25 27.233
 21 1  3 26 23.564
 21 1  3 27 27.216
 21 1  3 28 27.125
 21 1  3 29 26.337
 21 1  3 30 27.260
 21 1  3 31 28.629
 21 1  3 32 31.305
 21 1  3 33 22.497
 21 1  3 34 26.163
 21 1  3 35 26.068
 21 1  3 36 19.144
 21 1  3 37 21.314
 21 1  3 38 24.289
 21 1  3 39 24.374
 21 1  4  0 24.489
 21 1  4  1 28.908
 21 1  4  2 25.160
 21 1  4  3 29.230
 21 1  4  4 30.430
 21 1  4  5 28.680
 21 1  4  6 30.373
 21 1  4  7 27.966
 21 1  4  8 25.357
 21 1  4  9 29.808
 21 1  4 10 27.062
 21 1  4 11 24.247
 21 1  4 12 30.343
 21 1  4 13 28.223
 21 1  4 14 27.410
 21 1  4 15 29.646
 21 1  4 16 26.046
 21 1  4 17 29.683
 21 1  4 18 26.589
 21 1  4 19 28.991
 21 1  4 20 24.527
 21 1  4 21 24.403
 21 1  4 22 26.333
 21 1  4 23 28.254
 21 1  4 24 23.258
 21 1  4 25 24.782
 21 1  4 26 25.819
 21 1  4 27 28.947
 21 1  4 28 25.778
 21 1  4 29 25.023
 21 1  4 30 23.239
 21 1  4 31 27.690
 21 1  4 32 20.813
 21 1  4 33 24.922
 21 1  4 34 23.386
 21 1  4 35 24.153
 21 1  4 36 26.001
 21 1  4 37 23.017
 21 1  4 38 24.372
 21 1  4 39 26.466
 21 1  5  0 27.967
 21 1  5  1 28.336
 21 1  5  2 29.117
 21 1  5  3 25.377
 21 1  5  4 25.520
 21 1  5  5 25.116
 21 1  5  6 25.821
 21 1  5  7 24.964
 21 1  5  8 27.678
 21 1  5  9 30.212
 21 1  5 10 26.835
 21 1  5 11 31.329
 21 1  5 12 23.951
 21 1  5 13 24.979
 21 1  5 14 26.104
 21 1  5 15 30.955
 21 1  5 16 28.151
 21 1  5 17 28.996
 21 1  5 18 30.808
 21 1  5 19 25.744
 21 1  5 20 29.053
 21 1  5 21 28.933
 21 1  5 22 24.789
 21 1  5 23 29.390
 21 1  5 24 28.278
 21 1  5 25 29.268
 21 1  5 26 27.914
 21 1  5 27 30.850
 21 1  5 28 29.677
 21 1  5 29 25.054
 21 1  5 30 29.174
 21 1  5 31 29.466
 21 1  5 32 26.002
 21 1  5 33 27.617
 21 1  5 34 28.852
 21 1  5 35 23.864
 21 1  5 36 25.702
 21 1  5 37 23.710
 21 1  5 38 19.374
 21 1  5 39 25.119
 21 1  6  0 19.096
 21 1  6  1 22.276
 21 1  6  2 18.000
 21 1  6  3 25.809
 21 1  6  4 22.103
 21 1  6  5 27.376
 21 1  6  6 26.103
 21 1  6  7 25.897
 21 1  6  8 23.582
 21 1  6  9 24.260
 21 1  6 10 25.977
 21 1  6 11 26.273
 21 1  6 12 25.738
 21 1  6 13 26.714
 21 1  6 14 24.827
 21 1  6 15 21.770
 21 1  6 16 26.648
 21 1  6 17 27.400
 21 1  6 18 25.947
 21 1  6 19 29.801
 21 1  6 20 31.913
 21 1  6 21 27.686
 21 1  6 22 26.543
 21 1  6 23 28.524
 21 1  6 24 23.897
 21 1  6 25 22.864
 21 1  6 26 23.648
 21 1  6 27 23.951
 21 1  6 28 24.412
 21 1  6 29 26.846
 21 1  6 30 25.706
 21 1  6 31 24.262
 21 1  6 32 25.731
 21 1  6 33 25.629
 21 1  6 34 27.031
 21 1  6 35 25.688
 21 1  6 36 28.046
 21 1  6 37 25.968
 21 1  6 38 24.322
 21 1  6 39 29.198
 21 1  7  0 26.197
 21 1  7  1 24.643
 21 1  7  2 26.906
 21 1  7  3 24.502
 21 1  7  4 22.722
 21 1  7  5 27.870
 21 1  7  6 24.990
 21 1  7  7 28.090
 21 1  7  8 23.904
 21 1  7  9 25.544
 21 1  7 10 25.579
 21 1  7 11 21.226
 21 1  7 12 25.811
 21 1  7 13 25.483
 21 1  7 14 21.265
 21 1  7 15 26.235
 21 1  7 16 29.681
 21 1  7 17 28.362
 21 1  7 18 28.941
 21 1  7 19 22.571
 21 1  7 20 28.617
 21 1  7 21 25.375
 21 1  7 22 30.256
 21 1  7 23 30.836
 21 1  7 24 24.950
 21 1  7 25 23.477
 21 1  7 26 23.135
 21 1  7 27 23.941
 21 1  7 28 26.917
 21 1  7 29 24.975
 21 1  7 30 25.651
 21 1  7 31 23.659
 21 1  7 32 26.664
 21 1  7 33 24.554
 21 1  7 34 26.712
 21 1  7 35 25.550
 21 1  7 36 23.363
 21 1  7 37 24.968
 21 1  7 38 22.587
 21 1  7 39 22.259
 21 0  0 40 10.803
 21 0  0 41 12.147
 21 0  0 42 12.634
 21 0  0 43 10.539
 21 0  0 44 10.840
 21 0  0 45 11.726
 21 0  0 46 11.421
 21 0  0 47 10.559
 21 0  0 48 12.404
 21 0  0 49 11.042
 21 0  0 50 11.638
 21 0  0 51 12.481
 21 0  0 52 12.703
 21 0  0 53 12.276
 21 0  0 54 12.758
 21 0  0 55 13.127
 21 0  0 56 12.842
 21 0  0 57 12.805
 21 0  0 58 13.806
 21 0  0 59 12.571
 21 0  0 60 10.711
 21 0  0 61 10.446
 21 0  0 62 12.330
 21 0  0 63 11.147
 21 0  0 64 11.260
 21 0  0 65 11.309
 21 0  0 66 13.051
 21 0  0 67  9.886
 21 0  0 68 12.703
 21 0  0 69 13.589
 21 0  0 70 11.228
 21 0  0 71 10.714
 21 0  0 72 10.640
 21 0  0 73 10.196
 21 0  0 74 14.480
 21 0  0 75 12.825
 21 0  0 76 13.397
 21 0  0 77 11.497
 21 0  0 78 12.432
 21 0  0 79 10.525
 21 0  1 40 12.375
 21 0  1 41 11.273
 21 0  1 42 10.564
 21 0  1 43 11.797
 21 0  1 44 11.880
 21 0  1 45 11.482
 21 0  1 46 11.048
 21 0  1 47 12.656
 21 0  1 48 10.757
 21 0  1 49 11.856
 21 0  1 50 11.045
 21 0  1 51 10.446
 21 0  1 52 11.894
 21 0  1 53 13.306
 21 0  1 54 13.778
 21 0  1 55 10.031
 21 0  1 56 10.874
 21 0  1 57 11.000
 21 0  1 58 10.540
 21 0  1 59 11.078
 21 0  1 60 10.525
 21 0  1 61 11.815
 21 0  1 62 12.573
 21 0  1 63 12.225
 21 0  1 64 13.281
 21 0  1 65 11.817
 21 0  1 66 11.838
 21 0  1 67  9.564
 21 0  1 68 10.934
 21 0  1 69 11.976
 21 0  1 70 12.124
 21 0  1 71 10.888
 21 0  1 72  9.866
 21 0  1 73 11.145
 21 0  1 74 10.932
 21 0  1 75 10.390
 21 0  1 76 10.206
 21 0  1 77 12.524
 21 0  1 78 10.945
 21 0  1 79 14.165
 21 0  2 40 13.235
 21 0  2 41 12.855
 21 0  2 42 11.438
 21 0  2 43 13.016
 21 0  2 44 13.113
 21 0  2 45 11.321
 21 0  2 46 12.194
 21 0  2 47 11.322
 21 0  2 48 13.220
 21 0  2 49 13.584
 21 0  2 50 13.957
 21 0  2 51 13.389
 21 0  2 52 13.034
 21 0  2 53 12.632
 21 0  2 54 13.098
 21 0  2 55 13.272
 21 0  2 56 12.407
 21 0  2 57 12.703
 21 0  2 58 12.735
 21 0  2 59 12.878
 21 0  2 60 10.188
 21 0  2 61 11.795
 21 0  2 62 12.209
 21 0  2 63 10.394
 21 0  2 64 11.505
 21 0  2 65 11.972
 21 0  2 66 12.421
 21 0  2 67 12.135
 21 0  2 68 14.346
 21 0  2 69 12.066
 21 0  2 70 13.434
 21 0  2 71 11.483
 21 0  2 72 11.418
 21 0  2 73 12.329
 21 0  2 74  9.857
 21 0  2 75 13.108
 21 0  2 76 12.018
 21 0  2 77 11.600
 21 0  2 78 11.889
 21 0  2 79 11.144
 21 0  3 40 12.271
 21 0  3 41 12.302
 21 0  3 42 12.544
 21 0  3 43 13.159
 21 0  3 44 10.485
 21 0  3 45 11.573
 21 0  3 46 10.527
 21 0  3 47 11.171
 21 0  3 48 11.850
 21 0  3 49 12.645
 21 0  3 50 12.069
 21 0  3 51 12.141
 21 0  3 52 12.962
 21 0  3 53 10.738
 21 0  3 54 11.629
 21 0  3 55 11.331
 21 0  3 56 10.760
 21 0  3 57 11.663
 21 0  3 58 11.085
 21 0  3 59 10.853
 21 0  3 60 10.800
 21 0  3 61 11.752
 21 0  3 62 11.722
 21 0  3 63 10.814
 21 0  3 64 12.179
 21 0  3 65 10.832
 21 0  3 66 12.140
 21 0  3 67 11.486
 21 0  3 68 11.625
 21 0  3 69 11.176
 21 0  3 70 11.563
 21 0  3 71 12.930
 21 0  3 72 11.946
 21 0  3 73 11.404
 21 0  3 74 12.150
 21 0  3 75 11.276
 21 0  3 76 11.223
 21 0  3 77 11.434
 21 0  3 78 11.772
 21 0  3 79 11.757
 21 0  4 40 12.282
 21 0  4 41 11.514
 21 0  4 42 11.078
 21 0  4 43 10.326
 21 0  4 44 11.594
 21 0  4 45 12.841
 21 0  4 46 12.712
 21 0  4 47 11.461
 21 0  4 48 12.644
 21 0  4 49 12.915
 21 0  4 50 11.786
 21 0  4 51 11.798
 21 0  4 52 12.627
 21 0  4 53 11.882
 21 0  4 54 13.643
 21 0  4 55 11.210
 21 0  4 56 12.685
 21 0  4 57 10.783
 21 0  4 58  5.699
 21 0  4 59 12.353
 21 0  4 60 11.394
 21 0  4 61 12.049
 21 0  4 62 11.700
 21 0  4 63 11.312
 21 0  4 64 11.667
 21 0  4 65 12.273
 21 0  4 66 11.968
 21 0  4 67 11.058
 21 0  4 68 10.420
 21 0  4 69 11.422
 21 0  4 70 11.197
 21 0  4 71 10.059
 21 0  4 72 12.168
 21 0  4 73 10.951
 21 0  4 74 11.665
 21 0  4 75 10.927
 21 0  4 76 13.305
 21 0  4 77 11.603
 21 0  4 78 11.862
 21 0  4 79 10.512
 21 0  5 40 10.444
 21 0  5 41 11.365
 21 0  5 42 10.633
 21 0  5 43 10.193
 21 0  5 44 13.131
 21 0  5 45 10.900
 21 0  5 46 11.061
 21 0  5 47 11.180
 21 0  5 48  9.797
 21 0  5 49  9.996
 21 0  5 50 11.521
 21 0  5 51 11.333
 21 0  5 52 10.572
 21 0  5 53 11.431
 21 0  5 54 11.504
 21 0  5 55 11.886
 21 0  5 56 11.839
 21 0  5 57 12.095
 21 0  5 58 12.540
 21 0  5 59 12.559
 21 0  5 60 11.861
 21 0  5 61 11.263
 21 0  5 62 11.300
 21 0  5 63  9.928
 21 0  5 64 11.070
 21 0  5 65 12.024
 21 0  5 66 12.467
 21 0  5 67 13.144
 21 0  5 68 11.105
 21 0  5 69  9.400
 21 0  5 70 12.014
 21 0  5 71 11.348
 21 0  5 72 10.369
 21 0  5 73 11.785
 21 0  5 74 14.172
 21 0  5 75 13.808
 21 0  5 76 12.969
 21 0  5 77 11.539
 21 0  5 78 11.110
 21 0  5 79 12.058
 21 0  6 40 12.626
 21 0  6 41 13.355
 21 0  6 42 12.454
 21 0  6 43 13.047
 21 0  6 44 12.872
 21 0  6 45 10.889
 21 0  6 46 11.280
 21 0  6 47 11.854
 21 0  6 48 10.333
 21 0  6 49 10.034
 21 0  6 50 10.132
 21 0  6 51 10.206
 21 0  6 52 11.923
 21 0  6 53 11.823
 21 0  6 54 12.252
 21 0  6 55 10.274
 21 0  6 56 11.045
 21 0  6 57 10.769
 21 0  6 58 11.188
 21 0  6 59 10.523
 21 0  6 60 12.376
 21 0  6 61 14.342
 21 0  6 62 11.786
 21 0  6 63 12.688
 21 0  6 64 13.920
 21 0  6 65 13.732
 21 0  6 66 12.302
 21 0  6 67 11.846
 21 0  6 68 12.442
 21 0  6 69 11.461
 21 0  6 70 11.726
 21 0  6 71 10.723
 21 0  6 72 11.180
 21 0  6 73 10.016
 21 0  6 74 10.529
 21 0  6 75 12.236
 21 0  6 76 11.880
 21 0  6 77 11.159
 21 0  6 78 13.959
 21 0  6 79 13.759
 21 0  7 40 11.490
 21 0  7 41 10.231
 21 0  7 42 11.341
 21 0  7 43 11.433
 21 0  7 44 11.689
 21 0  7 45 11.553
 21 0  7 46 11.208
 21 0  7 47 10.891
 21 0  7 48 12.153
 21 0  7 49 10.606
 21 0  7 50 12.639
 21 0  7 51 11.147
 21 0  7 52 12.199
 21 0  7 53 11.799
 21 0  7 54 13.840
 21 0  7 55 12.854
 21 0  7 56 12.316
 21 0  7 57 11.665
 21 0  7 58 10.697
 21 0  7 59 12.321
 21 0  7 60 11.561
 21 0  7 61 13.344
 21 0  7 62 10.693
 21 0  7 63 12.435
 21 0  7 64 12.760
 21 0  7 65 14.057
 21 0  7 66 12.512
 21 0  7 67 11.649
 21 0  7 68 13.627
 21 0  7 69 11.750
 21 0  7 70 12.622
 21 0  7 71 13.329
 21 0  7 72 12.506
 21 0  7 73 12.681
 21 0  7 74 11.495
 21 0  7 75 13.685
 21 0  7 76 14.408
 21 0  7 77 12.918
 21 0  7 78 14.323
 21 0  7 79 13.723
 21 1  0 40 24.271
 21 1  0 41 25.227
 21 1  0 42 24.521
 21 1  0 43 23.460
 21 1  0 44 24.978
 21 1  0 45 24.649
 21 1  0 46 25.376
 21 1  0 47 22.131
 21 1  0 48 22.408
 21 1  0 49 23.555
 21 1  0 50 24.765
 21 1  0 51 26.479
 21 1  0 52 24.467
 21 1  0 53 24.211
 21 1  0 54 23.985
 21 1  0 55 27.046
 21 1  0 56 22.809
 21 1  0 57 24.784
 21 1  0 58 24.444
 21 1  0 59 24.202
 21 1  0 60 21.960
 21 1  0 61 20.010
 21 1  0 62 22.023
 21 1  0 63 17.808
 21 1  0 64 21.964
 21 1  0 65 24.244
 21 1  0 66 21.808
 21 1  0 67 25.893
 21 1  0 68 20.379
 21 1  0 69 19.140
 21 1  0 70 24.115
 21 1  0 71 22.952
 21 1  0 72 23.276
 21 1  0 73 23.356
 21 1  0 74 23.808
 21 1  0 75 19.836
 21 1  0 76 18.026
 21 1  0 77 20.207
 21 1  0 78 19.408
 21 1  0 79 22.292
 21 1  1 40 22.024
 21 1  1 41 24.620
 21 1  1 42 21.444
 21 1  1 43 20.182
 21 1  1 44 22.508
 21 1  1 45 27.878
 21 1  1 46 24.377
 21 1  1 47 24.790
 21 1  1 48 27.466
 21 1  1 49 21.742
 21 1  1 50 21.476
 21 1  1 51 24.739
 21 1  1 52 22.043
 21 1  1 53 25.783
 21 1  1 54 23.074
 21 1  1 55 21.349
 21 1  1 56 21.527
 21 1  1 57 25.065
 21 1  1 58 22.097
 21 1  1 59 22.032
 21 1  1 60 24.983
 21 1  1 61 24.067
 21 1  1 62 26.265
 21 1  1 63 25.126
 21 1  1 64 25.571
 21 1  1 65 27.002
 21 1  1 66 28.601
 21 1  1 67 26.533
 21 1  1 68 23.609
 21 1  1 69 17.671
 21 1  1 70 21.697
 21 1  1 71 26.293
 21 1  1 72 25.192
 21 1  1 73 25.437
 21 1  1 74 25.487
 21 1  1 75 20.657
 21 1  1 76 21.809
 21 1  1 77 21.037
 21 1  1 78 21.521
 21 1  1 79 20.874
 21 1  2 40 21.597
 21 1  2 41 25.474
 21 1  2 42 23.468
 21 1  2 43 21.719
 21 1  2 44 23.078
 21 1  2 45 24.649
 21 1  2 46 22.051
 21 1  2 47 20.241
 21 1  2 48 23.781
 21 1  2 49 23.668
 21 1  2 50 22.573
 21 1  2 51 22.177
 21 1  2 52 24.084
 21 1  2 53 24.718
 21 1  2 54 25.567
 21 1  2 55 25.798
 21 1  2 56 23.983
 21 1  2 57 25.193
 21 1  2 58 23.684
 21 1  2 59 23.894
 21 1  2 60 27.560
 21 1  2 61 21.864
 21 1  2 62 22.824
 21 1  2 63 27.573
 21 1  2 64 23.769
 21 1  2 65 23.246
 21 1  2 66 23.558
 21 1  2 67 20.178
 21 1  2 68 21.956
 21 1  2 69 21.068
 21 1  2 70 23.792
 21 1  2 71 21.652
 21 1  2 72 25.695
 21 1  2 73 26.334
 21 1  2 74 21.340
 21 1  2 75 21.082
 21 1  2 76 29.773
 21 1  2 77 27.738
 21 1  2 78 27.168
 21 1  2 79 27.671
 21 1  3 40 25.975
 21 1  3 41 24.468
 21 1  3 42 23.281
 21 1  3 43 26.805
 21 1  3 44 19.933
 21 1  3 45 21.768
 21 1  3 46 25.079
 21 1  3 47 23.887
 21 1  3 48 26.196
 21 1  3 49 26.097
 21 1  3 50 18.859
 21 1  3 51 20.988
 21 1  3 52 22.251
 21 1  3 53 20.981
 21 1  3 54 22.053
 21 1  3 55 27.680
 21 1  3 56 23.083
 21 1  3 57 25.866
 21 1  3 58 23.837
 21 1  3 59 21.629
 21 1  3 60 26.971
 21 1  3 61 26.066
 21 1  3 62 25.906
 21 1  3 63 27.572
 21 1  3 64 23.138
 21 1  3 65 21.611
 21 1  3 66 22.397
 21 1  3 67 19.434
 21 1  3 68 26.533
 21 1  3 69 26.140
 21 1  3 70 21.874
 21 1  3 71 22.998
 21 1  3 72 27.080
 21 1  3 73 26.319
 21 1  3 74 24.625
 21 1  3 75 26.613
 21 1  3 76 22.519
 21 1  3 77 27.021
 21 1  3 78 23.622
 21 1  3 79 24.380
 21 1  4 40 23.754
 21 1  4 41 26.919
 21 1  4 42 29.616
 21 1  4 43 26.432
 21 1  4 44 26.499
 21 1  4 45 28.052
 21 1  4 46 29.473
 21 1  4 47 26.821
 21 1  4 48 25.614
 21 1  4 49 25.248
 21 1  4 50 22.996
 21 1  4 51 21.233
 21 1  4 52 22.019
 21 1  4 53 20.859
 21 1  4 54 24.209
 21 1  4 55 22.707
 21 1  4 56 22.425
 21 1  4 57 21.946
 21 1  4 58 25.592
 21 1  4 59 26.506
 21 1  4 60 28.040
 21 1  4 61 25.736
 21 1  4 62 25.894
 21 1  4 63 29.053
 21 1  4 64 23.549
 21 1  4 65 32.554
 21 1  4 66 26.419
 21 1  4 67 30.389
 21 1  4 68 24.079
 21 1  4 69 26.048
 21 1  4 70 29.319
 21 1  4 71 27.668
 21 1  4 72 25.204
 21 1  4 73 26.942
 21 1  4 74 30.624
 21 1  4 75 24.163
 21 1  4 76 23.822
 21 1  4 77 23.028
 21 1  4 78 20.580
 21 1  4 79 24.905
 21 1  5 40 26.088
 21 1  5 41 28.324
 21 1  5 42 25.615
 21 1  5 43 29.519
 21 1  5 44 29.385
 21 1  5 45 28.049
 21 1  5 46 27.001
 21 1  5 47 23.467
 21 1  5 48 21.910
 21 1  5 49 26.998
 21 1  5 50 25.824
 21 1  5 51 25.791
 21 1  5 52 27.453
 21 1  5 53 26.448
 21 1  5 54 21.010
 21 1  5 55 24.901
 21 1  5 56  7.895
 21 1  5 57 22.740
 21 1  5 58 22.483
 21 1  5 59 23.501
 21 1  5 60 25.682
 21 1  5 61 26.245
 21 1  5 62 22.834
 21 1  5 63 24.568
 21 1  5 64 26.662
 21 1  5 65 20.226
 21 1  5 66 29.906
 21 1  5 67 22.594
 21 1  5 68 22.971
 21 1  5 69 24.556
 21 1  5 70 27.171
 21 1  5 71 29.352
 21 1  5 72 28.381
 21 1  5 73 23.307
 21 1  5 74 26.920
 21 1  5 75 28.333
 21 1  5 76 27.282
 21 1  5 77 25.726
 21 1  5 78 27.227
 21 1  5 79 20.168
 21 1  6 40 23.773
 21 1  6 41 26.556
 21 1  6 42 27.467
 21 1  6 43 26.101
 21 1  6 44 25.794
 21 1  6 45 25.340
 21 1  6 46 25.484
 21 1  6 47 14.853
 21 1  6 48 24.707
 21 1  6 49 25.844
 21 1  6 50 24.714
 21 1  6 51 25.368
 21 1  6 52 23.551
 21 1  6 53 21.955
 21 1  6 54 25.916
 21 1  6 55 23.586
 21 1  6 56 25.641
 21 1  6 57 23.779
 21 1  6 58 25.850
 21 1  6 59 23.214
 21 1  6 60 28.376
 21 1  6 61 28.601
 21 1  6 62 26.876
 21 1  6 63 22.993
 21 1  6 64 24.541
 21 1  6 65 25.790
 21 1  6 66 23.839
 21 1  6 67 25.693
 21 1  6 68 29.811
 21 1  6 69 30.319
 21 1  6 70 30.283
 21 1  6 71 25.242
 21 1  6 72 25.248
 21 1  6 73 23.974
 21 1  6 74 22.672
 21 1  6 75 25.539
 21 1  6 76 23.920
 21 1  6 77 21.373
 21 1  6 78 21.323
 21 1  6 79 23.750
 21 1  7 40 25.730
 21 1  7 41 26.510
 21 1  7 42 21.398
 21 1  7 43 22.692
 21 1  7 44 23.314
 21 1  7 45 17.672
 21 1  7 46 20.520
 21 1  7 47 19.633
 21 1  7 48 25.167
 21 1  7 49 26.186
 21 1  7 50 23.104
 21 1  7 51 25.673
 21 1  7 52 26.280
 21 1  7 53 26.264
 21 1  7 54 26.270
 21 1  7 55 21.862
 21 1  7 56 18.718
 21 1  7 57 23.764
 21 1  7 58 23.977
 21 1  7 59 25.137
 21 1  7 60 26.225
 21 1  7 61 28.591
 21 1  7 62 26.013
 21 1  7 63 22.301
 21 1  7 64 23.498
 21 1  7 65 23.366
 21 1  7 66 24.632
 21 1  7 67 21.017
 21 1  7 68 22.997
 21 1  7 69 25.996
 21 1  7 70 25.019
 21 1  7 71 21.941
 21 1  7 72 21.543
 21 1  7 73 22.323
 21 1  7 74 20.238
 21 1  7 75 21.274
 21 1  7 76 22.671
 21 1  7 77 22.436
 21 1  7 78 20.285
 21 1  7 79 23.718
 16 0  0  0 31.590
 16 0  0  1 26.995
 16 0  0  2 30.103
 16 0  0  3 27.169
 16 0  0  4 29.508
 16 0  0  5 24.729
 16 0  0  6 27.248
 16 0  0  7 27.719
 16 0  0  8 27.762
 16 0  0  9 21.307
 16 0  0 10 25.059
 16 0  0 11 23.960
 16 0  0 12 29.982
 16 0  0 13 24.633
 16 0  0 14 24.958
 16 0  0 15 29.066
 16 0  0 16 29.415
 16 0  0 17 29.326
 16 0  0 18 26.395
 16 0  0 19 21.399
 16 0  0 20 24.423
 16 0  0 21 27.103
 16 0  0 22 30.065
 16 0  0 23 24.396
 16 0  1  0 28.872
 16 0  1  1 32.978
 16 0  1  2 32.849
 16 0  1  3 26.841
 16 0  1  4 29.306
 16 0  1  5 25.222
 16 0  1  6 29.991
 16 0  1  7 29.159
 16 0  1  8 50.416
 16 0  1  9 51.867
 16 0  1 10 54.385
 16 0  1 11 50.119
 16 0  1 12 51.137
 16 0  1 13 51.642
 16 0  1 14 41.576
 16 0  1 15 51.247
 16 0  1 16 50.834
 16 0  1 17 49.858
 16 0  1 18 49.250
 16 0  1 19 48.553
 16 0  1 20 51.253
 16 0  1 21 52.156
 16 0  1 22 53.616
 16 0  1 23 48.656
 16 0  1 24 29.970
 16 0  1 25 29.643
 16 0  1 26 32.035
 16 0  1 27 24.446
 16 0  1 28 33.286
 16 0  1 29 26.998
 16 0  1 30 27.464
 16 0  1 31 26.645
 16 0  2  0 30.293
 16 0  2  1 25.485
 16 0  2  2 32.149
 16 0  2  3 25.969
 16 0  2  4 27.294
 16 0  2  5 24.234
 16 0  2  6 27.014
 16 0  2  7 30.642
 16 0  2  8 54.419
 16 0  2  9 49.384
 16 0  2 10 52.599
 16 0  2 11 50.791
 16 0  2 12 50.453
 16 0  2 13 47.804
 16 0  2 14 52.985
 16 0  2 15 50.737
 16 0  2 16 54.582
 16 0  2 17 53.024
 16 0  2 18 53.921
 16 0  2 19 48.420
 16 0  2 20 48.714
 16 0  2 21 51.748
 16 0  2 22 55.582
 16 0  2 23 52.913
 16 0  2 24 32.892
 16 0  2 25 30.220
 16 0  2 26 27.200
 16 0  2 27 30.485
 16 0  2 28 31.180
 16 0  2 29 31.135
 16 0  2 30 33.052
 16 0  2 31 26.722
 16 0  3  0 23.988
 16 0  3  1 25.315
 16 0  3  2 33.815
 16 0  3  3 27.671
 16 0  3  4 37.065
 16 0  3  5 32.707
 16 0  3  6 33.062
 16 0  3  7 25.329
 16 0  3  8 54.937
 16 0  3  9 53.607
 16 0  3 10 49.841
 16 0  3 11 53.986
 16 0  3 12 51.548
 16 0  3 13 51.661
 16 0  3 14 49.122
 16 0  3 15 46.326
 16 0  3 16 50.265
 16 0  3 17 54.739
 16 0  3 18 56.149
 16 0  3 19 54.702
 16 0  3 20 49.223
 16 0  3 21 52.310
 16 0  3 22 51.897
 16 0  3 23 47.651
 16 0  3 24 30.890
 16 0  3 25 27.096
 16 0  3 26 32.537
 16 0  3 27 33.164
 16 0  3 28 29.079
 16 0  3 29 24.569
 16 0  3 30 30.467
 16 0  3 31 21.625
 16 0  4  0 34.677
 16 0  4  1 26.697
 16 0  4  2 26.088
 16 0  4  3 28.015
 16 0  4  4 27.708
 16 0  4  5 24.462
 16 0  4  6 33.808
 16 0  4  7 34.388
 16 0  4  8 50.681
 16 0  4  9 51.688
 16 0  4 10 53.767
 16 0  4 11 51.451
 16 0  4 12 52.284
 16 0  4 13 56.086
 16 0  4 14 53.518
 16 0  4 15 49.145
 16 0  4 16 51.814
 16 0  4 17 51.501
 16 0  4 18 52.105
 16 0  4 19 54.506
 16 0  4 20 50.666
 16 0  4 21 53.944
 16 0  4 22 54.320
 16 0  4 23 51.237
 16 0  4 24 35.270
 16 0  4 25 30.326
 16 0  4 26 29.723
 16 0  4 27 29.293
 16 0  4 28 27.659
 16 0  4 29 27.296
 16 0  4 30 28.980
 16 0  4 31 29.432
 16 0  5  0 29.155
 16 0  5  1 32.826
 16 0  5  2 28.214
 16 0  5  3 27.692
 16 0  5  4 27.933
 16 0  5  5 28.319
 16 0  5  6 30.170
 16 0  5  7 29.483
 16 0  5  8 50.037
 16 0  5  9 50.076
 16 0  5 10 51.417
 16 0  5 11 49.843
 16 0  5 12 51.418
 16 0  5 13 49.695
 16 0  5 14 48.987
 16 0  5 15 46.849
 16 0  5 16 49.980
 16 0  5 17 50.049
 16 0  5 18 51.682
 16 0  5 19 51.460
 16 0  5 20 50.077
 16 0  5 21 50.137
 16 0  5 22 50.598
 16 0  5 23 49.266
 16 0  5 24 34.830
 16 0  5 25 28.805
 16 0  5 26 25.753
 16 0  5 27 24.988
 16 0  5 28 26.293
 16 0  5 29 23.288
 16 0  5 30 25.257
 16 0  5 31 25.662
 16 0  6  0 32.195
 16 0  6  1 33.745
 16 0  6  2 32.572
 16 0  6  3 32.493
 16 0  6  4 31.856
 16 0  6  5 34.179
 16 0  6  6 29.811
 16 0  6  7 29.776
 16 0  6  8 51.000
 16 0  6  9 51.409
 16 0  6 10 54.458
 16 0  6 11 48.327
 16 0  6 12 53.656
 16 0  6 13 51.614
 16 0  6 14 55.817
 16 0  6 15 52.040
 16 0  6 16 52.866
 16 0  6 17 52.769
 16 0  6 18 53.735
 16 0  6 19 51.727
 16 0  6 20 54.237
 16 0  6 21 54.547
 16 0  6 22 52.579
 16 0  6 23 50.276
 16 0  6 24 30.671
 16 0  6 25 31.552
 16 0  6 26 30.811
 16 0  6 27 31.782
 16 0  6 28 31.180
 16 0  6 29 29.775
 16 0  6 30 30.116
 16 0  6 31 29.045
 16 0  7  0 32.327
 16 0  7  1 34.381
 16 0  7  2 34.988
 16 0  7  3 33.016
 16 0  7  4 30.437
 16 0  7  5 29.132
 16 0  7  6 32.137
 16 0  7  7 31.959
 16 0  7  8 54.243
 16 0  7  9 52.553
 16 0  7 10 53.071
 16 0  7 11 52.073
 16 0  7 12 53.661
 16 0  7 13 53.504
 16 0  7 14 52.343
 16 0  7 15 53.243
 16 0  7 16 53.618
 16 0  7 17 50.729
 16 0  7 18 53.283
 16 0  7 19 52.558
 16 0  7 20 54.552
 16 0  7 21 50.421
 16 0  7 22 51.957
 16 0  7 23 51.253
 16 0  7 24 31.971
 16 0  7 25 31.511
 16 0  7 26 30.919
 16 0  7 27 30.981
 16 0  7 28 31.337
 16 0  7 29 30.162
 16 0  7 30 32.949
 16 0  7 31 31.935
 16 0  8  0 31.696
 16 0  8  1 36.715
 16 0  8  2 32.527
 16 0  8  3 29.573
 16 0  8  4 35.064
 16 0  8  5 30.381
 16 0  8  6 30.454
 16 0  8  7 34.345
 16 0  8  8 53.676
 16 0  8  9 54.233
 16 0  8 10 51.528
 16 0  8 11 55.032
 16 0  8 12 53.358
 16 0  8 13 50.804
 16 0  8 14 53.916
 16 0  8 15 54.470
 16 0  8 16 51.243
 16 0  8 17 55.627
 16 0  8 18 56.223
 16 0  8 19 53.519
 16 0  8 20 52.176
 16 0  8 21 53.245
 16 0  8 22 52.648
 16 0  8 23 54.390
 16 0  8 24 30.619
 16 0  8 25 29.795
 16 0  8 26 29.687
 16 0  8 27 29.531
 16 0  8 28 32.351
 16 0  8 29 34.239
 16 0  8 30 34.510
 16 0  8 31 34.035
 16 0  9  0 33.960
 16 0  9  1 34.979
 16 0  9  2 32.376
 16 0  9  3 37.300
 16 0  9  4 33.844
 16 0  9  5 34.450
 16 0  9  6 32.047
 16 0  9  7 34.561
 16 0  9  8 51.735
 16 0  9  9 53.275
 16 0  9 10 53.417
 16 0  9 11 51.649
 16 0  9 12 53.621
 16 0  9 13 53.546
 16 0  9 14 51.393
 16 0  9 15 50.980
 16 0  9 16 54.445
 16 0  9 17 53.764
 16 0  9 18 56.084
 16 0  9 19 51.403
 16 0  9 20 52.019
 16 0  9 21 51.123
 16 0  9 22 52.070
 16 0  9 23 50.703
 16 0  9 24 30.169
 16 0  9 25 28.393
 16 0  9 26 29.891
 16 0  9 27 29.048
 16 0  9 28 31.041
 16 0  9 29 34.524
 16 0  9 30 34.182
 16 0  9 31 33.464
 16 0 10  0 32.936
 16 0 10  1 29.422
 16 0 10  2 29.076
 16 0 10  3 33.776
 16 0 10  4 33.480
 16 0 10  5 31.574
 16 0 10  6 32.561
 16 0 10  7 30.512
 16 0 10  8 52.586
 16 0 10  9 51.865
 16 0 10 10 51.549
 16 0 10 11 47.521
 16 0 10 12 54.449
 16 0 10 13 55.218
 16 0 10 14 53.144
 16 0 10 15 51.858
 16 0 10 16 52.980
 16 0 10 17 51.955
 16 0 10 18 52.042
 16 0 10 19 52.380
 16 0 10 20 51.041
 16 0 10 21 52.532
 16 0 10 22 51.835
 16 0 10 23 48.044
 16 0 10 24 28.891
 16 0 10 25 28.783
 16 0 10 26 32.404
 16 0 10 27 31.422
 16 0 10 28 29.226
 16 0 10 29 30.393
 16 0 10 30 31.038
 16 0 10 31 33.441
 16 0 11  0 32.688
 16 0 11  1 29.181
 16 0 11  2 31.740
 16 0 11  3 28.243
 16 0 11  4 29.793
 16 0 11  5 25.176
 16 0 11  6 31.614
 16 0 11  7 29.475
 16 0 11  8 54.007
 16 0 11  9 50.056
 16 0 11 10 50.533
 16 0 11 11 47.274
 16 0 11 12 51.941
 16 0 11 13 51.275
 16 0 11 14 48.727
 16 0 11 15 43.575
 16 0 11 16 52.608
 16 0 11 17 48.670
 16 0 11 18 48.799
 16 0 11 19 49.200
 16 0 11 20 50.730
 16 0 11 21 50.446
 16 0 11 22 50.990
 16 0 11 23 50.155
 16 0 11 24 33.186
 16 0 11 25 26.777
 16 0 11 26 33.842
 16 0 11 27 27.860
 16 0 11 28 28.383
 16 0 11 29 31.489
 16 0 11 30 32.959
 16 0 11 31 31.811
 16 0 12  0 31.627
 16 0 12  1 29.795
 16 0 12  2 28.473
 16 0 12  3 30.470
 16 0 12  4 30.312
 16 0 12  5 24.903
 16 0 12  6 30.800
 16 0 12  7 24.775
 16 0 12  8 50.959
 16 0 12  9 54.946
 16 0 12 10 51.591
 16 0 12 11 50.921
 16 0 12 12 52.104
 16 0 12 13 53.850
 16 0 12 14 52.134
 16 0 12 15 49.441
 16 0 12 16 51.529
 16 0 12 17 52.191
 16 0 12 18 47.464
 16 0 12 19 52.552
 16 0 12 20 52.941
 16 0 12 21 51.332
 16 0 12 22 51.728
 16 0 12 23 52.221
 16 0 12 24 28.404
 16 0 12 25 26.223
 16 0 12 26 29.456
 16 0 12 27 30.164
 16 0 12 28 28.952
 16 0 12 29 30.814
 16 0 12 30 25.678
 16 0 12 31 26.217
 16 0 13  0 32.245
 16 0 13  1 31.237
 16 0 13  2 33.302
 16 0 13  3 28.760
 16 0 13  4 29.439
 16 0 13  5 34.859
 16 0 13  6 32.063
 16 0 13  7 35.101
 16 0 13  8 52.333
 16 0 13  9 53.049
 16 0 13 10 54.016
 16 0 13 11 51.609
 16 0 13 12 52.011
 16 0 13 13 50.688
 16 0 13 14 54.311
 16 0 13 15 49.083
 16 0 13 16 55.566
 16 0 13 17 51.480
 16 0 13 18 53.342
 16 0 13 19 50.839
 16 0 13 20 53.387
 16 0 13 21 54.183
 16 0 13 22 51.763
 16 0 13 23 50.291
 16 0 13 24 33.971
 16 0 13 25 29.735
 16 0 13 26 31.042
 16 0 13 27 24.218
 16 0 13 28 29.027
 16 0 13 29 27.197
 16 0 13 30 30.068
 16 0 13 31 27.298
 16 0 14  0 28.923
 16 0 14  1 31.249
 16 0 14  2 30.513
 16 0 14  3 33.830
 16 0 14  4 27.681
 16 0 14  5 34.433
 16 0 14  6 30.034
 16 0 14  7 27.450
 16 0 14  8 54.069
 16 0 14  9 53.191
 16 0 14 10 55.554
 16 0 14 11 52.856
 16 0 14 12 53.735
 16 0 14 13 49.208
 16 0 14 14 52.646
 16 0 14 15 52.436
 16 0 14 16 51.097
 16 0 14 17 51.570
 16 0 14 18 56.641
 16 0 14 19 52.719
 16 0 14 20 53.055
 16 0 14 21 54.399
 16 0 14 22 54.645
 16 0 14 23 53.912
 16 0 14 24 32.115
 16 0 14 25 30.960
 16 0 14 26 29.992
 16 0 14 27 28.438
 16 0 14 28 34.835
 16 0 14 29 31.176
 16 0 14 30 27.189
 16 0 14 31 28.282
 16 0 15  0 29.735
 16 0 15  1 33.715
 16 0 15  2 32.971
 16 0 15  3 33.524
 16 0 15  4 31.469
 16 0 15  5 29.510
 16 0 15  6 32.026
 16 0 15  7 26.416
 16 0 15  8 51.896
 16 0 15  9 46.895
 16 0 15 10 52.823
 16 0 15 11 51.612
 16 0 15 12 51.039
 16 0 15 13 52.138
 16 0 15 14 51.329
 16 0 15 15 53.765
 16 0 15 16 53.321
 16 0 15 17 49.527
 16 0 15 18 52.788
 16 0 15 19 51.088
 16 0 15 20 52.188
 16 0 15 21 53.037
 16 0 15 22 53.431
 16 0 15 23 52.252
 16 0 15 24 29.450
 16 0 15 25 31.678
 16 0 15 26 26.802
 16 0 15 27 30.568
 16 0 15 28 33.557
 16 0 15 29 32.055
 16 0 15 30 28.872
 16 0 15 31 30.110
 16 0 16  0 29.812
 16 0 16  1 32.676
 16 0 16  2 33.911
 16 0 16  3 31.977
 16 0 16  4 34.277
 16 0 16  5 29.802
 16 0 16  6 32.281
 16 0 16  7 32.359
 16 0 16  8 54.137
 16 0 16  9 53.835
 16 0 16 10 53.128
 16 0 16 11 49.886
 16 0 16 12 52.535
 16 0 16 13 50.773
 16 0 16 14 54.878
 16 0 16 15 51.333
 16 0 16 16 55.332
 16 0 16 17 48.254
 16 0 16 18 47.444
 16 0 16 19 54.185
 16 0 16 20 51.404
 16 0 16 21 54.050
 16 0 16 22 54.508
 16 0 16 23 55.523
 16 0 16 24 27.962
 16 0 16 25 30.957
 16 0 16 26 31.098
 16 0 16 27 30.941
 16 0 16 28 24.444
 16 0 16 29 31.397
 16 0 16 30 30.536
 16 0 16 31 26.107
 16 0 17  0 27.633
 16 0 17  1 27.160
 16 0 17  2 27.409
 16 0 17  3 29.103
 16 0 17  4 33.446
 16 0 17  5 27.021
 16 0 17  6 32.460
 16 0 17  7 29.639
 16 0 17  8 53.488
 16 0 17  9 51.514
 16 0 17 10 50.079
 16 0 17 11 51.790
 16 0 17 12 47.385
 16 0 17 13 52.053
 16 0 17 14 47.707
 16 0 17 15 51.807
 16 0 17 16 51.516
 16 0 17 17 40.559
 16 0 17 18 51.182
 16 0 17 19 49.633
 16 0 17 20 49.769
 16 0 17 21 45.651
 16 0 17 22 50.771
 16 0 17 23 52.107
 16 0 17 24 27.557
 16 0 17 25 25.155
 16 0 17 26 27.182
 16 0 17 27 27.237
 16 0 17 28 24.404
 16 0 17 29 32.719
 16 0 17 30 28.645
 16 0 17 31 30.174
 16 1  0  0 24.571
 16 1  0  1 26.186
 16 1  0  2 28.078
 16 1  0  3 24.945
 16 1  0  4 29.568
 16 1  0  5 26.963
 16 1  0  6 31.145
 16 1  0  7 29.133
 16 1  0  8 28.503
 16 1  0  9 31.592
 16 1  0 10 28.809
 16 1  0 11 31.503
 16 1  0 12 33.894
 16 1  0 13 25.226
 16 1  0 14 33.133
 16 1  0 15 27.563
 16 1  0 16 26.689
 16 1  0 17 27.480
 16 1  0 18 28.341
 16 1  0 19 31.496
 16 1  0 20 27.306
 16 1  0 21 26.030
 16 1  0 22 30.570
 16 1  0 23 26.936
 16 1  1  0 35.645
 16 1  1  1 35.658
 16 1  1  2 35.147
 16 1  1  3 35.476
 16 1  1  4 26.501
 16 1  1  5 31.090
 16 1  1  6 32.618
 16 1  1  7 34.513
 16 1  1  8 58.201
 16 1  1  9 58.804
 16 1  1 10 56.498
 16 1  1 11 56.489
 16 1  1 12 53.625
 16 1  1 13 51.825
 16 1  1 14 55.889
 16 1  1 15 58.321
 16 1  1 16 59.098
 16 1  1 17 58.379
 16 1  1 18 55.874
 16 1  1 19 57.738
 16 1  1 20 57.193
 16 1  1 21 58.777
 16 1  1 22 57.831
 16 1  1 23 55.185
 16 1  1 24 31.385
 16 1  1 25 29.820
 16 1  1 26 27.395
 16 1  1 27 34.811
 16 1  1 28 34.306
 16 1  1 29 33.817
 16 1  1 30 33.270
 16 1  1 31 30.451
 16 1  2  0 30.252
 16 1  2  1 31.498
 16 1  2  2 32.317
 16 1  2  3 34.426
 16 1  2  4 29.602
 16 1  2  5 34.498
 16 1  2  6 33.006
 16 1  2  7 30.717
 16 1  2  8 58.878
 16 1  2  9 55.421
 16 1  2 10 52.346
 16 1  2 11 58.535
 16 1  2 12 57.880
 16 1  2 13 55.026
 16 1  2 14 55.809
 16 1  2 15 58.477
 16 1  2 16 55.411
 16 1  2 17 55.732
 16 1  2 18 51.958
 16 1  2 19 58.192
 16 1  2 20 58.020
 16 1  2 21 56.909
 16 1  2 22 57.394
 16 1  2 23 54.417
 16 1  2 24 36.671
 16 1  2 25 31.598
 16 1  2 26 31.956
 16 1  2 27 35.436
 16 1  2 28 32.800
 16 1  2 29 34.612
 16 1  2 30 33.397
 16 1  2 31 36.481
 16 1  3  0 33.673
 16 1  3  1 35.131
 16 1  3  2 34.123
 16 1  3  3 35.045
 16 1  3  4 34.166
 16 1  3  5 33.133
 16 1  3  6 33.037
 16 1  3  7 31.990
 16 1  3  8 57.065
 16 1  3  9 58.532
 16 1  3 10 55.661
 16 1  3 11 57.527
 16 1  3 12 57.351
 16 1  3 13 57.900
 16 1  3 14 59.211
 16 1  3 15 59.221
 16 1  3 16 57.164
 16 1  3 17 60.108
 16 1  3 18 55.927
 16 1  3 19 59.528
 16 1  3 20 57.211
 16 1  3 21 59.772
 16 1  3 22 58.859
 16 1  3 23 59.037
 16 1  3 24 34.539
 16 1  3 25 33.585
 16 1  3 26 29.687
 16 1  3 27 34.210
 16 1  3 28 35.614
 16 1  3 29 32.853
 16 1  3 30 35.599
 16 1  3 31 28.894
 16 1  4  0 29.986
 16 1  4  1 33.324
 16 1  4  2 37.039
 16 1  4  3 36.970
 16 1  4  4 28.600
 16 1  4  5 31.384
 16 1  4  6 31.640
 16 1  4  7 34.904
 16 1  4  8 54.341
 16 1  4  9 53.799
 16 1  4 10 55.834
 16 1  4 11 56.848
 16 1  4 12 57.086
 16 1  4 13 56.058
 16 1  4 14 56.053
 16 1  4 15 55.537
 16 1  4 16 55.873
 16 1  4 17 55.868
 16 1  4 18 53.892
 16 1  4 19 50.984
 16 1  4 20 54.531
 16 1  4 21 57.377
 16 1  4 22 56.712
 16 1  4 23 58.810
 16 1  4 24 33.656
 16 1  4 25 34.269
 16 1  4 26 31.168
 16 1  4 27 32.740
 16 1  4 28 30.175
 16 1  4 29 30.059
 16 1  4 30 34.462
 16 1  4 31 28.561
 16 1  5  0 32.219
 16 1  5  1 32.775
 16 1  5  2 30.346
 16 1  5  3 32.065
 16 1  5  4 32.973
 16 1  5  5 32.210
 16 1  5  6 32.208
 16 1  5  7 32.751
 16 1  5  8 55.126
 16 1  5  9 53.837
 16 1  5 10 56.267
 16 1  5 11 54.932
 16 1  5 12 56.861
 16 1  5 13 54.561
 16 1  5 14 56.246
 16 1  5 15 57.069
 16 1  5 16 58.340
 16 1  5 17 57.306
 16 1  5 18 56.633
 16 1  5 19 57.159
 16 1  5 20 56.643
 16 1  5 21 53.336
 16 1  5 22 56.136
 16 1  5 23 57.083
 16 1  5 24 33.501
 16 1  5 25 33.298
 16 1  5 26 33.844
 16 1  5 27 32.888
 16 1  5 28 29.749
 16 1  5 29 32.792
 16 1  5 30 32.993
 16 1  5 31 30.944
 16 1  6  0 34.951
 16 1  6  1 32.940
 16 1  6  2 34.848
 16 1  6  3 35.441
 16 1  6  4 30.623
 16 1  6  5 33.814
 16 1  6  6 33.492
 16 1  6  7 32.346
 16 1  6  8 56.955
 16 1  6  9 58.950
 16 1  6 10 58.317
 16 1  6 11 54.237
 16 1  6 12 55.483
 16 1  6 13 56.213
 16 1  6 14 58.554
 16 1  6 15 57.808
 16 1  6 16 55.260
 16 1  6 17 55.391
 16 1  6 18 55.903
 16 1  6 19 56.926
 16 1  6 20 56.432
 16 1  6 21 57.699
 16 1  6 22 58.138
 16 1  6 23 57.123
 16 1  6 24 36.810
 16 1  6 25 37.175
 16 1  6 26 34.119
 16 1  6 27 34.979
 16 1  6 28 32.778
 16 1  6 29 30.815
 16 1  6 30 35.325
 16 1  6 31 34.206
 16 1  7  0 34.668
 16 1  7  1 33.344
 16 1  7  2 31.976
 16 1  7  3 33.730
 16 1  7  4 31.872
 16 1  7  5 32.495
 16 1  7  6 32.803
 16 1  7  7 36.641
 16 1  7  8 57.322
 16 1  7  9 57.863
 16 1  7 10 55.798
 16 1  7 11 57.117
 16 1  7 12 58.470
 16 1  7 13 56.175
 16 1  7 14 57.069
 16 1  7 15 57.503
 16 1  7 16 56.475
 16 1  7 17 57.125
 16 1  7 18 56.586
 16 1  7 19 58.117
 16 1  7 20 56.308
 16 1  7 21 55.368
 16 1  7 22 56.259
 16 1  7 23 57.597
 16 1  7 24 38.063
 16 1  7 25 35.641
 16 1  7 26 27.696
 16 1  7 27 33.804
 16 1  7 28 35.710
 16 1  7 29 34.300
 16 1  7 30 32.698
 16 1  7 31 32.687
 16 1  8  0 31.103
 16 1  8  1 34.088
 16 1  8  2 34.495
 16 1  8  3 35.289
 16 1  8  4 33.131
 16 1  8  5 35.817
 16 1  8  6 36.458
 16 1  8  7 37.073
 16 1  8  8 56.355
 16 1  8  9 56.895
 16 1  8 10 53.887
 16 1  8 11 55.984
 16 1  8 12 58.900
 16 1  8 13 58.565
 16 1  8 14 55.825
 16 1  8 15 56.931
 16 1  8 16 55.594
 16 1  8 17 56.981
 16 1  8 18 59.165
 16 1  8 19 57.723
 16 1  8 20 56.281
 16 1  8 21 55.890
 16 1  8 22 54.591
 16 1  8 23 55.927
 16 1  8 24 32.562
 16 1  8 25 33.860
 16 1  8 26 30.258
 16 1  8 27 35.183
 16 1  8 28 36.383
 16 1  8 29 32.336
 16 1  8 30 32.641
 16 1  8 31 33.542
 16 1  9  0 36.402
 16 1  9  1 33.278
 16 1  9  2 32.056
 16 1  9  3 33.864
 16 1  9  4 32.158
 16 1  9  5 35.894
 16 1  9  6 33.867
 16 1  9  7 32.904
 16 1  9  8 55.122
 16 1  9  9 55.600
 16 1  9 10 55.766
 16 1  9 11 56.880
 16 1  9 12 55.089
 16 1  9 13 56.306
 16 1  9 14 55.502
 16 1  9 15 58.128
 16 1  9 16 56.744
 16 1  9 17 55.740
 16 1  9 18 55.995
 16 1  9 19 54.211
 16 1  9 20 53.742
 16 1  9 21  0.010
 16 1  9 22 57.985
 16 1  9 23 56.726
 16 1  9 24 32.418
 16 1  9 25 35.037
 16 1  9 26 34.478
 16 1  9 27 33.490
 16 1  9 28 35.379
 16 1  9 29 34.686
 16 1  9 30 34.273
 16 1  9 31 32.553
 16 1 10  0 35.022
 16 1 10  1 31.723
 16 1 10  2 31.602
 16 1 10  3 37.181
 16 1 10  4 28.079
 16 1 10  5 33.592
 16 1 10  6 31.913
 16 1 10  7 33.651
 16 1 10  8 57.404
 16 1 10  9 57.226
 16 1 10 10 58.172
 16 1 10 11 56.486
 16 1 10 12 55.050
 16 1 10 13 58.011
 16 1 10 14 57.413
 16 1 10 15 58.140
 16 1 10 16 58.076
 16 1 10 17 55.671
 16 1 10 18 57.756
 16 1 10 19 56.045
 16 1 10 20 56.788
 16 1 10 21 54.550
 16 1 10 22 54.978
 16 1 10 23 56.685
 16 1 10 24 33.175
 16 1 10 25 31.859
 16 1 10 26 36.772
 16 1 10 27 33.664
 16 1 10 28 34.031
 16 1 10 29 32.991
 16 1 10 30 34.108
 16 1 10 31 30.311
 16 1 11  0 27.099
 16 1 11  1 27.620
 16 1 11  2 29.938
 16 1 11  3 30.371
 16 1 11  4 30.239
 16 1 11  5 36.473
 16 1 11  6 31.801
 16 1 11  7 28.694
 16 1 11  8 57.875
 16 1 11  9 53.563
 16 1 11 10 51.736
 16 1 11 11 54.414
 16 1 11 12 54.000
 16 1 11 13 54.753
 16 1 11 14 57.049
 16 1 11 15 57.739
 16 1 11 16 54.186
 16 1 11 17 54.881
 16 1 11 18 55.916
 16 1 11 19 54.634
 16 1 11 20 53.366
 16 1 11 21 55.920
 16 1 11 22 53.901
 16 1 11 23 49.945
 16 1 11 24 30.613
 16 1 11 25 28.949
 16 1 11 26 31.778
 16 1 11 27 26.362
 16 1 11 28 29.403
 16 1 11 29 29.375
 16 1 11 30 32.409
 16 1 11 31 31.554
 16 1 12  0 30.851
 16 1 12  1 28.864
 16 1 12  2 30.452
 16 1 12  3 29.180
 16 1 12  4 27.099
 16 1 12  5 25.393
 16 1 12  6 29.570
 16 1 12  7 32.427
 16 1 12  8 55.602
 16 1 12  9 52.762
 16 1 12 10 53.573
 16 1 12 11 52.269
 16 1 12 12 56.538
 16 1 12 13 56.180
 16 1 12 14 56.514
 16 1 12 15 57.618
 16 1 12 16 57.196
 16 1 12 17 56.599
 16 1 12 18 56.054
 16 1 12 19 56.053
 16 1 12 20 55.797
 16 1 12 21 55.602
 16 1 12 22 57.264
 16 1 12 23 52.143
 16 1 12 24 35.995
 16 1 12 25 30.722
 16 1 12 26 33.761
 16 1 12 27 27.424
 16 1 12 28 32.615
 16 1 12 29 29.907
 16 1 12 30 30.423
 16 1 12 31 27.169
 16 1 13  0 30.447
 16 1 13  1 32.311
 16 1 13  2 33.501
 16 1 13  3 36.123
 16 1 13  4 35.396
 16 1 13  5 32.466
 16 1 13  6 35.245
 16 1 13  7 30.129
 16 1 13  8 58.597
 16 1 13  9 55.971
 16 1 13 10 56.192
 16 1 13 11 55.259
 16 1 13 12 55.842
 16 1 13 13 54.025
 16 1 13 14 56.184
 16 1 13 15 57.200
 16 1 13 16 57.827
 16 1 13 17 55.821
 16 1 13 18 57.097
 16 1 13 19 55.911
 16 1 13 20 56.466
 16 1 13 21 53.842
 16 1 13 22 55.736
 16 1 13 23 57.315
 16 1 13 24 35.483
 16 1 13 25 29.488
 16 1 13 26 30.045
 16 1 13 27 33.159
 16 1 13 28 33.397
 16 1 13 29 31.822
 16 1 13 30 32.978
 16 1 13 31 33.226
 16 1 14  0 33.673
 16 1 14  1 33.422
 16 1 14  2 34.570
 16 1 14  3 33.159
 16 1 14  4 34.629
 16 1 14  5 33.727
 16 1 14  6 35.996
 16 1 14  7 32.968
 16 1 14  8 58.623
 16 1 14  9 57.338
 16 1 14 10 56.999
 16 1 14 11 58.214
 16 1 14 12 55.709
 16 1 14 13 56.939
 16 1 14 14 59.380
 16 1 14 15 57.600
 16 1 14 16 57.365
 16 1 14 17 57.034
 16 1 14 18 56.318
 16 1 14 19 57.877
 16 1 14 20 57.376
 16 1 14 21 56.905
 16 1 14 22 56.870
 16 1 14 23 59.775
 16 1 14 24 33.506
 16 1 14 25 34.417
 16 1 14 26 33.675
 16 1 14 27 34.124
 16 1 14 28 34.178
 16 1 14 29 33.811
 16 1 14 30 33.718
 16 1 14 31 34.030
 16 1 15  0 33.269
 16 1 15  1 32.994
 16 1 15  2 36.631
 16 1 15  3 35.625
 16 1 15  4 30.841
 16 1 15  5 33.392
 16 1 15  6 32.902
 16 1 15  7 32.579
 16 1 15  8 51.519
 16 1 15  9 55.777
 16 1 15 10 56.656
 16 1 15 11 56.930
 16 1 15 12 56.701
 16 1 15 13 55.180
 16 1 15 14 56.222
 16 1 15 15 56.124
 16 1 15 16 56.337
 16 1 15 17 53.346
 16 1 15 18 55.526
 16 1 15 19 55.255
 16 1 15 20 55.324
 16 1 15 21 58.238
 16 1 15 22 53.192
 16 1 15 23 56.170
 16 1 15 24 34.704
 16 1 15 25 30.063
 16 1 15 26 25.424
 16 1 15 27 33.121
 16 1 15 28 33.759
 16 1 15 29 33.770
 16 1 15 30 34.261
 16 1 15 31 29.699
 16 1 16  0 30.514
 16 1 16  1 35.588
 16 1 16  2 30.529
 16 1 16  3 32.676
 16 1 16  4 33.085
 16 1 16  5 35.404
 16 1 16  6 32.313
 16 1 16  7 32.233
 16 1 16  8 59.011
 16 1 16  9 56.633
 16 1 16 10 55.109
 16 1 16 11 53.783
 16 1 16 12 57.834
 16 1 16 13 57.363
 16 1 16 14 58.166
 16 1 16 15 58.336
 16 1 16 16 54.141
 16 1 16 17 59.748
 16 1 16 18 53.083
 16 1 16 19 57.045
 16 1 16 20 55.484
 16 1 16 21 55.133
 16 1 16 22 58.471
 16 1 16 23 57.277
 16 1 16 24 29.413
 16 1 16 25 31.300
 16 1 16 26 34.217
 16 1 16 27 34.808
 16 1 16 28 32.198
 16 1 16 29 30.117
 16 1 16 30 34.389
 16 1 16 31 32.765
 16 1 17  0 35.086
 16 1 17  1 34.252
 16 1 17  2 35.706
 16 1 17  3 34.012
 16 1 17  4 36.467
 16 1 17  5 29.572
 16 1 17  6 35.755
 16 1 17  7 35.690
 16 1 17  8 58.954
 16 1 17  9 58.066
 16 1 17 10 58.016
 16 1 17 11 58.305
 16 1 17 12 54.859
 16 1 17 13 56.607
 16 1 17 14 59.766
 16 1 17 15 58.921
 16 1 17 16 59.407
 16 1 17 17 57.689
 16 1 17 18 58.339
 16 1 17 19 55.428
 16 1 17 20 53.023
 16 1 17 21 57.271
 16 1 17 22 56.872
 16 1 17 23 57.791
 16 1 17 24 34.396
 16 1 17 25 28.749
 16 1 17 26 32.280
 16 1 17 27 31.318
 16 1 17 28 32.913
 16 1 17 29 33.594
 16 1 17 30 32.750
 16 1 17 31 34.678
 14 0  0  0 33.977
 14 0  0  1 32.923
 14 0  0  2 29.551
 14 0  0  3 32.106
 14 0  0  4 29.018
 14 0  0  5 33.132
 14 0  0  6 30.362
 14 0  0  7 30.378
 14 0  0  8 31.004
 14 0  0  9 31.902
 14 0  0 10 30.800
 14 0  0 11 26.450
 14 0  0 12 29.833
 14 0  0 13 31.163
 14 0  0 14 31.988
 14 0  0 15 29.643
 14 0  0 16 32.061
 14 0  0 17 29.376
 14 0  0 18 30.475
 14 0  0 19 28.060
 14 0  0 20 30.024
 14 0  0 21 33.241
 14 0  0 22 31.673
 14 0  0 23  0.010
 14 0  1  0 31.098
 14 0  1  1 28.304
 14 0  1  2 30.800
 14 0  1  3 30.790
 14 0  1  4 31.842
 14 0  1  5 33.427
 14 0  1  6 30.606
 14 0  1  7 31.492
 14 0  1  8 33.369
 14 0  1  9  0.010
 14 0  1 10 29.284
 14 0  1 11 27.520
 14 0  1 12 30.537
 14 0  1 13 28.370
 14 0  1 14 30.583
 14 0  1 15 30.061
 14 0  1 16 34.114
 14 0  1 17 32.377
 14 0  1 18 33.644
 14 0  1 19 33.560
 14 0  1 20 30.066
 14 0  1 21 28.829
 14 0  1 22 31.905
 14 0  1 23 27.692
 14 0  2  0 32.624
 14 0  2  1 31.523
 14 0  2  2 31.775
 14 0  2  3 29.164
 14 0  2  4 33.655
 14 0  2  5 28.214
 14 0  2  6 32.817
 14 0  2  7 32.612
 14 0  2  8 30.834
 14 0  2  9 30.971
 14 0  2 10 30.372
 14 0  2 11 31.044
 14 0  2 12 24.677
 14 0  2 13 32.553
 14 0  2 14 33.653
 14 0  2 15 28.991
 14 0  2 16 30.729
 14 0  2 17 30.113
 14 0  2 18 27.210
 14 0  2 19 26.715
 14 0  2 20 30.239
 14 0  2 21 30.232
 14 0  2 22 29.854
 14 0  2 23 29.993
 14 0  3  0 33.968
 14 0  3  1 31.048
 14 0  3  2 32.767
 14 0  3  3 31.846
 14 0  3  4 32.698
 14 0  3  5 30.378
 14 0  3  6 30.170
 14 0  3  7 33.011
 14 0  3  8 32.757
 14 0  3  9 32.241
 14 0  3 10 34.640
 14 0  3 11 35.278
 14 0  3 12 32.768
 14 0  3 13 35.072
 14 0  3 14 34.095
 14 0  3 15 30.475
 14 0  3 16 31.730
 14 0  3 17 29.951
 14 0  3 18 33.032
 14 0  3 19 28.905
 14 0  3 20 33.078
 14 0  3 21 27.738
 14 0  3 22 30.269
 14 0  3 23 30.297
 14 0  4  0 34.653
 14 0  4  1 33.007
 14 0  4  2 31.626
 14 0  4  3  0.010
 14 0  4  4 34.084
 14 0  4  5 32.875
 14 0  4  6 32.246
 14 0  4  7 34.903
 14 0  4  8 33.596
 14 0  4  9 33.569
 14 0  4 10 33.494
 14 0  4 11 30.278
 14 0  4 12 33.521
 14 0  4 13 35.041
 14 0  4 14 34.252
 14 0  4 15 34.117
 14 0  4 16 35.180
 14 0  4 17 33.835
 14 0  4 18 34.410
 14 0  4 19 33.119
 14 0  4 20 32.639
 14 0  4 21 34.818
 14 0  4 22 31.026
 14 0  4 23 33.871
 14 0  5  0 29.124
 14 0  5  1 26.732
 14 0  5  2 32.757
 14 0  5  3 33.089
 14 0  5  4 32.919
 14 0  5  5 34.259
 14 0  5  6 28.724
 14 0  5  7 28.368
 14 0  5  8 34.665
 14 0  5  9 28.465
 14 0  5 10 33.147
 14 0  5 11 30.507
 14 0  5 12 27.547
 14 0  5 13 28.257
 14 0  5 14 33.224
 14 0  5 15 34.201
 14 0  5 16 31.441
 14 0  5 17 32.242
 14 0  5 18 36.108
 14 0  5 19 28.794
 14 0  5 20 33.591
 14 0  5 21 26.127
 14 0  5 22 31.052
 14 0  5 23 29.036
 14 0  6  0 34.583
 14 0  6  1 35.475
 14 0  6  2 34.367
 14 0  6  3 35.032
 14 0  6  4 28.947
 14 0  6  5 33.974
 14 0  6  6 31.196
 14 0  6  7 34.789
 14 0  6  8 34.574
 14 0  6  9 34.576
 14 0  6 10 34.291
 14 0  6 11 34.448
 14 0  6 12 33.548
 14 0  6 13 30.815
 14 0  6 14 32.998
 14 0  6 15 33.501
 14 0  6 16 32.195
 14 0  6 17 30.680
 14 0  6 18 30.517
 14 0  6 19 31.471
 14 0  6 20 33.102
 14 0  6 21 32.958
 14 0  6 22 33.109
 14 0  6 23 33.726
 14 0  7  0 30.471
 14 0  7  1 28.939
 14 0  7  2 29.536
 14 0  7  3 29.790
 14 0  7  4 30.562
 14 0  7  5 28.932
 14 0  7  6 30.511
 14 0  7  7 30.581
 14 0  7  8 26.691
 14 0  7  9 28.562
 14 0  7 10 28.221
 14 0  7 11 30.958
 14 0  7 12 33.180
 14 0  7 13 31.613
 14 0  7 14 29.701
 14 0  7 15 29.356
 14 0  7 16 31.436
 14 0  7 17 30.548
 14 0  7 18 30.894
 14 0  7 19 29.979
 14 0  7 20 31.093
 14 0  7 21 31.194
 14 0  7 22 30.185
 14 0  7 23 30.991
 14 0  8  0 32.170
 14 0  8  1 31.609
 14 0  8  2 31.169
 14 0  8  3 32.280
 14 0  8  4 30.902
 14 0  8  5 31.313
 14 0  8  6 34.443
 14 0  8  7 32.523
 14 0  8  8 32.866
 14 0  8  9  0.010
 14 0  8 10 33.187
 14 0  8 11 32.640
 14 0  8 12 33.719
 14 0  8 13 32.029
 14 0  8 14 31.869
 14 0  8 15 31.855
 14 0  8 16 33.953
 14 0  8 17 31.553
 14 0  8 18 31.253
 14 0  8 19 31.985
 14 0  8 20 28.565
 14 0  8 21 32.416
 14 0  8 22 28.922
 14 0  8 23 29.874
 14 0  9  0 24.873
 14 0  9  1 31.640
 14 0  9  2 32.614
 14 0  9  3 33.802
 14 0  9  4 29.382
 14 0  9  5 33.314
 14 0  9  6 31.816
 14 0  9  7 32.711
 14 0  9  8 26.048
 14 0  9  9 26.802
 14 0  9 10 25.609
 14 0  9 11 30.303
 14 0  9 12 29.988
 14 0  9 13 32.220
 14 0  9 14 27.376
 14 0  9 15 27.626
 14 0  9 16 33.075
 14 0  9 17 29.354
 14 0  9 18 30.845
 14 0  9 19 28.187
 14 0  9 20 32.214
 14 0  9 21 27.097
 14 0  9 22 28.057
 14 0  9 23 25.326
 14 0 10  0 33.358
 14 0 10  1 28.850
 14 0 10  2 32.163
 14 0 10  3 28.934
 14 0 10  4 31.735
 14 0 10  5 29.983
 14 0 10  6 30.273
 14 0 10  7 30.480
 14 0 10  8 29.180
 14 0 10  9 28.306
 14 0 10 10 29.231
 14 0 10 11 27.682
 14 0 10 12 27.598
 14 0 10 13 27.662
 14 0 10 14 26.209
 14 0 10 15 28.055
 14 0 10 16 29.420
 14 0 10 17 29.475
 14 0 10 18 28.373
 14 0 10 19 20.089
 14 0 10 20 27.793
 14 0 10 21 28.854
 14 0 10 22 29.078
 14 0 10 23 32.426
 14 1  0  0 30.241
 14 1  0  1 28.031
 14 1  0  2 31.072
 14 1  0  3 31.512
 14 1  0  4 31.458
 14 1  0  5 30.589
 14 1  0  6 30.904
 14 1  0  7 28.264
 14 1  0  8 30.924
 14 1  0  9 31.980
 14 1  0 10 31.312
 14 1  0 11 30.811
 14 1  0 12 32.065
 14 1  0 13 32.375
 14 1  0 14 30.403
 14 1  0 15 32.473
 14 1  0 16 31.031
 14 1  0 17 31.721
 14 1  0 18 31.900
 14 1  0 19 31.817
 14 1  0 20 30.345
 14 1  0 21 32.025
 14 1  0 22 31.655
 14 1  0 23 32.440
 14 1  1  0 29.567
 14 1  1  1 28.854
 14 1  1  2 28.298
 14 1  1  3 33.585
 14 1  1  4 29.403
 14 1  1  5 32.417
 14 1  1  6 30.989
 14 1  1  7 30.474
 14 1  1  8 29.459
 14 1  1  9 31.650
 14 1  1 10 29.352
 14 1  1 11 31.139
 14 1  1 12 30.327
 14 1  1 13 31.934
 14 1  1 14 30.355
 14 1  1 15 31.552
 14 1  1 16  0.010
 14 1  1 17 32.172
 14 1  1 18 29.874
 14 1  1 19 32.421
 14 1  1 20 31.529
 14 1  1 21 32.139
 14 1  1 22 28.982
 14 1  1 23 31.151
 14 1  2  0 28.674
 14 1  2  1 31.573
 14 1  2  2 31.081
 14 1  2  3 30.597
 14 1  2  4 32.804
 14 1  2  5 33.279
 14 1  2  6 31.488
 14 1  2  7 32.333
 14 1  2  8 30.433
 14 1  2  9 32.593
 14 1  2 10 32.354
 14 1  2 11 33.958
 14 1  2 12 33.038
 14 1  2 13 30.017
 14 1  2 14 36.162
 14 1  2 15 31.787
 14 1  2 16 30.377
 14 1  2 17 30.552
 14 1  2 18 29.652
 14 1  2 19 32.549
 14 1  2 20 28.868
 14 1  2 21 32.967
 14 1  2 22 30.777
 14 1  2 23 30.010
 14 1  3  0 31.236
 14 1  3  1 30.728
 14 1  3  2 32.111
 14 1  3  3 30.745
 14 1  3  4 30.513
 14 1  3  5 32.940
 14 1  3  6 31.480
 14 1  3  7 32.818
 14 1  3  8 28.924
 14 1  3  9 32.493
 14 1  3 10 28.593
 14 1  3 11 33.403
 14 1  3 12 32.541
 14 1  3 13 32.182
 14 1  3 14 33.683
 14 1  3 15 31.987
 14 1  3 16 32.199
 14 1  3 17 33.334
 14 1  3 18 30.986
 14 1  3 19 32.441
 14 1  3 20 30.605
 14 1  3 21 32.398
 14 1  3 22 32.928
 14 1  3 23 31.511
 14 1  4  0 33.411
 14 1  4  1 33.860
 14 1  4  2 34.318
 14 1  4  3 32.709
 14 1  4  4 30.385
 14 1  4  5 31.962
 14 1  4  6 34.420
 14 1  4  7 34.197
 14 1  4  8 34.986
 14 1  4  9 36.287
 14 1  4 10 34.820
 14 1  4 11 32.803
 14 1  4 12 35.100
 14 1  4 13 32.425
 14 1  4 14 34.206
 14 1  4 15 33.087
 14 1  4 16 36.270
 14 1  4 17 36.722
 14 1  4 18 35.363
 14 1  4 19 35.018
 14 1  4 20 34.396
 14 1  4 21 35.007
 14 1  4 22 32.314
 14 1  4 23 34.582
 14 1  5  0 32.828
 14 1  5  1 32.942
 14 1  5  2 33.622
 14 1  5  3 33.405
 14 1  5  4 32.176
 14 1  5  5 32.806
 14 1  5  6 34.552
 14 1  5  7 30.818
 14 1  5  8  0.010
 14 1  5  9 29.781
 14 1  5 10  0.010
 14 1  5 11 27.430
 14 1  5 12 29.370
 14 1  5 13  0.010
 14 1  5 14 25.141
 14 1  5 15 30.673
 14 1  5 16 33.089
 14 1  5 17 35.333
 14 1  5 18 31.173
 14 1  5 19 33.263
 14 1  5 20 26.544
 14 1  5 21 29.246
 14 1  5 22 28.010
 14 1  5 23 24.274
 14 1  6  0 33.293
 14 1  6  1 31.890
 14 1  6  2 30.816
 14 1  6  3 26.381
 14 1  6  4 33.436
 14 1  6  5 32.683
 14 1  6  6 32.893
 14 1  6  7 30.685
 14 1  6  8 31.155
 14 1  6  9 33.042
 14 1  6 10 31.997
 14 1  6 11 34.513
 14 1  6 12 31.270
 14 1  6 13 35.029
 14 1  6 14 34.468
 14 1  6 15 32.082
 14 1  6 16 31.962
 14 1  6 17 33.145
 14 1  6 18 32.886
 14 1  6 19 34.030
 14 1  6 20 30.643
 14 1  6 21 31.873
 14 1  6 22 30.110
 14 1  6 23 33.928
 14 1  7  0 33.135
 14 1  7  1 32.296
 14 1  7  2 32.885
 14 1  7  3 32.483
 14 1  7  4 33.587
 14 1  7  5 30.358
 14 1  7  6 34.604
 14 1  7  7 33.979
 14 1  7  8 34.691
 14 1  7  9 34.524
 14 1  7 10 33.728
 14 1  7 11 33.895
 14 1  7 12 34.397
 14 1  7 13  0.010
 14 1  7 14 34.908
 14 1  7 15 34.965
 14 1  7 16 33.820
 14 1  7 17 32.580
 14 1  7 18 30.570
 14 1  7 19 32.844
 14 1  7 20 32.496
 14 1  7 21 33.790
 14 1  7 22 33.635
 14 1  7 23 34.175
 14 1  8  0 33.564
 14 1  8  1 32.982
 14 1  8  2 33.192
 14 1  8  3 31.934
 14 1  8  4 35.177
 14 1  8  5 34.976
 14 1  8  6 34.910
 14 1  8  7 34.126
 14 1  8  8  0.010
 14 1  8  9 35.013
 14 1  8 10 34.154
 14 1  8 11 33.615
 14 1  8 12 35.401
 14 1  8 13 35.675
 14 1  8 14 36.215
 14 1  8 15 32.648
 14 1  8 16 33.278
 14 1  8 17 36.894
 14 1  8 18 35.655
 14 1  8 19 34.083
 14 1  8 20  0.010
 14 1  8 21 35.344
 14 1  8 22 33.638
 14 1  8 23 30.784
 14 1  9  0 26.449
 14 1  9  1 30.928
 14 1  9  2 31.832
 14 1  9  3 28.028
 14 1  9  4 27.258
 14 1  9  5 33.755
 14 1  9  6 24.122
 14 1  9  7 30.391
 14 1  9  8 34.192
 14 1  9  9 27.901
 14 1  9 10 34.328
 14 1  9 11 26.459
 14 1  9 12 32.487
 14 1  9 13 35.130
 14 1  9 14 30.864
 14 1  9 15 33.718
 14 1  9 16 32.196
 14 1  9 17 33.333
 14 1  9 18 33.570
 14 1  9 19 29.538
 14 1  9 20 26.247
 14 1  9 21 26.562
 14 1  9 22 32.412
 14 1  9 23 22.675
 14 1 10  0 31.401
 14 1 10  1 30.566
 14 1 10  2 32.005
 14 1 10  3 31.304
 14 1 10  4 26.657
 14 1 10  5 32.054
 14 1 10  6 30.948
 14 1 10  7 29.681
 14 1 10  8 30.194
 14 1 10  9 30.370
 14 1 10 10 31.782
 14 1 10 11 32.005
 14 1 10 12 32.521
 14 1 10 13 32.908
 14 1 10 14  0.010
 14 1 10 15 32.695
 14 1 10 16 30.155
 14 1 10 17 32.303
 14 1 10 18 31.805
 14 1 10 19 32.739
 14 1 10 20 31.905
 14 1 10 21 33.624
 14 1 10 22  0.010
 14 1 10 23 33.547
