  3 0  0  0  3.964
  3 0  0  1  3.847
  3 0  0  2  3.854
  3 0  0  3  3.665
  3 0  0  4  3.642
  3 0  0  5  3.848
  3 0  0  6  3.661
  3 0  0  7  3.552
  3 0  0  8  3.673
  3 0  0  9  3.286
  3 0  0 10  3.482
  3 0  0 11  3.358
  3 0  0 12  3.200
  3 0  0 13  3.309
  3 0  0 14  3.186
  3 0  0 15  3.282
  3 0  0 16  3.151
  3 0  0 17  3.040
  3 0  0 18  3.205
  3 0  0 19  3.131
  3 0  0 20  3.034
  3 0  0 21  3.341
  3 0  0 22  3.220
  3 0  0 23  3.459
  3 0  1  0  4.284
  3 0  1  1  4.310
  3 0  1  2  4.040
  3 0  1  3  3.901
  3 0  1  4  3.623
  3 0  1  5  3.651
  3 0  1  6  3.651
  3 0  1  7  3.683
  3 0  1  8  3.805
  3 0  1  9  3.909
  3 0  1 10  4.035
  3 0  1 11  4.144
  3 0  1 12  3.782
  3 0  1 13  3.775
  3 0  1 14  3.808
  3 0  1 15  3.629
  3 0  1 16  3.416
  3 0  1 17  3.322
  3 0  1 18  3.138
  3 0  1 19  3.167
  3 0  1 20  3.204
  3 0  1 21  3.343
  3 0  1 22  3.405
  3 0  1 23  3.705
  3 0  2  0  4.446
  3 0  2  1  4.494
  3 0  2  2  4.333
  3 0  2  3  4.229
  3 0  2  4  4.091
  3 0  2  5  4.053
  3 0  2  6  3.891
  3 0  2  7  3.811
  3 0  2  8  3.862
  3 0  2  9  3.728
  3 0  2 10  3.786
  3 0  2 11  3.752
  3 0  2 12  3.788
  3 0  2 13  3.719
  3 0  2 14  3.555
  3 0  2 15  3.680
  3 0  2 16  3.475
  3 0  2 17  3.547
  3 0  2 18  3.707
  3 0  2 19  3.549
  3 0  2 20  3.815
  3 0  2 21  3.791
  3 0  2 22  3.729
  3 0  2 23  3.725
  3 0  3  0  4.267
  3 0  3  1  4.108
  3 0  3  2  4.288
  3 0  3  3  4.108
  3 0  3  4  4.009
  3 0  3  5  4.025
  3 0  3  6  3.913
  3 0  3  7  3.893
  3 0  3  8  3.741
  3 0  3  9  3.791
  3 0  3 10  3.645
  3 0  3 11  3.534
  3 0  3 12  3.613
  3 0  3 13  3.578
  3 0  3 14  3.544
  3 0  3 15  3.595
  3 0  3 16  3.604
  3 0  3 17  3.605
  3 0  3 18  3.660
  3 0  3 19  3.565
  3 0  3 20  3.663
  3 0  3 21  3.651
  3 0  3 22  3.685
  3 0  3 23  3.768
  3 0  4  0  4.053
  3 0  4  1  4.001
  3 0  4  2  4.122
  3 0  4  3  3.794
  3 0  4  4  3.950
  3 0  4  5  3.750
  3 0  4  6 999.999
  3 0  4  7  3.590
  3 0  4  8  3.742
  3 0  4  9  3.652
  3 0  4 10  3.773
  3 0  4 11  3.700
  3 0  4 12  3.831
  3 0  4 13  3.726
  3 0  4 14  3.599
  3 0  4 15  3.503
  3 0  4 16  3.440
  3 0  4 17  3.451
  3 0  4 18  3.574
  3 0  4 19  3.555
  3 0  4 20  3.600
  3 0  4 21  3.590
  3 0  4 22  3.418
  3 0  4 23  3.588
  3 0  5  0  4.558
  3 0  5  1  4.579
  3 0  5  2  4.235
  3 0  5  3  4.098
  3 0  5  4  3.743
  3 0  5  5  3.723
  3 0  5  6  3.620
  3 0  5  7  3.741
  3 0  5  8  3.772
  3 0  5  9  3.805
  3 0  5 10  3.776
  3 0  5 11  3.972
  3 0  5 12  3.919
  3 0  5 13  3.714
  3 0  5 14  3.635
  3 0  5 15  3.501
  3 0  5 16  3.493
  3 0  5 17  3.423
  3 0  5 18  3.386
  3 0  5 19  3.434
  3 0  5 20  3.448
  3 0  5 21  3.869
  3 0  5 22  3.960
  3 0  5 23  3.963
  3 0  6  0  4.142
  3 0  6  1  4.163
  3 0  6  2  4.222
  3 0  6  3  3.915
  3 0  6  4  3.875
  3 0  6  5  3.804
  3 0  6  6  3.808
  3 0  6  7  3.685
  3 0  6  8  3.606
  3 0  6  9  3.841
  3 0  6 10  3.599
  3 0  6 11  3.724
  3 0  6 12  3.689
  3 0  6 13  3.655
  3 0  6 14  3.696
  3 0  6 15  3.504
  3 0  6 16  3.513
  3 0  6 17  3.437
  3 0  6 18  3.549
  3 0  6 19  3.377
  3 0  6 20  3.482
  3 0  6 21  3.533
  3 0  6 22  3.472
  3 0  6 23  3.230
  3 0  7  0  4.301
  3 0  7  1  4.201
  3 0  7  2  4.298
  3 0  7  3  4.316
  3 0  7  4  4.146
  3 0  7  5  4.094
  3 0  7  6  3.941
  3 0  7  7  3.949
  3 0  7  8  3.768
  3 0  7  9  3.773
  3 0  7 10  3.623
  3 0  7 11  3.811
  3 0  7 12  3.621
  3 0  7 13  3.546
  3 0  7 14  3.588
  3 0  7 15  3.655
  3 0  7 16  3.737
  3 0  7 17  3.640
  3 0  7 18  3.724
  3 0  7 19  3.652
  3 0  7 20  3.525
  3 0  7 21  3.715
  3 0  7 22  3.833
  3 0  7 23  3.585
  3 0  8  0  4.532
  3 0  8  1  4.595
  3 0  8  2  4.334
  3 0  8  3  4.440
  3 0  8  4  4.196
  3 0  8  5  4.123
  3 0  8  6  3.839
  3 0  8  7 999.999
  3 0  8  8  3.936
  3 0  8  9  3.901
  3 0  8 10  3.866
  3 0  8 11  3.848
  3 0  8 12  3.811
  3 0  8 13  3.798
  3 0  8 14  3.660
  3 0  8 15  3.571
  3 0  8 16  3.639
  3 0  8 17  3.709
  3 0  8 18  3.862
  3 0  8 19  3.781
  3 0  8 20  3.744
  3 0  8 21  3.835
  3 0  8 22  3.926
  3 0  8 23  3.848
  3 0  9  0  3.876
  3 0  9  1  3.654
  3 0  9  2  3.863
  3 0  9  3  3.786
  3 0  9  4  3.866
  3 0  9  5  3.673
  3 0  9  6  3.894
  3 0  9  7  3.904
  3 0  9  8  3.876
  3 0  9  9  4.119
  3 0  9 10  4.050
  3 0  9 11  4.140
  3 0  9 12  4.141
  3 0  9 13  3.896
  3 0  9 14  3.782
  3 0  9 15  3.828
  3 0  9 16  3.686
  3 0  9 17  3.723
  3 0  9 18  3.357
  3 0  9 19  3.295
  3 0  9 20  3.468
  3 0  9 21  3.545
  3 0  9 22  3.561
  3 0  9 23  3.564
  3 0 10  0  3.759
  3 0 10  1  3.691
  3 0 10  2  3.707
  3 0 10  3  3.663
  3 0 10  4  3.574
  3 0 10  5  3.800
  3 0 10  6  3.707
  3 0 10  7  3.836
  3 0 10  8  3.720
  3 0 10  9  3.625
  3 0 10 10  3.557
  3 0 10 11  3.605
  3 0 10 12  3.518
  3 0 10 13  3.523
  3 0 10 14 999.999
  3 0 10 15  3.574
  3 0 10 16  3.430
  3 0 10 17  3.636
  3 0 10 18  3.491
  3 0 10 19  3.519
  3 0 10 20  3.569
  3 0 10 21  3.637
  3 0 10 22  3.331
  3 0 10 23  3.443
  3 1  0  0  3.963
  3 1  0  1  4.200
  3 1  0  2  4.109
  3 1  0  3  3.962
  3 1  0  4  3.859
  3 1  0  5  4.259
  3 1  0  6  3.928
  3 1  0  7  4.191
  3 1  0  8  4.082
  3 1  0  9  4.134
  3 1  0 10  4.285
  3 1  0 11  4.403
  3 1  0 12  4.397
  3 1  0 13  4.742
  3 1  0 14  4.490
  3 1  0 15  4.621
  3 1  0 16  4.939
  3 1  0 17  4.693
  3 1  0 18  4.436
  3 1  0 19  4.892
  3 1  0 20  4.766
  3 1  0 21  5.098
  3 1  0 22  5.126
  3 1  0 23  4.650
  3 1  1  0  3.927
  3 1  1  1  4.362
  3 1  1  2  4.302
  3 1  1  3  4.308
  3 1  1  4  4.259
  3 1  1  5  4.431
  3 1  1  6  3.972
  3 1  1  7  4.465
  3 1  1  8  4.618
  3 1  1  9  4.427
  3 1  1 10  4.325
  3 1  1 11  4.848
  3 1  1 12  4.951
  3 1  1 13  4.585
  3 1  1 14  4.802
  3 1  1 15  4.840
  3 1  1 16  5.030
  3 1  1 17  4.804
  3 1  1 18  4.651
  3 1  1 19  5.162
  3 1  1 20  5.303
  3 1  1 21  5.254
  3 1  1 22  5.231
  3 1  1 23  5.732
  3 1  2  0  4.257
  3 1  2  1  4.399
  3 1  2  2  4.421
  3 1  2  3  4.371
  3 1  2  4  4.365
  3 1  2  5  4.413
  3 1  2  6  4.226
  3 1  2  7  4.477
  3 1  2  8  4.536
  3 1  2  9  4.628
  3 1  2 10  4.651
  3 1  2 11  4.595
  3 1  2 12  4.802
  3 1  2 13  4.828
  3 1  2 14  4.723
  3 1  2 15  4.930
  3 1  2 16  4.774
  3 1  2 17  5.251
  3 1  2 18  5.339
  3 1  2 19  5.298
  3 1  2 20  5.571
  3 1  2 21  5.547
  3 1  2 22  5.773
  3 1  2 23  5.389
  3 1  3  0  4.271
  3 1  3  1  4.115
  3 1  3  2  4.349
  3 1  3  3  4.326
  3 1  3  4  4.261
  3 1  3  5  4.465
  3 1  3  6  4.126
  3 1  3  7  4.366
  3 1  3  8  4.361
  3 1  3  9  4.251
  3 1  3 10  4.288
  3 1  3 11  4.476
  3 1  3 12  4.668
  3 1  3 13  4.613
  3 1  3 14  4.780
  3 1  3 15  4.534
  3 1  3 16  4.552
  3 1  3 17  5.000
  3 1  3 18  4.757
  3 1  3 19  5.003
  3 1  3 20  5.145
  3 1  3 21  5.031
  3 1  3 22  5.362
  3 1  3 23  5.590
  3 1  4  0  3.986
  3 1  4  1  4.130
  3 1  4  2  4.222
  3 1  4  3  4.424
  3 1  4  4  4.337
  3 1  4  5  4.375
  3 1  4  6  4.326
  3 1  4  7  4.425
  3 1  4  8  4.399
  3 1  4  9  4.501
  3 1  4 10  4.247
  3 1  4 11  4.654
  3 1  4 12  4.612
  3 1  4 13  4.647
  3 1  4 14  4.689
  3 1  4 15  4.816
  3 1  4 16  4.963
  3 1  4 17  4.885
  3 1  4 18  4.868
  3 1  4 19  5.057
  3 1  4 20  4.810
  3 1  4 21  5.098
  3 1  4 22  5.421
  3 1  4 23  5.184
  3 1  5  0  4.258
  3 1  5  1  4.284
  3 1  5  2  4.332
  3 1  5  3  4.140
  3 1  5  4  4.234
  3 1  5  5  4.192
  3 1  5  6  4.333
  3 1  5  7  4.358
  3 1  5  8  4.386
  3 1  5  9  4.464
  3 1  5 10  4.532
  3 1  5 11  4.652
  3 1  5 12  4.698
  3 1  5 13  4.735
  3 1  5 14  4.780
  3 1  5 15  4.884
  3 1  5 16  5.049
  3 1  5 17  4.790
  3 1  5 18  4.973
  3 1  5 19  5.192
  3 1  5 20  4.840
  3 1  5 21  5.328
  3 1  5 22  5.144
  3 1  5 23  5.054
  3 1  6  0  4.082
  3 1  6  1  4.214
  3 1  6  2  4.281
  3 1  6  3  4.236
  3 1  6  4  4.174
  3 1  6  5  4.248
  3 1  6  6  4.388
  3 1  6  7  4.496
  3 1  6  8  4.590
  3 1  6  9  4.423
  3 1  6 10  4.616
  3 1  6 11  4.671
  3 1  6 12  4.887
  3 1  6 13  4.805
  3 1  6 14  4.463
  3 1  6 15  4.892
  3 1  6 16  4.951
  3 1  6 17  4.921
  3 1  6 18  4.895
  3 1  6 19  5.259
  3 1  6 20  5.239
  3 1  6 21  5.244
  3 1  6 22  5.265
  3 1  6 23  4.508
  3 1  7  0  4.321
  3 1  7  1  4.359
  3 1  7  2  4.446
  3 1  7  3  4.293
  3 1  7  4  4.475
  3 1  7  5  4.280
  3 1  7  6  4.482
  3 1  7  7  4.516
  3 1  7  8  4.629
  3 1  7  9  4.636
  3 1  7 10  4.719
  3 1  7 11  4.901
  3 1  7 12  4.660
  3 1  7 13  5.003
  3 1  7 14  5.264
  3 1  7 15  4.934
  3 1  7 16  4.937
  3 1  7 17  4.888
  3 1  7 18  5.306
  3 1  7 19  5.466
  3 1  7 20  5.548
  3 1  7 21  5.233
  3 1  7 22  5.139
  3 1  7 23  5.730
  3 1  8  0  4.555
  3 1  8  1  4.387
  3 1  8  2  4.338
  3 1  8  3  4.487
  3 1  8  4  4.531
  3 1  8  5  4.616
  3 1  8  6  4.587
  3 1  8  7  4.821
  3 1  8  8  4.591
  3 1  8  9  4.795
  3 1  8 10  4.964
  3 1  8 11  5.041
  3 1  8 12  4.932
  3 1  8 13  5.073
  3 1  8 14  5.183
  3 1  8 15  5.201
  3 1  8 16  5.053
  3 1  8 17  5.118
  3 1  8 18  5.289
  3 1  8 19  5.351
  3 1  8 20  5.098
  3 1  8 21  5.433
  3 1  8 22  5.361
  3 1  8 23  5.287
  3 1  9  0  3.935
  3 1  9  1  4.294
  3 1  9  2  4.479
  3 1  9  3  4.275
  3 1  9  4  4.440
  3 1  9  5  4.221
  3 1  9  6  4.408
  3 1  9  7  4.295
  3 1  9  8  4.562
  3 1  9  9  4.622
  3 1  9 10  4.559
  3 1  9 11  4.605
  3 1  9 12  4.869
  3 1  9 13  4.597
  3 1  9 14  5.170
  3 1  9 15  5.161
  3 1  9 16  4.965
  3 1  9 17  5.106
  3 1  9 18  4.910
  3 1  9 19  5.003
  3 1  9 20  5.006
  3 1  9 21  4.884
  3 1  9 22  5.525
  3 1  9 23  5.977
  3 1 10  0  4.214
  3 1 10  1  4.082
  3 1 10  2  4.187
  3 1 10  3  4.112
  3 1 10  4  3.883
  3 1 10  5  4.294
  3 1 10  6  4.534
  3 1 10  7  3.989
  3 1 10  8  4.463
  3 1 10  9  4.234
  3 1 10 10  4.696
  3 1 10 11  4.440
  3 1 10 12  4.372
  3 1 10 13  4.422
  3 1 10 14  4.751
  3 1 10 15  4.861
  3 1 10 16  4.694
  3 1 10 17  4.893
  3 1 10 18  4.914
  3 1 10 19  5.076
  3 1 10 20  4.938
  3 1 10 21  4.739
  3 1 10 22  5.104
  3 1 10 23  4.891
 15 0  0  0  2.122
 15 0  0  1  2.477
 15 0  0  2  1.899
 15 0  0  3  2.156
 15 0  0  4  2.040
 15 0  0  5  2.485
 15 0  0  6  2.147
 15 0  0  7  2.866
 15 0  0  8  2.376
 15 0  0  9  2.928
 15 0  0 10  2.681
 15 0  0 11  2.695
 15 0  0 12  2.342
 15 0  0 13  3.363
 15 0  0 14  2.446
 15 0  0 15  2.649
 15 0  0 16  2.746
 15 0  0 17  2.494
 15 0  0 18  3.003
 15 0  0 19  3.076
 15 0  0 20  3.240
 15 0  0 21 999.999
 15 0  0 22  3.053
 15 0  0 23  2.266
 15 0  0 24  2.590
 15 0  0 25  2.242
 15 0  0 26 999.999
 15 0  0 27 999.999
 15 0  0 28 999.999
 15 0  0 29 999.999
 15 0  0 30 999.999
 15 0  0 31  2.239
 15 0  0 32  1.753
 15 0  0 33  2.215
 15 0  0 34  2.362
 15 0  0 35  2.225
 15 0  0 36  2.200
 15 0  0 37  2.824
 15 0  0 38  3.073
 15 0  0 39  2.623
 15 0  1  0  2.000
 15 0  1  1  2.329
 15 0  1  2  2.448
 15 0  1  3  2.050
 15 0  1  4  2.232
 15 0  1  5  2.255
 15 0  1  6  2.325
 15 0  1  7  2.034
 15 0  1  8  2.222
 15 0  1  9  2.204
 15 0  1 10  2.071
 15 0  1 11  2.056
 15 0  1 12  2.084
 15 0  1 13  2.501
 15 0  1 14  2.370
 15 0  1 15  2.780
 15 0  1 16  2.830
 15 0  1 17  2.966
 15 0  1 18  3.003
 15 0  1 19  3.036
 15 0  1 20  3.057
 15 0  1 21  3.161
 15 0  1 22  3.081
 15 0  1 23  3.189
 15 0  1 24  3.010
 15 0  1 25  3.004
 15 0  1 26  2.705
 15 0  1 27  2.909
 15 0  1 28  2.995
 15 0  1 29  2.736
 15 0  1 30  3.368
 15 0  1 31  3.362
 15 0  1 32  3.039
 15 0  1 33  2.797
 15 0  1 34  2.946
 15 0  1 35  2.750
 15 0  1 36  3.059
 15 0  1 37  2.663
 15 0  1 38  2.690
 15 0  1 39  2.570
 15 0  2  0  2.021
 15 0  2  1  2.297
 15 0  2  2  2.019
 15 0  2  3  2.154
 15 0  2  4  2.079
 15 0  2  5  2.118
 15 0  2  6  1.989
 15 0  2  7  1.965
 15 0  2  8  1.840
 15 0  2  9  1.859
 15 0  2 10  1.773
 15 0  2 11  2.098
 15 0  2 12  2.172
 15 0  2 13  2.198
 15 0  2 14  1.977
 15 0  2 15  2.262
 15 0  2 16  1.912
 15 0  2 17  2.144
 15 0  2 18  2.069
 15 0  2 19  2.174
 15 0  2 20  2.237
 15 0  2 21  2.174
 15 0  2 22  2.375
 15 0  2 23  2.540
 15 0  2 24  2.849
 15 0  2 25  2.759
 15 0  2 26  2.790
 15 0  2 27  2.898
 15 0  2 28  3.075
 15 0  2 29  3.226
 15 0  2 30  3.034
 15 0  2 31  2.958
 15 0  2 32  2.874
 15 0  2 33  3.181
 15 0  2 34  2.899
 15 0  2 35  2.794
 15 0  2 36  2.689
 15 0  2 37  2.747
 15 0  2 38  2.934
 15 0  2 39  3.080
 15 0  3  0  2.542
 15 0  3  1  2.828
 15 0  3  2  2.696
 15 0  3  3  2.831
 15 0  3  4  2.634
 15 0  3  5  2.675
 15 0  3  6  2.309
 15 0  3  7  2.345
 15 0  3  8  2.276
 15 0  3  9  2.303
 15 0  3 10  2.404
 15 0  3 11  2.113
 15 0  3 12  2.031
 15 0  3 13  1.937
 15 0  3 14  1.908
 15 0  3 15  1.912
 15 0  3 16  1.818
 15 0  3 17  1.819
 15 0  3 18  1.812
 15 0  3 19  2.040
 15 0  3 20  1.626
 15 0  3 21  1.790
 15 0  3 22  1.788
 15 0  3 23  1.970
 15 0  3 24  1.811
 15 0  3 25  1.979
 15 0  3 26  2.016
 15 0  3 27  1.982
 15 0  3 28  1.825
 15 0  3 29  2.087
 15 0  3 30  2.355
 15 0  3 31  2.813
 15 0  3 32  3.090
 15 0  3 33  2.693
 15 0  3 34  2.812
 15 0  3 35  2.715
 15 0  3 36  3.025
 15 0  3 37  2.562
 15 0  3 38  3.076
 15 0  3 39  3.010
 15 0  4  0  3.230
 15 0  4  1  2.958
 15 0  4  2  2.562
 15 0  4  3  2.554
 15 0  4  4  1.556
 15 0  4  5  1.602
 15 0  4  6  1.355
 15 0  4  7  1.670
 15 0  4  8  1.937
 15 0  4  9  2.425
 15 0  4 10  2.605
 15 0  4 11  2.439
 15 0  4 12  2.714
 15 0  4 13  2.829
 15 0  4 14  2.648
 15 0  4 15  2.793
 15 0  4 16  2.680
 15 0  4 17  2.722
 15 0  4 18  2.810
 15 0  4 19  2.839
 15 0  4 20  2.933
 15 0  4 21  2.829
 15 0  4 22  2.991
 15 0  4 23  2.556
 15 0  4 24  2.712
 15 0  4 25  2.413
 15 0  4 26  2.242
 15 0  4 27  1.852
 15 0  4 28  1.628
 15 0  4 29  1.508
 15 0  4 30  1.400
 15 0  4 31  1.672
 15 0  4 32  2.201
 15 0  4 33  2.302
 15 0  4 34  2.624
 15 0  4 35  2.100
 15 0  4 36  1.832
 15 0  4 37  1.455
 15 0  4 38  1.388
 15 0  4 39  1.752
 15 0  5  0  3.305
 15 0  5  1  2.942
 15 0  5  2  2.907
 15 0  5  3  3.232
 15 0  5  4  3.181
 15 0  5  5  3.412
 15 0  5  6  3.272
 15 0  5  7  3.274
 15 0  5  8  2.996
 15 0  5  9  2.850
 15 0  5 10  2.967
 15 0  5 11  2.856
 15 0  5 12  2.432
 15 0  5 13  2.109
 15 0  5 14  2.018
 15 0  5 15  1.924
 15 0  5 16  2.121
 15 0  5 17  2.140
 15 0  5 18  2.150
 15 0  5 19  2.025
 15 0  5 20  2.120
 15 0  5 21  2.439
 15 0  5 22  2.535
 15 0  5 23  2.348
 15 0  5 24  2.377
 15 0  5 25  2.307
 15 0  5 26  2.332
 15 0  5 27  2.314
 15 0  5 28  2.692
 15 0  5 29  2.631
 15 0  5 30  2.461
 15 0  5 31 999.999
 15 0  5 32  2.512
 15 0  5 33  2.507
 15 0  5 34  2.406
 15 0  5 35  2.324
 15 0  5 36  2.284
 15 0  5 37  1.847
 15 0  5 38  2.137
 15 0  5 39  2.050
 15 0  6  0  3.247
 15 0  6  1  3.196
 15 0  6  2  3.619
 15 0  6  3  3.339
 15 0  6  4  2.790
 15 0  6  5  3.159
 15 0  6  6  2.918
 15 0  6  7  3.456
 15 0  6  8  2.968
 15 0  6  9  2.967
 15 0  6 10  2.903
 15 0  6 11  2.890
 15 0  6 12  2.823
 15 0  6 13  3.152
 15 0  6 14  3.082
 15 0  6 15  2.851
 15 0  6 16  3.076
 15 0  6 17  3.090
 15 0  6 18  3.008
 15 0  6 19  2.963
 15 0  6 20  2.397
 15 0  6 21  2.399
 15 0  6 22  2.230
 15 0  6 23  2.338
 15 0  6 24  2.239
 15 0  6 25  2.419
 15 0  6 26  2.498
 15 0  6 27  2.377
 15 0  6 28  2.350
 15 0  6 29  2.352
 15 0  6 30  2.524
 15 0  6 31  2.509
 15 0  6 32  2.398
 15 0  6 33  2.526
 15 0  6 34  2.534
 15 0  6 35  2.652
 15 0  6 36  2.353
 15 0  6 37  2.218
 15 0  6 38  2.547
 15 0  6 39  2.681
 15 0  7  0  2.204
 15 0  7  1  2.630
 15 0  7  2  2.301
 15 0  7  3  2.821
 15 0  7  4  2.345
 15 0  7  5  2.770
 15 0  7  6  2.749
 15 0  7  7  2.723
 15 0  7  8  3.106
 15 0  7  9  2.770
 15 0  7 10  3.221
 15 0  7 11  2.997
 15 0  7 12  2.835
 15 0  7 13  2.762
 15 0  7 14  3.058
 15 0  7 15  2.997
 15 0  7 16  2.951
 15 0  7 17  3.173
 15 0  7 18  3.199
 15 0  7 19  3.105
 15 0  7 20  3.362
 15 0  7 21  3.274
 15 0  7 22  3.222
 15 0  7 23  2.914
 15 0  7 24  3.013
 15 0  7 25  3.027
 15 0  7 26  3.262
 15 0  7 27  2.895
 15 0  7 28  2.629
 15 0  7 29  2.952
 15 0  7 30  2.406
 15 0  7 31  2.550
 15 0  7 32  2.247
 15 0  7 33  2.365
 15 0  7 34  2.412
 15 0  7 35  2.188
 15 0  7 36  2.359
 15 0  7 37  2.366
 15 0  7 38  2.393
 15 0  7 39  2.220
 15 1  0  0  2.518
 15 1  0  1  3.124
 15 1  0  2  2.906
 15 1  0  3  3.169
 15 1  0  4  3.151
 15 1  0  5  3.557
 15 1  0  6  3.067
 15 1  0  7  2.889
 15 1  0  8  3.189
 15 1  0  9  3.207
 15 1  0 10  3.113
 15 1  0 11  3.651
 15 1  0 12  3.009
 15 1  0 13  3.198
 15 1  0 14  3.412
 15 1  0 15  3.032
 15 1  0 16  2.940
 15 1  0 17  2.975
 15 1  0 18  3.265
 15 1  0 19  3.359
 15 1  0 20  3.111
 15 1  0 21  3.063
 15 1  0 22  3.214
 15 1  0 23  3.052
 15 1  0 24  3.146
 15 1  0 25  3.027
 15 1  0 26  3.176
 15 1  0 27  3.337
 15 1  0 28  2.779
 15 1  0 29  2.913
 15 1  0 30  3.008
 15 1  0 31  3.372
 15 1  0 32  2.875
 15 1  0 33  3.432
 15 1  0 34  2.845
 15 1  0 35  3.065
 15 1  0 36  3.020
 15 1  0 37  3.423
 15 1  0 38  2.946
 15 1  0 39  2.894
 15 1  1  0  3.341
 15 1  1  1  3.151
 15 1  1  2  2.937
 15 1  1  3  3.403
 15 1  1  4  3.576
 15 1  1  5  3.007
 15 1  1  6  2.965
 15 1  1  7  3.137
 15 1  1  8  3.176
 15 1  1  9  2.832
 15 1  1 10  2.936
 15 1  1 11  3.303
 15 1  1 12  2.985
 15 1  1 13  2.890
 15 1  1 14  2.953
 15 1  1 15  3.269
 15 1  1 16  2.553
 15 1  1 17  2.999
 15 1  1 18  2.911
 15 1  1 19  2.922
 15 1  1 20  2.798
 15 1  1 21  3.157
 15 1  1 22  2.786
 15 1  1 23  2.846
 15 1  1 24  3.128
 15 1  1 25  3.029
 15 1  1 26  3.165
 15 1  1 27  3.756
 15 1  1 28  2.790
 15 1  1 29  3.264
 15 1  1 30  2.600
 15 1  1 31  3.070
 15 1  1 32  3.230
 15 1  1 33  2.717
 15 1  1 34  3.075
 15 1  1 35  3.773
 15 1  1 36  3.065
 15 1  1 37  3.228
 15 1  1 38  2.866
 15 1  1 39  3.542
 15 1  2  0  3.063
 15 1  2  1  2.826
 15 1  2  2  3.129
 15 1  2  3  2.977
 15 1  2  4  3.009
 15 1  2  5  2.890
 15 1  2  6  2.662
 15 1  2  7  2.385
 15 1  2  8  2.783
 15 1  2  9  2.612
 15 1  2 10  2.558
 15 1  2 11  2.801
 15 1  2 12  2.544
 15 1  2 13  2.560
 15 1  2 14  2.587
 15 1  2 15  2.615
 15 1  2 16  2.444
 15 1  2 17 999.999
 15 1  2 18  2.565
 15 1  2 19  2.610
 15 1  2 20  3.032
 15 1  2 21  2.822
 15 1  2 22  2.360
 15 1  2 23  2.615
 15 1  2 24  2.710
 15 1  2 25  2.555
 15 1  2 26  2.960
 15 1  2 27  2.625
 15 1  2 28  2.771
 15 1  2 29  2.805
 15 1  2 30  2.719
 15 1  2 31  2.916
 15 1  2 32  2.961
 15 1  2 33  2.638
 15 1  2 34  2.441
 15 1  2 35  2.860
 15 1  2 36  3.064
 15 1  2 37  3.458
 15 1  2 38  2.821
 15 1  2 39  3.307
 15 1  3  0  3.008
 15 1  3  1  2.689
 15 1  3  2  3.044
 15 1  3  3  2.635
 15 1  3  4  2.875
 15 1  3  5  2.584
 15 1  3  6  2.590
 15 1  3  7  2.521
 15 1  3  8  2.436
 15 1  3  9  2.201
 15 1  3 10  2.310
 15 1  3 11  2.420
 15 1  3 12  2.405
 15 1  3 13  2.293
 15 1  3 14  2.382
 15 1  3 15  2.413
 15 1  3 16  2.392
 15 1  3 17  2.313
 15 1  3 18  2.298
 15 1  3 19  2.494
 15 1  3 20  2.442
 15 1  3 21  2.630
 15 1  3 22  2.701
 15 1  3 23  2.236
 15 1  3 24  2.192
 15 1  3 25  2.412
 15 1  3 26  2.611
 15 1  3 27  2.453
 15 1  3 28  2.744
 15 1  3 29  2.477
 15 1  3 30  2.427
 15 1  3 31  2.631
 15 1  3 32  2.416
 15 1  3 33  2.861
 15 1  3 34  2.718
 15 1  3 35  2.640
 15 1  3 36  2.561
 15 1  3 37  3.048
 15 1  3 38  2.893
 15 1  3 39  2.979
 15 1  4  0  3.233
 15 1  4  1  3.042
 15 1  4  2  2.983
 15 1  4  3  2.940
 15 1  4  4  2.993
 15 1  4  5  2.913
 15 1  4  6  2.916
 15 1  4  7  2.596
 15 1  4  8  2.576
 15 1  4  9  2.547
 15 1  4 10  2.738
 15 1  4 11  2.578
 15 1  4 12  2.674
 15 1  4 13  2.854
 15 1  4 14  2.432
 15 1  4 15  2.810
 15 1  4 16  2.633
 15 1  4 17  2.613
 15 1  4 18  2.473
 15 1  4 19 999.999
 15 1  4 20  2.983
 15 1  4 21  2.732
 15 1  4 22  2.802
 15 1  4 23  2.989
 15 1  4 24  2.685
 15 1  4 25  2.813
 15 1  4 26  2.685
 15 1  4 27  2.677
 15 1  4 28  2.945
 15 1  4 29  2.548
 15 1  4 30  2.651
 15 1  4 31  2.925
 15 1  4 32  2.887
 15 1  4 33  2.953
 15 1  4 34  2.672
 15 1  4 35  3.241
 15 1  4 36  2.812
 15 1  4 37  2.859
 15 1  4 38  2.755
 15 1  4 39  2.704
 15 1  5  0  4.279
 15 1  5  1  3.409
 15 1  5  2  3.539
 15 1  5  3  3.423
 15 1  5  4  3.255
 15 1  5  5  3.271
 15 1  5  6  3.193
 15 1  5  7  3.096
 15 1  5  8  3.259
 15 1  5  9  3.257
 15 1  5 10  3.242
 15 1  5 11  3.215
 15 1  5 12  3.273
 15 1  5 13  3.341
 15 1  5 14  2.872
 15 1  5 15  3.082
 15 1  5 16  3.274
 15 1  5 17  3.007
 15 1  5 18  3.004
 15 1  5 19  3.170
 15 1  5 20  2.792
 15 1  5 21  2.949
 15 1  5 22  2.982
 15 1  5 23  3.028
 15 1  5 24  3.398
 15 1  5 25  3.018
 15 1  5 26  3.039
 15 1  5 27  3.283
 15 1  5 28  3.073
 15 1  5 29  3.030
 15 1  5 30  3.081
 15 1  5 31  3.398
 15 1  5 32  3.070
 15 1  5 33  3.068
 15 1  5 34  3.658
 15 1  5 35  3.216
 15 1  5 36  3.899
 15 1  5 37  3.465
 15 1  5 38  3.374
 15 1  5 39  3.757
 15 1  6  0  3.446
 15 1  6  1  3.974
 15 1  6  2  3.204
 15 1  6  3  4.364
 15 1  6  4  3.709
 15 1  6  5  3.426
 15 1  6  6  3.623
 15 1  6  7  3.143
 15 1  6  8  3.500
 15 1  6  9  3.683
 15 1  6 10  3.331
 15 1  6 11  3.399
 15 1  6 12  3.674
 15 1  6 13  3.845
 15 1  6 14  3.354
 15 1  6 15  3.602
 15 1  6 16  3.317
 15 1  6 17  3.628
 15 1  6 18  3.172
 15 1  6 19  3.675
 15 1  6 20  3.417
 15 1  6 21  3.680
 15 1  6 22  3.071
 15 1  6 23  3.082
 15 1  6 24  3.230
 15 1  6 25  3.422
 15 1  6 26  3.219
 15 1  6 27  3.089
 15 1  6 28  3.568
 15 1  6 29  3.365
 15 1  6 30  3.664
 15 1  6 31  3.392
 15 1  6 32  3.648
 15 1  6 33  3.828
 15 1  6 34  3.333
 15 1  6 35  3.581
 15 1  6 36  3.702
 15 1  6 37  3.522
 15 1  6 38  3.564
 15 1  6 39  3.417
 15 1  7  0  3.203
 15 1  7  1  3.654
 15 1  7  2  3.391
 15 1  7  3  3.923
 15 1  7  4  3.795
 15 1  7  5  3.470
 15 1  7  6  3.349
 15 1  7  7  2.826
 15 1  7  8  3.628
 15 1  7  9  3.229
 15 1  7 10  3.587
 15 1  7 11  3.419
 15 1  7 12  3.505
 15 1  7 13  3.236
 15 1  7 14  3.398
 15 1  7 15  3.725
 15 1  7 16  3.245
 15 1  7 17  3.672
 15 1  7 18  2.852
 15 1  7 19  3.315
 15 1  7 20  3.541
 15 1  7 21  3.313
 15 1  7 22  3.123
 15 1  7 23  3.371
 15 1  7 24 999.999
 15 1  7 25  2.952
 15 1  7 26  3.239
 15 1  7 27  3.392
 15 1  7 28  3.275
 15 1  7 29  3.134
 15 1  7 30  3.536
 15 1  7 31  3.529
 15 1  7 32 999.999
 15 1  7 33  3.720
 15 1  7 34  3.231
 15 1  7 35  4.485
 15 1  7 36  3.082
 15 1  7 37  3.006
 15 1  7 38  3.606
 15 1  7 39  3.299
 15 0  0 40  3.149
 15 0  0 41  3.204
 15 0  0 42  3.471
 15 0  0 43  4.257
 15 0  0 44  3.829
 15 0  0 45  3.370
 15 0  0 46  3.407
 15 0  0 47  3.092
 15 0  0 48  2.903
 15 0  0 49  2.650
 15 0  0 50  3.142
 15 0  0 51  3.121
 15 0  0 52  3.194
 15 0  0 53  3.863
 15 0  0 54 999.999
 15 0  0 55 999.999
 15 0  0 56  3.686
 15 0  0 57  4.063
 15 0  0 58  4.629
 15 0  0 59  3.351
 15 0  0 60  3.375
 15 0  0 61  3.294
 15 0  0 62  3.457
 15 0  0 63  3.835
 15 0  0 64  4.328
 15 0  0 65  4.067
 15 0  0 66  3.416
 15 0  0 67  2.831
 15 0  0 68  2.487
 15 0  0 69  2.851
 15 0  0 70  2.845
 15 0  0 71  2.828
 15 0  0 72  2.954
 15 0  0 73  3.495
 15 0  0 74  3.152
 15 0  0 75  3.239
 15 0  0 76  3.879
 15 0  0 77  3.864
 15 0  0 78 999.999
 15 0  0 79  3.521
 15 0  1 40  3.272
 15 0  1 41  3.221
 15 0  1 42  3.497
 15 0  1 43  3.817
 15 0  1 44  3.954
 15 0  1 45  3.627
 15 0  1 46  3.656
 15 0  1 47  3.203
 15 0  1 48  2.892
 15 0  1 49  3.039
 15 0  1 50  2.938
 15 0  1 51  2.801
 15 0  1 52  2.848
 15 0  1 53  3.141
 15 0  1 54  3.290
 15 0  1 55  3.353
 15 0  1 56  3.283
 15 0  1 57  3.506
 15 0  1 58  4.077
 15 0  1 59  3.841
 15 0  1 60  3.709
 15 0  1 61  3.872
 15 0  1 62  3.360
 15 0  1 63  3.528
 15 0  1 64  3.263
 15 0  1 65  3.823
 15 0  1 66  3.570
 15 0  1 67  3.750
 15 0  1 68  2.993
 15 0  1 69  3.385
 15 0  1 70  2.993
 15 0  1 71  2.780
 15 0  1 72  2.747
 15 0  1 73  2.668
 15 0  1 74  2.789
 15 0  1 75  3.288
 15 0  1 76  3.324
 15 0  1 77  3.239
 15 0  1 78  4.036
 15 0  1 79  3.626
 15 0  2 40  5.774
 15 0  2 41  3.347
 15 0  2 42  3.244
 15 0  2 43  3.401
 15 0  2 44  3.402
 15 0  2 45  3.915
 15 0  2 46  3.422
 15 0  2 47  3.914
 15 0  2 48  3.355
 15 0  2 49  3.131
 15 0  2 50  3.353
 15 0  2 51  3.407
 15 0  2 52  3.042
 15 0  2 53  3.004
 15 0  2 54  3.132
 15 0  2 55  2.880
 15 0  2 56  3.053
 15 0  2 57  3.238
 15 0  2 58  3.750
 15 0  2 59  3.218
 15 0  2 60  3.775
 15 0  2 61  2.864
 15 0  2 62  2.741
 15 0  2 63  3.110
 15 0  2 64  3.266
 15 0  2 65  3.317
 15 0  2 66  3.621
 15 0  2 67  3.952
 15 0  2 68  3.563
 15 0  2 69  3.844
 15 0  2 70  3.940
 15 0  2 71  3.403
 15 0  2 72  3.543
 15 0  2 73  3.746
 15 0  2 74  2.830
 15 0  2 75  2.781
 15 0  2 76  2.790
 15 0  2 77  2.849
 15 0  2 78  3.250
 15 0  2 79  3.585
 15 0  3 40  3.705
 15 0  3 41  3.003
 15 0  3 42  2.588
 15 0  3 43  2.939
 15 0  3 44  2.904
 15 0  3 45  3.144
 15 0  3 46  2.919
 15 0  3 47  3.623
 15 0  3 48  3.508
 15 0  3 49  3.638
 15 0  3 50  3.997
 15 0  3 51  3.543
 15 0  3 52  3.455
 15 0  3 53  3.825
 15 0  3 54  3.915
 15 0  3 55  3.832
 15 0  3 56  3.120
 15 0  3 57  2.983
 15 0  3 58  3.082
 15 0  3 59  3.770
 15 0  3 60  3.935
 15 0  3 61  3.860
 15 0  3 62  2.781
 15 0  3 63  2.998
 15 0  3 64  2.783
 15 0  3 65  2.783
 15 0  3 66  2.800
 15 0  3 67  2.873
 15 0  3 68  3.074
 15 0  3 69  3.022
 15 0  3 70  3.314
 15 0  3 71  3.119
 15 0  3 72  3.807
 15 0  3 73  4.352
 15 0  3 74  3.544
 15 0  3 75  3.645
 15 0  3 76  3.677
 15 0  3 77  4.058
 15 0  3 78  3.186
 15 0  3 79  2.997
 15 0  4 40 999.999
 15 0  4 41  3.083
 15 0  4 42  3.255
 15 0  4 43  3.882
 15 0  4 44  3.897
 15 0  4 45  3.334
 15 0  4 46  2.796
 15 0  4 47  3.003
 15 0  4 48  2.869
 15 0  4 49  2.934
 15 0  4 50  3.324
 15 0  4 51  2.701
 15 0  4 52  2.981
 15 0  4 53  2.993
 15 0  4 54  3.608
 15 0  4 55  3.975
 15 0  4 56  4.013
 15 0  4 57  3.726
 15 0  4 58  3.785
 15 0  4 59  4.267
 15 0  4 60  3.489
 15 0  4 61  3.150
 15 0  4 62  2.559
 15 0  4 63  2.867
 15 0  4 64  3.181
 15 0  4 65  3.460
 15 0  4 66  3.569
 15 0  4 67  3.499
 15 0  4 68  3.108
 15 0  4 69  3.507
 15 0  4 70  3.533
 15 0  4 71  2.742
 15 0  4 72  3.107
 15 0  4 73  3.070
 15 0  4 74  2.719
 15 0  4 75  3.165
 15 0  4 76  3.715
 15 0  4 77  3.620
 15 0  4 78  3.959
 15 0  4 79  3.894
 15 0  5 40  3.754
 15 0  5 41  3.292
 15 0  5 42  2.788
 15 0  5 43  2.638
 15 0  5 44  2.846
 15 0  5 45  2.886
 15 0  5 46  2.823
 15 0  5 47  3.499
 15 0  5 48  3.595
 15 0  5 49  3.193
 15 0  5 50  3.053
 15 0  5 51  3.246
 15 0  5 52  3.185
 15 0  5 53  3.463
 15 0  5 54  2.810
 15 0  5 55  3.410
 15 0  5 56  3.370
 15 0  5 57  3.325
 15 0  5 58  3.725
 15 0  5 59  3.609
 15 0  5 60  2.943
 15 0  5 61  3.418
 15 0  5 62  2.753
 15 0  5 63  2.647
 15 0  5 64  2.712
 15 0  5 65  2.757
 15 0  5 66  2.774
 15 0  5 67  2.931
 15 0  5 68  2.833
 15 0  5 69  3.176
 15 0  5 70  3.003
 15 0  5 71  3.463
 15 0  5 72  3.535
 15 0  5 73  3.258
 15 0  5 74  2.806
 15 0  5 75  3.203
 15 0  5 76  3.715
 15 0  5 77  3.070
 15 0  5 78  3.770
 15 0  5 79  4.839
 15 0  6 40  4.330
 15 0  6 41  3.077
 15 0  6 42  3.410
 15 0  6 43  2.715
 15 0  6 44  2.926
 15 0  6 45  3.164
 15 0  6 46  2.371
 15 0  6 47  2.902
 15 0  6 48  3.040
 15 0  6 49  2.905
 15 0  6 50  2.843
 15 0  6 51  3.095
 15 0  6 52  3.657
 15 0  6 53  3.289
 15 0  6 54  3.261
 15 0  6 55  3.268
 15 0  6 56  3.608
 15 0  6 57  3.580
 15 0  6 58  4.431
 15 0  6 59  3.890
 15 0  6 60  3.674
 15 0  6 61  3.672
 15 0  6 62  3.301
 15 0  6 63  2.968
 15 0  6 64  3.223
 15 0  6 65  3.400
 15 0  6 66  2.653
 15 0  6 67  2.902
 15 0  6 68  2.608
 15 0  6 69  2.655
 15 0  6 70  2.685
 15 0  6 71  2.732
 15 0  6 72  3.040
 15 0  6 73  3.002
 15 0  6 74  3.553
 15 0  6 75  3.236
 15 0  6 76  3.494
 15 0  6 77  3.383
 15 0  6 78  4.681
 15 0  6 79  3.464
 15 0  7 40  3.492
 15 0  7 41  3.668
 15 0  7 42  3.704
 15 0  7 43  3.390
 15 0  7 44  3.170
 15 0  7 45  3.526
 15 0  7 46  2.609
 15 0  7 47  2.934
 15 0  7 48  2.496
 15 0  7 49  2.823
 15 0  7 50  3.000
 15 0  7 51  2.879
 15 0  7 52  2.966
 15 0  7 53  2.954
 15 0  7 54  3.271
 15 0  7 55  3.429
 15 0  7 56  3.760
 15 0  7 57  3.507
 15 0  7 58  4.748
 15 0  7 59  3.206
 15 0  7 60  3.767
 15 0  7 61 999.999
 15 0  7 62  3.171
 15 0  7 63  3.522
 15 0  7 64  3.518
 15 0  7 65  3.874
 15 0  7 66  2.652
 15 0  7 67  2.637
 15 0  7 68  2.398
 15 0  7 69  2.594
 15 0  7 70  2.879
 15 0  7 71  3.197
 15 0  7 72  3.096
 15 0  7 73  3.322
 15 0  7 74  3.264
 15 0  7 75 999.999
 15 0  7 76  3.471
 15 0  7 77  3.255
 15 0  7 78  4.950
 15 0  7 79 999.999
 15 1  0 40  5.399
 15 1  0 41  6.034
 15 1  0 42  6.535
 15 1  0 43  5.548
 15 1  0 44  5.520
 15 1  0 45  5.413
 15 1  0 46  5.571
 15 1  0 47  5.234
 15 1  0 48  4.885
 15 1  0 49  5.001
 15 1  0 50  5.357
 15 1  0 51  5.389
 15 1  0 52  5.840
 15 1  0 53  5.528
 15 1  0 54  5.413
 15 1  0 55  5.087
 15 1  0 56  5.547
 15 1  0 57  5.904
 15 1  0 58  6.455
 15 1  0 59  5.212
 15 1  0 60  5.173
 15 1  0 61  5.871
 15 1  0 62  5.563
 15 1  0 63  5.268
 15 1  0 64  6.205
 15 1  0 65  5.701
 15 1  0 66  5.366
 15 1  0 67  5.850
 15 1  0 68  4.822
 15 1  0 69  5.342
 15 1  0 70  4.807
 15 1  0 71  5.547
 15 1  0 72  4.990
 15 1  0 73  5.325
 15 1  0 74 999.999
 15 1  0 75  5.755
 15 1  0 76  5.246
 15 1  0 77  5.632
 15 1  0 78  6.348
 15 1  0 79  4.930
 15 1  1 40  6.023
 15 1  1 41  5.936
 15 1  1 42  5.674
 15 1  1 43  5.175
 15 1  1 44  6.341
 15 1  1 45  5.680
 15 1  1 46  5.843
 15 1  1 47  5.839
 15 1  1 48  4.666
 15 1  1 49  5.904
 15 1  1 50  5.026
 15 1  1 51  5.158
 15 1  1 52  5.786
 15 1  1 53  5.473
 15 1  1 54  5.227
 15 1  1 55  5.139
 15 1  1 56  5.296
 15 1  1 57  6.118
 15 1  1 58  6.877
 15 1  1 59  5.694
 15 1  1 60  5.434
 15 1  1 61  5.511
 15 1  1 62  5.805
 15 1  1 63  5.545
 15 1  1 64  5.876
 15 1  1 65  5.689
 15 1  1 66  5.826
 15 1  1 67  5.892
 15 1  1 68  5.592
 15 1  1 69  5.136
 15 1  1 70  5.084
 15 1  1 71  5.199
 15 1  1 72  5.102
 15 1  1 73  5.533
 15 1  1 74  5.559
 15 1  1 75  5.243
 15 1  1 76  5.580
 15 1  1 77  5.164
 15 1  1 78  6.151
 15 1  1 79  5.097
 15 1  2 40 999.999
 15 1  2 41  5.654
 15 1  2 42  5.353
 15 1  2 43  5.232
 15 1  2 44  5.371
 15 1  2 45  5.560
 15 1  2 46  5.840
 15 1  2 47  5.739
 15 1  2 48  6.086
 15 1  2 49  5.871
 15 1  2 50 999.999
 15 1  2 51  5.313
 15 1  2 52  5.017
 15 1  2 53  4.975
 15 1  2 54  5.626
 15 1  2 55  5.540
 15 1  2 56  5.636
 15 1  2 57  5.015
 15 1  2 58  6.254
 15 1  2 59  5.541
 15 1  2 60  5.739
 15 1  2 61  5.155
 15 1  2 62  5.513
 15 1  2 63  6.017
 15 1  2 64  5.507
 15 1  2 65  5.308
 15 1  2 66  5.668
 15 1  2 67  5.554
 15 1  2 68  5.562
 15 1  2 69  5.261
 15 1  2 70  5.256
 15 1  2 71  5.733
 15 1  2 72  5.102
 15 1  2 73  5.092
 15 1  2 74  5.130
 15 1  2 75 999.999
 15 1  2 76  5.125
 15 1  2 77  4.931
 15 1  2 78  5.358
 15 1  2 79  4.919
 15 1  3 40  5.625
 15 1  3 41  5.683
 15 1  3 42  5.178
 15 1  3 43  5.495
 15 1  3 44  5.571
 15 1  3 45  5.752
 15 1  3 46  5.506
 15 1  3 47  5.346
 15 1  3 48  5.230
 15 1  3 49  5.577
 15 1  3 50 999.999
 15 1  3 51  6.092
 15 1  3 52  5.645
 15 1  3 53  5.651
 15 1  3 54  5.547
 15 1  3 55  5.841
 15 1  3 56  6.205
 15 1  3 57  5.503
 15 1  3 58  5.272
 15 1  3 59  4.556
 15 1  3 60  6.019
 15 1  3 61  6.092
 15 1  3 62  5.533
 15 1  3 63  5.869
 15 1  3 64  5.183
 15 1  3 65  5.333
 15 1  3 66  5.585
 15 1  3 67 999.999
 15 1  3 68  5.947
 15 1  3 69  5.098
 15 1  3 70  4.846
 15 1  3 71  5.626
 15 1  3 72  6.059
 15 1  3 73  5.699
 15 1  3 74  5.992
 15 1  3 75  5.616
 15 1  3 76  5.797
 15 1  3 77  5.654
 15 1  3 78  5.598
 15 1  3 79  5.414
 15 1  4 40  6.272
 15 1  4 41  5.829
 15 1  4 42  5.625
 15 1  4 43  5.309
 15 1  4 44  5.246
 15 1  4 45  5.299
 15 1  4 46  5.659
 15 1  4 47  5.312
 15 1  4 48  5.539
 15 1  4 49  4.816
 15 1  4 50  5.161
 15 1  4 51  5.352
 15 1  4 52  5.365
 15 1  4 53  5.079
 15 1  4 54  5.952
 15 1  4 55  6.306
 15 1  4 56  5.674
 15 1  4 57  5.734
 15 1  4 58  5.843
 15 1  4 59  6.043
 15 1  4 60  6.718
 15 1  4 61  6.127
 15 1  4 62  5.544
 15 1  4 63  5.743
 15 1  4 64  5.606
 15 1  4 65  5.455
 15 1  4 66  4.836
 15 1  4 67  5.101
 15 1  4 68  5.567
 15 1  4 69  5.067
 15 1  4 70  4.967
 15 1  4 71  5.167
 15 1  4 72  5.381
 15 1  4 73  4.614
 15 1  4 74  5.533
 15 1  4 75  5.449
 15 1  4 76  5.713
 15 1  4 77  5.443
 15 1  4 78  6.083
 15 1  4 79  6.026
 15 1  5 40  6.482
 15 1  5 41  6.215
 15 1  5 42  5.628
 15 1  5 43  5.559
 15 1  5 44  5.478
 15 1  5 45  5.128
 15 1  5 46  5.361
 15 1  5 47  5.571
 15 1  5 48  5.466
 15 1  5 49  5.254
 15 1  5 50  5.114
 15 1  5 51  4.948
 15 1  5 52  5.373
 15 1  5 53  5.058
 15 1  5 54  5.187
 15 1  5 55  5.105
 15 1  5 56  5.345
 15 1  5 57  5.770
 15 1  5 58  6.055
 15 1  5 59  5.886
 15 1  5 60  6.843
 15 1  5 61  5.800
 15 1  5 62  5.891
 15 1  5 63  5.831
 15 1  5 64  5.589
 15 1  5 65  5.134
 15 1  5 66  5.325
 15 1  5 67  5.582
 15 1  5 68  5.581
 15 1  5 69  5.203
 15 1  5 70  4.852
 15 1  5 71  4.847
 15 1  5 72  5.782
 15 1  5 73  5.616
 15 1  5 74  5.264
 15 1  5 75  5.338
 15 1  5 76  5.539
 15 1  5 77  5.846
 15 1  5 78  6.352
 15 1  5 79  6.263
 15 1  6 40  6.917
 15 1  6 41  6.021
 15 1  6 42  6.509
 15 1  6 43  6.027
 15 1  6 44  5.487
 15 1  6 45  5.613
 15 1  6 46  5.709
 15 1  6 47  5.175
 15 1  6 48  5.505
 15 1  6 49  5.347
 15 1  6 50  4.891
 15 1  6 51  4.987
 15 1  6 52  5.629
 15 1  6 53  4.911
 15 1  6 54  5.099
 15 1  6 55  5.395
 15 1  6 56  5.281
 15 1  6 57  5.554
 15 1  6 58  5.954
 15 1  6 59  6.682
 15 1  6 60  6.679
 15 1  6 61  6.559
 15 1  6 62  6.442
 15 1  6 63  5.547
 15 1  6 64  5.696
 15 1  6 65  5.191
 15 1  6 66  5.173
 15 1  6 67  5.541
 15 1  6 68  5.225
 15 1  6 69  5.449
 15 1  6 70  4.893
 15 1  6 71  4.866
 15 1  6 72  5.489
 15 1  6 73  5.270
 15 1  6 74  5.431
 15 1  6 75  5.165
 15 1  6 76  5.887
 15 1  6 77  5.566
 15 1  6 78  6.621
 15 1  6 79  7.500
 15 1  7 40  6.908
 15 1  7 41  6.802
 15 1  7 42  5.663
 15 1  7 43  5.578
 15 1  7 44  6.160
 15 1  7 45  5.256
 15 1  7 46  6.150
 15 1  7 47  5.279
 15 1  7 48  5.220
 15 1  7 49  5.170
 15 1  7 50  5.047
 15 1  7 51  4.775
 15 1  7 52  5.268
 15 1  7 53  5.359
 15 1  7 54  5.404
 15 1  7 55  5.120
 15 1  7 56  5.903
 15 1  7 57  6.253
 15 1  7 58  6.109
 15 1  7 59  5.855
 15 1  7 60  5.764
 15 1  7 61  6.593
 15 1  7 62  6.129
 15 1  7 63  6.679
 15 1  7 64 999.999
 15 1  7 65  5.191
 15 1  7 66  5.613
 15 1  7 67  5.351
 15 1  7 68  5.332
 15 1  7 69  5.515
 15 1  7 70  5.084
 15 1  7 71 999.999
 15 1  7 72  5.477
 15 1  7 73  5.724
 15 1  7 74  5.495
 15 1  7 75 999.999
 15 1  7 76  6.100
 15 1  7 77  5.703
 15 1  7 78  5.878
 15 1  7 79  5.737
 21 0  0  0  9.597
 21 0  0  1  9.260
 21 0  0  2  9.101
 21 0  0  3  9.424
 21 0  0  4  9.373
 21 0  0  5  9.540
 21 0  0  6  9.619
 21 0  0  7  9.974
 21 0  0  8 10.029
 21 0  0  9  9.719
 21 0  0 10  9.712
 21 0  0 11  9.909
 21 0  0 12  9.631
 21 0  0 13  9.667
 21 0  0 14  9.760
 21 0  0 15  9.837
 21 0  0 16 11.046
 21 0  0 17 10.121
 21 0  0 18  9.935
 21 0  0 19 10.072
 21 0  0 20  9.863
 21 0  0 21  9.996
 21 0  0 22 10.190
 21 0  0 23  9.892
 21 0  0 24  9.955
 21 0  0 25  9.774
 21 0  0 26 10.019
 21 0  0 27  9.471
 21 0  0 28  9.814
 21 0  0 29  9.632
 21 0  0 30  9.462
 21 0  0 31  9.356
 21 0  0 32  9.340
 21 0  0 33  9.197
 21 0  0 34  9.020
 21 0  0 35  8.915
 21 0  0 36  8.600
 21 0  0 37  8.329
 21 0  0 38  8.521
 21 0  0 39  8.819
 21 0  1  0  9.472
 21 0  1  1  9.812
 21 0  1  2  9.774
 21 0  1  3  9.924
 21 0  1  4 10.365
 21 0  1  5 10.639
 21 0  1  6 10.163
 21 0  1  7 10.311
 21 0  1  8 10.012
 21 0  1  9 10.126
 21 0  1 10 10.414
 21 0  1 11 10.346
 21 0  1 12 10.429
 21 0  1 13 10.466
 21 0  1 14 10.420
 21 0  1 15 10.438
 21 0  1 16 10.332
 21 0  1 17 10.916
 21 0  1 18 10.400
 21 0  1 19 10.503
 21 0  1 20 10.474
 21 0  1 21 10.416
 21 0  1 22 10.141
 21 0  1 23 10.909
 21 0  1 24 10.308
 21 0  1 25 10.045
 21 0  1 26 10.031
 21 0  1 27 10.106
 21 0  1 28 10.262
 21 0  1 29 10.114
 21 0  1 30  9.981
 21 0  1 31 10.078
 21 0  1 32  9.942
 21 0  1 33 10.175
 21 0  1 34 10.391
 21 0  1 35  9.761
 21 0  1 36 999.999
 21 0  1 37  9.547
 21 0  1 38  9.031
 21 0  1 39 10.040
 21 0  2  0 10.355
 21 0  2  1 10.377
 21 0  2  2 10.271
 21 0  2  3 10.516
 21 0  2  4 10.537
 21 0  2  5 10.579
 21 0  2  6 10.661
 21 0  2  7 10.541
 21 0  2  8 10.584
 21 0  2  9 10.580
 21 0  2 10 10.485
 21 0  2 11 10.494
 21 0  2 12 10.692
 21 0  2 13 10.433
 21 0  2 14 10.421
 21 0  2 15 10.480
 21 0  2 16 10.500
 21 0  2 17 10.220
 21 0  2 18 10.535
 21 0  2 19 10.326
 21 0  2 20 10.471
 21 0  2 21 10.351
 21 0  2 22 10.457
 21 0  2 23 10.701
 21 0  2 24 10.227
 21 0  2 25 10.559
 21 0  2 26 10.451
 21 0  2 27 10.655
 21 0  2 28 10.659
 21 0  2 29 10.661
 21 0  2 30 10.601
 21 0  2 31 10.702
 21 0  2 32 10.339
 21 0  2 33 10.450
 21 0  2 34 10.451
 21 0  2 35 10.617
 21 0  2 36 10.468
 21 0  2 37 10.146
 21 0  2 38 10.360
 21 0  2 39 10.664
 21 0  3  0 11.102
 21 0  3  1 11.175
 21 0  3  2 11.031
 21 0  3  3 11.230
 21 0  3  4 10.933
 21 0  3  5 11.075
 21 0  3  6 11.072
 21 0  3  7 10.841
 21 0  3  8 10.846
 21 0  3  9 10.725
 21 0  3 10 10.742
 21 0  3 11 10.771
 21 0  3 12 11.125
 21 0  3 13 10.952
 21 0  3 14 11.023
 21 0  3 15 11.062
 21 0  3 16 10.611
 21 0  3 17 10.598
 21 0  3 18 10.616
 21 0  3 19 10.811
 21 0  3 20 10.470
 21 0  3 21 10.737
 21 0  3 22 10.586
 21 0  3 23 10.436
 21 0  3 24 11.065
 21 0  3 25 10.543
 21 0  3 26 10.721
 21 0  3 27 10.595
 21 0  3 28 10.722
 21 0  3 29 10.934
 21 0  3 30 10.709
 21 0  3 31 10.678
 21 0  3 32 10.708
 21 0  3 33 10.793
 21 0  3 34 10.929
 21 0  3 35 10.760
 21 0  3 36 10.773
 21 0  3 37 11.020
 21 0  3 38 11.270
 21 0  3 39 11.618
 21 0  4  0 10.641
 21 0  4  1 10.939
 21 0  4  2 10.960
 21 0  4  3 10.971
 21 0  4  4 11.169
 21 0  4  5 10.840
 21 0  4  6 11.125
 21 0  4  7 10.965
 21 0  4  8 10.512
 21 0  4  9 10.904
 21 0  4 10 10.707
 21 0  4 11 10.745
 21 0  4 12 10.642
 21 0  4 13 10.611
 21 0  4 14 10.296
 21 0  4 15 10.414
 21 0  4 16 10.570
 21 0  4 17 11.076
 21 0  4 18 10.940
 21 0  4 19 10.708
 21 0  4 20 10.955
 21 0  4 21 10.808
 21 0  4 22 10.845
 21 0  4 23 10.950
 21 0  4 24 11.071
 21 0  4 25 10.998
 21 0  4 26 10.741
 21 0  4 27 11.089
 21 0  4 28 10.636
 21 0  4 29 10.884
 21 0  4 30 11.122
 21 0  4 31 10.795
 21 0  4 32 10.939
 21 0  4 33 11.308
 21 0  4 34 11.080
 21 0  4 35 11.395
 21 0  4 36 11.477
 21 0  4 37 11.042
 21 0  4 38 11.564
 21 0  4 39 11.925
 21 0  5  0 10.428
 21 0  5  1 10.623
 21 0  5  2 10.366
 21 0  5  3 10.612
 21 0  5  4 10.555
 21 0  5  5 10.561
 21 0  5  6 10.698
 21 0  5  7 10.606
 21 0  5  8 10.703
 21 0  5  9 10.542
 21 0  5 10 10.444
 21 0  5 11 10.695
 21 0  5 12 10.585
 21 0  5 13 10.202
 21 0  5 14 10.470
 21 0  5 15 10.815
 21 0  5 16 10.551
 21 0  5 17 10.424
 21 0  5 18 10.558
 21 0  5 19 10.951
 21 0  5 20 10.909
 21 0  5 21 10.589
 21 0  5 22 10.444
 21 0  5 23 10.923
 21 0  5 24 10.729
 21 0  5 25 10.857
 21 0  5 26 10.798
 21 0  5 27 10.701
 21 0  5 28 10.475
 21 0  5 29 10.938
 21 0  5 30 10.812
 21 0  5 31 10.848
 21 0  5 32 11.085
 21 0  5 33 11.144
 21 0  5 34 10.937
 21 0  5 35 11.440
 21 0  5 36 11.381
 21 0  5 37 11.381
 21 0  5 38 11.426
 21 0  5 39 11.761
 21 0  6  0  9.637
 21 0  6  1  9.826
 21 0  6  2  9.877
 21 0  6  3 10.210
 21 0  6  4 10.265
 21 0  6  5 10.205
 21 0  6  6 10.301
 21 0  6  7 10.555
 21 0  6  8 10.479
 21 0  6  9 10.399
 21 0  6 10 10.304
 21 0  6 11 10.493
 21 0  6 12 10.244
 21 0  6 13 10.609
 21 0  6 14 10.514
 21 0  6 15 10.585
 21 0  6 16 10.615
 21 0  6 17 10.524
 21 0  6 18 10.473
 21 0  6 19 10.505
 21 0  6 20 10.459
 21 0  6 21 10.264
 21 0  6 22 10.467
 21 0  6 23 10.789
 21 0  6 24 10.590
 21 0  6 25 10.804
 21 0  6 26 10.420
 21 0  6 27 10.820
 21 0  6 28 10.901
 21 0  6 29 10.680
 21 0  6 30 10.715
 21 0  6 31 11.344
 21 0  6 32 10.782
 21 0  6 33 10.983
 21 0  6 34 10.848
 21 0  6 35 10.728
 21 0  6 36 10.566
 21 0  6 37 10.602
 21 0  6 38 10.710
 21 0  6 39 11.286
 21 0  7  0  8.703
 21 0  7  1  8.391
 21 0  7  2  8.953
 21 0  7  3  9.095
 21 0  7  4  9.240
 21 0  7  5  9.360
 21 0  7  6  9.258
 21 0  7  7  9.475
 21 0  7  8  9.430
 21 0  7  9  9.815
 21 0  7 10 10.010
 21 0  7 11  9.565
 21 0  7 12  9.737
 21 0  7 13  9.630
 21 0  7 14  9.858
 21 0  7 15 10.069
 21 0  7 16 10.209
 21 0  7 17 10.066
 21 0  7 18  9.988
 21 0  7 19 10.196
 21 0  7 20 10.292
 21 0  7 21 10.194
 21 0  7 22 10.135
 21 0  7 23 10.368
 21 0  7 24 10.301
 21 0  7 25 10.257
 21 0  7 26 10.305
 21 0  7 27 10.522
 21 0  7 28 10.133
 21 0  7 29 10.316
 21 0  7 30 10.095
 21 0  7 31 10.301
 21 0  7 32 10.018
 21 0  7 33 10.107
 21 0  7 34 10.225
 21 0  7 35  9.905
 21 0  7 36 10.290
 21 0  7 37  9.832
 21 0  7 38  9.824
 21 0  7 39  9.738
 21 1  0  0  9.642
 21 1  0  1  9.122
 21 1  0  2  9.474
 21 1  0  3  9.602
 21 1  0  4  9.707
 21 1  0  5  9.884
 21 1  0  6  9.434
 21 1  0  7  9.604
 21 1  0  8  9.280
 21 1  0  9  9.538
 21 1  0 10  9.605
 21 1  0 11  9.661
 21 1  0 12  9.748
 21 1  0 13  9.662
 21 1  0 14  9.764
 21 1  0 15  9.568
 21 1  0 16  9.387
 21 1  0 17  9.781
 21 1  0 18  9.549
 21 1  0 19  9.526
 21 1  0 20  9.432
 21 1  0 21  9.444
 21 1  0 22  9.744
 21 1  0 23  9.459
 21 1  0 24  9.758
 21 1  0 25  9.632
 21 1  0 26  9.606
 21 1  0 27  9.673
 21 1  0 28  9.571
 21 1  0 29  9.818
 21 1  0 30  9.744
 21 1  0 31  9.592
 21 1  0 32  9.218
 21 1  0 33  9.638
 21 1  0 34  9.507
 21 1  0 35  9.653
 21 1  0 36  9.535
 21 1  0 37  9.102
 21 1  0 38  8.839
 21 1  0 39  8.607
 21 1  1  0  9.742
 21 1  1  1  9.967
 21 1  1  2 10.190
 21 1  1  3 10.245
 21 1  1  4 10.292
 21 1  1  5  9.921
 21 1  1  6  9.849
 21 1  1  7  9.985
 21 1  1  8  9.768
 21 1  1  9 10.181
 21 1  1 10 10.001
 21 1  1 11  9.973
 21 1  1 12 10.090
 21 1  1 13  9.925
 21 1  1 14  9.953
 21 1  1 15  9.972
 21 1  1 16  9.732
 21 1  1 17  9.674
 21 1  1 18  9.653
 21 1  1 19  9.800
 21 1  1 20 10.258
 21 1  1 21 10.239
 21 1  1 22  9.825
 21 1  1 23 10.087
 21 1  1 24 10.068
 21 1  1 25  9.832
 21 1  1 26 10.051
 21 1  1 27 10.242
 21 1  1 28  9.741
 21 1  1 29 10.064
 21 1  1 30 10.211
 21 1  1 31 10.044
 21 1  1 32 10.200
 21 1  1 33  9.861
 21 1  1 34 10.208
 21 1  1 35 10.181
 21 1  1 36  9.764
 21 1  1 37  9.949
 21 1  1 38  9.979
 21 1  1 39  9.697
 21 1  2  0 10.620
 21 1  2  1 10.367
 21 1  2  2 10.289
 21 1  2  3 11.348
 21 1  2  4 10.554
 21 1  2  5 10.618
 21 1  2  6 10.420
 21 1  2  7 10.371
 21 1  2  8 10.294
 21 1  2  9 10.639
 21 1  2 10 10.137
 21 1  2 11 10.023
 21 1  2 12 10.785
 21 1  2 13 10.419
 21 1  2 14 10.267
 21 1  2 15 10.284
 21 1  2 16 10.519
 21 1  2 17 10.288
 21 1  2 18 10.385
 21 1  2 19 10.174
 21 1  2 20 10.423
 21 1  2 21 10.330
 21 1  2 22 10.197
 21 1  2 23 10.265
 21 1  2 24 10.435
 21 1  2 25 10.137
 21 1  2 26 10.421
 21 1  2 27 10.284
 21 1  2 28 10.311
 21 1  2 29 10.464
 21 1  2 30 10.409
 21 1  2 31 11.289
 21 1  2 32 10.350
 21 1  2 33 10.452
 21 1  2 34 10.845
 21 1  2 35 10.611
 21 1  2 36 10.354
 21 1  2 37 10.196
 21 1  2 38 10.442
 21 1  2 39 10.903
 21 1  3  0 10.623
 21 1  3  1 10.440
 21 1  3  2 10.289
 21 1  3  3 10.536
 21 1  3  4 10.405
 21 1  3  5 10.741
 21 1  3  6 10.485
 21 1  3  7 10.575
 21 1  3  8 10.391
 21 1  3  9 10.637
 21 1  3 10 10.288
 21 1  3 11 10.403
 21 1  3 12 10.390
 21 1  3 13 10.244
 21 1  3 14 10.201
 21 1  3 15 10.601
 21 1  3 16 10.303
 21 1  3 17 10.376
 21 1  3 18 10.548
 21 1  3 19 10.466
 21 1  3 20 10.322
 21 1  3 21 10.343
 21 1  3 22 10.562
 21 1  3 23 10.412
 21 1  3 24 10.635
 21 1  3 25 10.582
 21 1  3 26 10.519
 21 1  3 27 10.521
 21 1  3 28 10.475
 21 1  3 29 10.749
 21 1  3 30 10.413
 21 1  3 31 10.486
 21 1  3 32 10.348
 21 1  3 33 10.562
 21 1  3 34 10.667
 21 1  3 35 10.610
 21 1  3 36 11.160
 21 1  3 37 10.791
 21 1  3 38 10.693
 21 1  3 39 10.395
 21 1  4  0 10.209
 21 1  4  1 10.345
 21 1  4  2 10.543
 21 1  4  3 10.350
 21 1  4  4 10.382
 21 1  4  5 10.374
 21 1  4  6 10.735
 21 1  4  7 10.612
 21 1  4  8 10.304
 21 1  4  9 10.254
 21 1  4 10 10.281
 21 1  4 11 10.408
 21 1  4 12 10.406
 21 1  4 13 10.397
 21 1  4 14 10.305
 21 1  4 15 10.670
 21 1  4 16 10.419
 21 1  4 17 10.463
 21 1  4 18 10.322
 21 1  4 19 10.252
 21 1  4 20 10.513
 21 1  4 21 10.676
 21 1  4 22 10.634
 21 1  4 23 10.659
 21 1  4 24 10.522
 21 1  4 25 10.754
 21 1  4 26 10.426
 21 1  4 27 10.582
 21 1  4 28 10.296
 21 1  4 29 10.466
 21 1  4 30 10.342
 21 1  4 31 10.558
 21 1  4 32 10.371
 21 1  4 33 10.363
 21 1  4 34 10.927
 21 1  4 35 10.698
 21 1  4 36 10.307
 21 1  4 37 10.459
 21 1  4 38 10.431
 21 1  4 39 10.582
 21 1  5  0 10.073
 21 1  5  1 10.206
 21 1  5  2 10.179
 21 1  5  3 10.321
 21 1  5  4 10.325
 21 1  5  5 10.244
 21 1  5  6 10.125
 21 1  5  7 10.568
 21 1  5  8 10.072
 21 1  5  9 10.192
 21 1  5 10 10.426
 21 1  5 11 10.375
 21 1  5 12 10.326
 21 1  5 13 10.205
 21 1  5 14 10.420
 21 1  5 15 10.272
 21 1  5 16 10.131
 21 1  5 17 10.156
 21 1  5 18 10.172
 21 1  5 19 10.322
 21 1  5 20 10.280
 21 1  5 21 10.274
 21 1  5 22 10.538
 21 1  5 23 10.429
 21 1  5 24 10.404
 21 1  5 25 10.326
 21 1  5 26 10.367
 21 1  5 27 10.063
 21 1  5 28 10.339
 21 1  5 29 10.145
 21 1  5 30 10.349
 21 1  5 31 10.322
 21 1  5 32  9.970
 21 1  5 33  9.869
 21 1  5 34 10.484
 21 1  5 35 10.328
 21 1  5 36 10.519
 21 1  5 37 10.033
 21 1  5 38 10.874
 21 1  5 39 10.747
 21 1  6  0  9.745
 21 1  6  1  9.602
 21 1  6  2 10.441
 21 1  6  3  9.923
 21 1  6  4  9.900
 21 1  6  5 10.084
 21 1  6  6  9.816
 21 1  6  7  9.968
 21 1  6  8 10.042
 21 1  6  9  9.759
 21 1  6 10 10.050
 21 1  6 11  9.943
 21 1  6 12  9.756
 21 1  6 13 10.023
 21 1  6 14  9.808
 21 1  6 15 10.172
 21 1  6 16  9.803
 21 1  6 17 10.115
 21 1  6 18  9.955
 21 1  6 19  9.694
 21 1  6 20  9.992
 21 1  6 21  9.816
 21 1  6 22 10.105
 21 1  6 23 10.051
 21 1  6 24 10.215
 21 1  6 25  9.871
 21 1  6 26 10.253
 21 1  6 27  9.995
 21 1  6 28  9.886
 21 1  6 29  9.996
 21 1  6 30  9.893
 21 1  6 31  9.800
 21 1  6 32  9.970
 21 1  6 33 10.016
 21 1  6 34 10.109
 21 1  6 35 10.030
 21 1  6 36  9.998
 21 1  6 37  9.859
 21 1  6 38 10.143
 21 1  6 39  9.803
 21 1  7  0  8.175
 21 1  7  1  8.671
 21 1  7  2  8.842
 21 1  7  3  9.362
 21 1  7  4  9.361
 21 1  7  5  9.022
 21 1  7  6  9.385
 21 1  7  7  9.482
 21 1  7  8  9.392
 21 1  7  9  9.098
 21 1  7 10  9.388
 21 1  7 11  9.736
 21 1  7 12  9.431
 21 1  7 13  9.499
 21 1  7 14  9.507
 21 1  7 15  9.421
 21 1  7 16  9.375
 21 1  7 17  9.467
 21 1  7 18  9.255
 21 1  7 19  9.709
 21 1  7 20  9.171
 21 1  7 21  9.330
 21 1  7 22  9.236
 21 1  7 23  9.611
 21 1  7 24  9.591
 21 1  7 25  9.565
 21 1  7 26  9.513
 21 1  7 27  9.578
 21 1  7 28  9.558
 21 1  7 29  9.456
 21 1  7 30  9.263
 21 1  7 31  9.391
 21 1  7 32  9.256
 21 1  7 33  9.478
 21 1  7 34  9.212
 21 1  7 35  9.634
 21 1  7 36  9.657
 21 1  7 37  9.596
 21 1  7 38  9.384
 21 1  7 39  9.326
 21 0  0 40 32.479
 21 0  0 41 32.197
 21 0  0 42 30.067
 21 0  0 43 32.151
 21 0  0 44 30.822
 21 0  0 45 30.945
 21 0  0 46 29.230
 21 0  0 47 31.465
 21 0  0 48 29.785
 21 0  0 49 28.763
 21 0  0 50 28.740
 21 0  0 51 29.879
 21 0  0 52 29.598
 21 0  0 53 30.127
 21 0  0 54 31.180
 21 0  0 55 32.436
 21 0  0 56 35.105
 21 0  0 57 38.080
 21 0  0 58 40.016
 21 0  0 59 39.891
 21 0  0 60 34.584
 21 0  0 61 32.152
 21 0  0 62 30.704
 21 0  0 63 32.191
 21 0  0 64 31.873
 21 0  0 65 30.874
 21 0  0 66 29.094
 21 0  0 67 31.019
 21 0  0 68 29.460
 21 0  0 69 29.497
 21 0  0 70 29.228
 21 0  0 71 30.878
 21 0  0 72 30.970
 21 0  0 73 31.687
 21 0  0 74 31.353
 21 0  0 75 31.124
 21 0  0 76 34.792
 21 0  0 77 36.415
 21 0  0 78 37.819
 21 0  0 79 40.974
 21 0  1 40 33.929
 21 0  1 41 32.228
 21 0  1 42 32.295
 21 0  1 43 32.067
 21 0  1 44 30.385
 21 0  1 45 30.430
 21 0  1 46 29.643
 21 0  1 47 30.333
 21 0  1 48 30.731
 21 0  1 49 30.238
 21 0  1 50 29.929
 21 0  1 51 31.293
 21 0  1 52 30.505
 21 0  1 53 30.568
 21 0  1 54 31.454
 21 0  1 55 31.915
 21 0  1 56 33.361
 21 0  1 57 34.318
 21 0  1 58 34.816
 21 0  1 59 37.454
 21 0  1 60 32.570
 21 0  1 61 30.703
 21 0  1 62 30.528
 21 0  1 63 30.000
 21 0  1 64 29.451
 21 0  1 65 29.080
 21 0  1 66 28.840
 21 0  1 67 31.075
 21 0  1 68 30.624
 21 0  1 69 30.571
 21 0  1 70 29.182
 21 0  1 71 30.798
 21 0  1 72 31.105
 21 0  1 73 30.491
 21 0  1 74 31.376
 21 0  1 75 31.628
 21 0  1 76 32.719
 21 0  1 77 32.953
 21 0  1 78 33.176
 21 0  1 79 33.672
 21 0  2 40 30.927
 21 0  2 41 29.848
 21 0  2 42 30.665
 21 0  2 43 28.723
 21 0  2 44 29.006
 21 0  2 45 30.080
 21 0  2 46 28.263
 21 0  2 47 29.756
 21 0  2 48 29.349
 21 0  2 49 29.994
 21 0  2 50 29.045
 21 0  2 51 28.905
 21 0  2 52 29.312
 21 0  2 53 29.429
 21 0  2 54 30.087
 21 0  2 55 29.527
 21 0  2 56 31.290
 21 0  2 57 31.420
 21 0  2 58 31.658
 21 0  2 59 32.209
 21 0  2 60 31.521
 21 0  2 61 29.806
 21 0  2 62 29.868
 21 0  2 63 29.895
 21 0  2 64 30.435
 21 0  2 65 29.708
 21 0  2 66 29.026
 21 0  2 67 30.357
 21 0  2 68 28.738
 21 0  2 69 30.252
 21 0  2 70 28.479
 21 0  2 71 29.865
 21 0  2 72 29.499
 21 0  2 73 29.401
 21 0  2 74 30.795
 21 0  2 75 29.980
 21 0  2 76 30.914
 21 0  2 77 31.675
 21 0  2 78 30.745
 21 0  2 79 32.180
 21 0  3 40 31.062
 21 0  3 41 29.411
 21 0  3 42 29.460
 21 0  3 43 29.385
 21 0  3 44 30.203
 21 0  3 45 30.473
 21 0  3 46 30.069
 21 0  3 47 29.949
 21 0  3 48 29.892
 21 0  3 49 29.680
 21 0  3 50 29.101
 21 0  3 51 29.628
 21 0  3 52 28.649
 21 0  3 53 30.848
 21 0  3 54 29.592
 21 0  3 55 29.722
 21 0  3 56 30.736
 21 0  3 57 30.073
 21 0  3 58 31.037
 21 0  3 59 30.490
 21 0  3 60 31.809
 21 0  3 61 29.574
 21 0  3 62 30.094
 21 0  3 63 30.186
 21 0  3 64 29.893
 21 0  3 65 29.526
 21 0  3 66 29.298
 21 0  3 67 30.048
 21 0  3 68 29.572
 21 0  3 69 30.586
 21 0  3 70 29.023
 21 0  3 71 30.879
 21 0  3 72 28.850
 21 0  3 73 29.151
 21 0  3 74 29.093
 21 0  3 75 30.137
 21 0  3 76 29.923
 21 0  3 77 30.582
 21 0  3 78 30.090
 21 0  3 79 30.891
 21 0  4 40 31.171
 21 0  4 41 29.887
 21 0  4 42 30.492
 21 0  4 43 29.443
 21 0  4 44 29.673
 21 0  4 45 29.696
 21 0  4 46 29.266
 21 0  4 47 30.104
 21 0  4 48 29.963
 21 0  4 49 30.371
 21 0  4 50 28.689
 21 0  4 51 30.052
 21 0  4 52 29.147
 21 0  4 53 28.826
 21 0  4 54 28.859
 21 0  4 55 29.874
 21 0  4 56 29.369
 21 0  4 57 30.050
 21 0  4 58 999.999
 21 0  4 59 30.143
 21 0  4 60 32.375
 21 0  4 61 30.970
 21 0  4 62 31.087
 21 0  4 63 30.281
 21 0  4 64 29.621
 21 0  4 65 30.119
 21 0  4 66 30.460
 21 0  4 67 30.877
 21 0  4 68 30.829
 21 0  4 69 30.495
 21 0  4 70 29.106
 21 0  4 71 30.832
 21 0  4 72 30.129
 21 0  4 73 29.791
 21 0  4 74 29.617
 21 0  4 75 29.956
 21 0  4 76 29.645
 21 0  4 77 29.385
 21 0  4 78 29.637
 21 0  4 79 31.011
 21 0  5 40 33.402
 21 0  5 41 31.756
 21 0  5 42 31.879
 21 0  5 43 30.694
 21 0  5 44 30.180
 21 0  5 45 30.232
 21 0  5 46 30.170
 21 0  5 47 30.501
 21 0  5 48 31.323
 21 0  5 49 31.580
 21 0  5 50 29.455
 21 0  5 51 30.148
 21 0  5 52 30.132
 21 0  5 53 28.992
 21 0  5 54 30.465
 21 0  5 55 29.466
 21 0  5 56 29.874
 21 0  5 57 28.614
 21 0  5 58 29.896
 21 0  5 59 30.295
 21 0  5 60 34.238
 21 0  5 61 33.750
 21 0  5 62 33.303
 21 0  5 63 33.114
 21 0  5 64 31.060
 21 0  5 65 30.492
 21 0  5 66 30.229
 21 0  5 67 29.895
 21 0  5 68 30.511
 21 0  5 69 31.337
 21 0  5 70 29.502
 21 0  5 71 30.503
 21 0  5 72 30.683
 21 0  5 73 28.820
 21 0  5 74 28.968
 21 0  5 75 29.117
 21 0  5 76 29.306
 21 0  5 77 30.402
 21 0  5 78 32.376
 21 0  5 79 31.358
 21 0  6 40 36.460
 21 0  6 41 33.866
 21 0  6 42 33.604
 21 0  6 43 32.202
 21 0  6 44 30.491
 21 0  6 45 31.119
 21 0  6 46 30.476
 21 0  6 47 31.698
 21 0  6 48 30.584
 21 0  6 49 30.945
 21 0  6 50 30.398
 21 0  6 51 30.245
 21 0  6 52 29.381
 21 0  6 53 28.471
 21 0  6 54 29.435
 21 0  6 55 30.217
 21 0  6 56 30.781
 21 0  6 57 31.439
 21 0  6 58 31.573
 21 0  6 59 32.109
 21 0  6 60 39.069
 21 0  6 61 35.314
 21 0  6 62 35.311
 21 0  6 63 34.145
 21 0  6 64 32.406
 21 0  6 65 31.442
 21 0  6 66 31.564
 21 0  6 67 32.141
 21 0  6 68 30.731
 21 0  6 69 30.094
 21 0  6 70 30.018
 21 0  6 71 30.996
 21 0  6 72 30.143
 21 0  6 73 30.064
 21 0  6 74 30.399
 21 0  6 75 31.347
 21 0  6 76 32.079
 21 0  6 77 32.561
 21 0  6 78 30.824
 21 0  6 79 32.272
 21 0  7 40 40.884
 21 0  7 41 37.302
 21 0  7 42 36.994
 21 0  7 43 35.526
 21 0  7 44 34.837
 21 0  7 45 33.527
 21 0  7 46 32.780
 21 0  7 47 33.880
 21 0  7 48 30.636
 21 0  7 49 31.236
 21 0  7 50 30.597
 21 0  7 51 30.435
 21 0  7 52 30.110
 21 0  7 53 30.801
 21 0  7 54 31.919
 21 0  7 55 32.564
 21 0  7 56 32.993
 21 0  7 57 32.285
 21 0  7 58 32.571
 21 0  7 59 31.215
 21 0  7 60 42.813
 21 0  7 61 40.843
 21 0  7 62 41.068
 21 0  7 63 36.627
 21 0  7 64 35.207
 21 0  7 65 32.943
 21 0  7 66 33.588
 21 0  7 67 33.976
 21 0  7 68 31.669
 21 0  7 69 32.183
 21 0  7 70 30.792
 21 0  7 71 31.698
 21 0  7 72 32.188
 21 0  7 73 32.054
 21 0  7 74 33.033
 21 0  7 75 33.717
 21 0  7 76 32.632
 21 0  7 77 32.944
 21 0  7 78 35.103
 21 0  7 79 31.728
 21 1  0 40 57.749
 21 1  0 41 53.830
 21 1  0 42 56.428
 21 1  0 43 53.234
 21 1  0 44 55.849
 21 1  0 45 54.646
 21 1  0 46 55.362
 21 1  0 47 56.675
 21 1  0 48 56.024
 21 1  0 49 55.554
 21 1  0 50 54.031
 21 1  0 51 54.255
 21 1  0 52 55.342
 21 1  0 53 54.413
 21 1  0 54 56.383
 21 1  0 55 57.655
 21 1  0 56 57.414
 21 1  0 57 58.046
 21 1  0 58 53.352
 21 1  0 59 65.489
 21 1  0 60 56.866
 21 1  0 61 52.571
 21 1  0 62 52.080
 21 1  0 63 52.696
 21 1  0 64 51.391
 21 1  0 65 52.458
 21 1  0 66 52.308
 21 1  0 67 54.364
 21 1  0 68 51.391
 21 1  0 69 52.214
 21 1  0 70 49.998
 21 1  0 71 53.804
 21 1  0 72 52.192
 21 1  0 73 51.586
 21 1  0 74 53.525
 21 1  0 75 57.393
 21 1  0 76 55.357
 21 1  0 77 56.407
 21 1  0 78 52.888
 21 1  0 79 61.852
 21 1  1 40 52.242
 21 1  1 41 51.915
 21 1  1 42 51.664
 21 1  1 43 51.600
 21 1  1 44 50.432
 21 1  1 45 51.230
 21 1  1 46 51.477
 21 1  1 47 52.340
 21 1  1 48 53.755
 21 1  1 49 50.738
 21 1  1 50 48.187
 21 1  1 51 53.584
 21 1  1 52 52.518
 21 1  1 53 53.262
 21 1  1 54 53.084
 21 1  1 55 55.491
 21 1  1 56 52.122
 21 1  1 57 57.247
 21 1  1 58 52.153
 21 1  1 59 58.909
 21 1  1 60 54.776
 21 1  1 61 52.730
 21 1  1 62 49.674
 21 1  1 63 51.433
 21 1  1 64 51.740
 21 1  1 65 50.908
 21 1  1 66 49.319
 21 1  1 67 53.116
 21 1  1 68 52.895
 21 1  1 69 51.430
 21 1  1 70 48.817
 21 1  1 71 50.953
 21 1  1 72 50.551
 21 1  1 73 51.701
 21 1  1 74 51.431
 21 1  1 75 54.187
 21 1  1 76 54.797
 21 1  1 77 55.463
 21 1  1 78 53.161
 21 1  1 79 56.273
 21 1  2 40 56.165
 21 1  2 41 51.778
 21 1  2 42 51.296
 21 1  2 43 50.966
 21 1  2 44 51.954
 21 1  2 45 52.148
 21 1  2 46 51.752
 21 1  2 47 49.992
 21 1  2 48 53.817
 21 1  2 49 52.304
 21 1  2 50 50.310
 21 1  2 51 51.614
 21 1  2 52 53.154
 21 1  2 53 50.707
 21 1  2 54 50.166
 21 1  2 55 53.586
 21 1  2 56 55.859
 21 1  2 57 54.982
 21 1  2 58 53.647
 21 1  2 59 57.553
 21 1  2 60 55.221
 21 1  2 61 53.116
 21 1  2 62 51.865
 21 1  2 63 51.959
 21 1  2 64 48.979
 21 1  2 65 52.174
 21 1  2 66 51.129
 21 1  2 67 51.105
 21 1  2 68 51.312
 21 1  2 69 53.592
 21 1  2 70 50.525
 21 1  2 71 49.964
 21 1  2 72 53.832
 21 1  2 73 49.947
 21 1  2 74 50.823
 21 1  2 75 51.348
 21 1  2 76 53.840
 21 1  2 77 54.300
 21 1  2 78 53.516
 21 1  2 79 55.243
 21 1  3 40 56.108
 21 1  3 41 52.453
 21 1  3 42 54.237
 21 1  3 43 52.775
 21 1  3 44 51.733
 21 1  3 45 50.407
 21 1  3 46 51.365
 21 1  3 47 50.788
 21 1  3 48 49.978
 21 1  3 49 50.527
 21 1  3 50 50.042
 21 1  3 51 50.499
 21 1  3 52 50.639
 21 1  3 53 49.269
 21 1  3 54 52.064
 21 1  3 55 53.215
 21 1  3 56 53.106
 21 1  3 57 52.337
 21 1  3 58 54.701
 21 1  3 59 53.839
 21 1  3 60 56.518
 21 1  3 61 54.842
 21 1  3 62 51.667
 21 1  3 63 52.206
 21 1  3 64 50.702
 21 1  3 65 51.150
 21 1  3 66 52.383
 21 1  3 67 51.805
 21 1  3 68 52.220
 21 1  3 69 49.891
 21 1  3 70 51.336
 21 1  3 71 51.384
 21 1  3 72 51.050
 21 1  3 73 51.230
 21 1  3 74 49.377
 21 1  3 75 50.319
 21 1  3 76 54.378
 21 1  3 77 54.997
 21 1  3 78 56.597
 21 1  3 79 56.187
 21 1  4 40 55.084
 21 1  4 41 54.196
 21 1  4 42 50.184
 21 1  4 43 49.955
 21 1  4 44 53.330
 21 1  4 45 52.495
 21 1  4 46 53.337
 21 1  4 47 51.490
 21 1  4 48 50.191
 21 1  4 49 49.622
 21 1  4 50 50.847
 21 1  4 51 53.882
 21 1  4 52 52.230
 21 1  4 53 52.082
 21 1  4 54 51.323
 21 1  4 55 54.329
 21 1  4 56 52.253
 21 1  4 57 53.792
 21 1  4 58 52.191
 21 1  4 59 53.648
 21 1  4 60 58.525
 21 1  4 61 53.666
 21 1  4 62 50.839
 21 1  4 63 51.660
 21 1  4 64 54.358
 21 1  4 65 51.283
 21 1  4 66 51.297
 21 1  4 67 50.840
 21 1  4 68 51.048
 21 1  4 69 51.610
 21 1  4 70 51.331
 21 1  4 71 50.609
 21 1  4 72 51.909
 21 1  4 73 52.604
 21 1  4 74 50.525
 21 1  4 75 50.803
 21 1  4 76 49.755
 21 1  4 77 52.677
 21 1  4 78 52.739
 21 1  4 79 54.053
 21 1  5 40 57.596
 21 1  5 41 53.501
 21 1  5 42 49.034
 21 1  5 43 51.885
 21 1  5 44 54.840
 21 1  5 45 53.267
 21 1  5 46 51.705
 21 1  5 47 50.714
 21 1  5 48 52.228
 21 1  5 49 51.589
 21 1  5 50 50.256
 21 1  5 51 50.774
 21 1  5 52 51.006
 21 1  5 53 48.252
 21 1  5 54 50.880
 21 1  5 55 50.351
 21 1  5 56 999.999
 21 1  5 57 53.358
 21 1  5 58 52.242
 21 1  5 59 54.810
 21 1  5 60 59.435
 21 1  5 61 55.438
 21 1  5 62 51.295
 21 1  5 63 52.616
 21 1  5 64 52.665
 21 1  5 65 52.035
 21 1  5 66 52.588
 21 1  5 67 49.943
 21 1  5 68 49.736
 21 1  5 69 52.209
 21 1  5 70 53.267
 21 1  5 71 51.100
 21 1  5 72 51.591
 21 1  5 73 51.222
 21 1  5 74 52.936
 21 1  5 75 53.159
 21 1  5 76 51.084
 21 1  5 77 50.558
 21 1  5 78 51.701
 21 1  5 79 54.466
 21 1  6 40 60.021
 21 1  6 41 54.959
 21 1  6 42 55.031
 21 1  6 43 53.475
 21 1  6 44 54.967
 21 1  6 45 51.548
 21 1  6 46 51.539
 21 1  6 47 53.729
 21 1  6 48 52.219
 21 1  6 49 53.233
 21 1  6 50 50.527
 21 1  6 51 52.191
 21 1  6 52 50.778
 21 1  6 53 52.706
 21 1  6 54 51.236
 21 1  6 55 51.331
 21 1  6 56 51.119
 21 1  6 57 51.194
 21 1  6 58 53.647
 21 1  6 59 55.168
 21 1  6 60 60.421
 21 1  6 61 53.122
 21 1  6 62 52.405
 21 1  6 63 53.441
 21 1  6 64 52.890
 21 1  6 65 54.705
 21 1  6 66 53.544
 21 1  6 67 50.991
 21 1  6 68 52.438
 21 1  6 69 51.335
 21 1  6 70 49.131
 21 1  6 71 51.426
 21 1  6 72 50.251
 21 1  6 73 52.338
 21 1  6 74 51.358
 21 1  6 75 52.713
 21 1  6 76 53.014
 21 1  6 77 51.795
 21 1  6 78 50.729
 21 1  6 79 56.204
 21 1  7 40 65.609
 21 1  7 41 55.358
 21 1  7 42 56.665
 21 1  7 43 57.067
 21 1  7 44 53.388
 21 1  7 45 54.264
 21 1  7 46 52.669
 21 1  7 47 52.897
 21 1  7 48 52.698
 21 1  7 49 54.738
 21 1  7 50 50.846
 21 1  7 51 52.388
 21 1  7 52 48.952
 21 1  7 53 53.391
 21 1  7 54 50.823
 21 1  7 55 53.848
 21 1  7 56 52.847
 21 1  7 57 53.726
 21 1  7 58 51.853
 21 1  7 59 55.762
 21 1  7 60 67.613
 21 1  7 61 53.329
 21 1  7 62 53.713
 21 1  7 63 58.086
 21 1  7 64 54.204
 21 1  7 65 56.382
 21 1  7 66 52.139
 21 1  7 67 52.008
 21 1  7 68 50.092
 21 1  7 69 51.218
 21 1  7 70 52.768
 21 1  7 71 52.039
 21 1  7 72 50.733
 21 1  7 73 50.793
 21 1  7 74 52.764
 21 1  7 75 51.953
 21 1  7 76 51.600
 21 1  7 77 49.263
 21 1  7 78 49.633
 21 1  7 79 54.110
 16 0  0  0  4.381
 16 0  0  1  4.226
 16 0  0  2  4.181
 16 0  0  3  4.138
 16 0  0  4  4.355
 16 0  0  5  4.105
 16 0  0  6  4.139
 16 0  0  7  4.291
 16 0  0  8  4.255
 16 0  0  9  4.064
 16 0  0 10  4.296
 16 0  0 11  4.109
 16 0  0 12  4.343
 16 0  0 13  4.023
 16 0  0 14  4.009
 16 0  0 15  4.042
 16 0  0 16  4.098
 16 0  0 17  3.975
 16 0  0 18  3.574
 16 0  0 19  3.494
 16 0  0 20  3.604
 16 0  0 21  3.855
 16 0  0 22  3.957
 16 0  0 23  4.033
 16 0  1  0  4.590
 16 0  1  1  4.529
 16 0  1  2  4.372
 16 0  1  3  4.123
 16 0  1  4  4.205
 16 0  1  5  4.055
 16 0  1  6  4.224
 16 0  1  7  4.404
 16 0  1  8  3.905
 16 0  1  9  3.834
 16 0  1 10  3.900
 16 0  1 11  3.907
 16 0  1 12  3.965
 16 0  1 13  3.857
 16 0  1 14  3.811
 16 0  1 15  3.792
 16 0  1 16  3.908
 16 0  1 17  3.871
 16 0  1 18  3.949
 16 0  1 19  3.779
 16 0  1 20  3.808
 16 0  1 21  3.765
 16 0  1 22  3.753
 16 0  1 23  3.807
 16 0  1 24  4.217
 16 0  1 25  4.018
 16 0  1 26  3.839
 16 0  1 27  3.541
 16 0  1 28  3.734
 16 0  1 29  3.529
 16 0  1 30  3.819
 16 0  1 31  3.933
 16 0  2  0  4.426
 16 0  2  1  3.929
 16 0  2  2  4.286
 16 0  2  3  4.366
 16 0  2  4  4.432
 16 0  2  5  4.409
 16 0  2  6  4.244
 16 0  2  7  4.330
 16 0  2  8  3.739
 16 0  2  9  3.806
 16 0  2 10  3.880
 16 0  2 11  3.882
 16 0  2 12  3.872
 16 0  2 13  3.865
 16 0  2 14  3.797
 16 0  2 15  3.776
 16 0  2 16  3.739
 16 0  2 17  3.715
 16 0  2 18  4.049
 16 0  2 19  3.820
 16 0  2 20  3.764
 16 0  2 21  3.797
 16 0  2 22  3.811
 16 0  2 23  3.764
 16 0  2 24  4.157
 16 0  2 25  4.078
 16 0  2 26  3.941
 16 0  2 27  4.061
 16 0  2 28  4.018
 16 0  2 29  3.830
 16 0  2 30  3.908
 16 0  2 31  3.833
 16 0  3  0  5.027
 16 0  3  1  4.481
 16 0  3  2  4.549
 16 0  3  3  4.244
 16 0  3  4  4.306
 16 0  3  5  4.287
 16 0  3  6  4.478
 16 0  3  7  4.230
 16 0  3  8  3.693
 16 0  3  9  3.804
 16 0  3 10  3.736
 16 0  3 11  3.679
 16 0  3 12  3.703
 16 0  3 13  3.744
 16 0  3 14  3.756
 16 0  3 15  3.698
 16 0  3 16  3.801
 16 0  3 17  3.773
 16 0  3 18  3.794
 16 0  3 19  3.732
 16 0  3 20  3.783
 16 0  3 21  3.661
 16 0  3 22  3.786
 16 0  3 23  3.684
 16 0  3 24  4.026
 16 0  3 25  3.971
 16 0  3 26  4.125
 16 0  3 27  4.103
 16 0  3 28  3.837
 16 0  3 29  3.738
 16 0  3 30  4.432
 16 0  3 31  4.598
 16 0  4  0  4.773
 16 0  4  1  4.902
 16 0  4  2  4.464
 16 0  4  3  4.557
 16 0  4  4  4.169
 16 0  4  5  4.055
 16 0  4  6  4.238
 16 0  4  7  4.244
 16 0  4  8  3.710
 16 0  4  9  3.734
 16 0  4 10  3.687
 16 0  4 11  3.754
 16 0  4 12  3.626
 16 0  4 13  3.715
 16 0  4 14  3.631
 16 0  4 15  3.704
 16 0  4 16  3.686
 16 0  4 17  3.646
 16 0  4 18  3.803
 16 0  4 19  3.655
 16 0  4 20  3.716
 16 0  4 21  3.814
 16 0  4 22  3.669
 16 0  4 23  3.721
 16 0  4 24  4.097
 16 0  4 25  4.030
 16 0  4 26  4.102
 16 0  4 27  3.987
 16 0  4 28  4.108
 16 0  4 29  4.271
 16 0  4 30  4.445
 16 0  4 31  4.498
 16 0  5  0  4.742
 16 0  5  1  4.720
 16 0  5  2  4.492
 16 0  5  3  4.501
 16 0  5  4  4.143
 16 0  5  5  4.213
 16 0  5  6  4.107
 16 0  5  7  4.050
 16 0  5  8  3.664
 16 0  5  9  3.695
 16 0  5 10  3.704
 16 0  5 11  3.655
 16 0  5 12  3.685
 16 0  5 13  3.777
 16 0  5 14  3.776
 16 0  5 15  3.762
 16 0  5 16  3.674
 16 0  5 17  3.737
 16 0  5 18  3.787
 16 0  5 19  3.791
 16 0  5 20  3.643
 16 0  5 21  3.633
 16 0  5 22  3.614
 16 0  5 23  3.686
 16 0  5 24  3.939
 16 0  5 25  3.864
 16 0  5 26  3.912
 16 0  5 27  3.927
 16 0  5 28  4.137
 16 0  5 29  4.192
 16 0  5 30  4.427
 16 0  5 31  4.361
 16 0  6  0  4.586
 16 0  6  1  4.489
 16 0  6  2  4.211
 16 0  6  3  4.303
 16 0  6  4  4.069
 16 0  6  5  4.129
 16 0  6  6  4.214
 16 0  6  7  4.136
 16 0  6  8  3.834
 16 0  6  9  3.745
 16 0  6 10  3.704
 16 0  6 11  3.735
 16 0  6 12  3.797
 16 0  6 13  3.717
 16 0  6 14  3.608
 16 0  6 15  3.647
 16 0  6 16  3.648
 16 0  6 17  3.676
 16 0  6 18  3.654
 16 0  6 19  3.701
 16 0  6 20  3.748
 16 0  6 21  3.668
 16 0  6 22  3.673
 16 0  6 23  3.667
 16 0  6 24  3.941
 16 0  6 25  4.031
 16 0  6 26  3.989
 16 0  6 27  3.851
 16 0  6 28  3.836
 16 0  6 29  3.977
 16 0  6 30  4.338
 16 0  6 31  4.237
 16 0  7  0  4.426
 16 0  7  1  4.197
 16 0  7  2  4.027
 16 0  7  3  4.167
 16 0  7  4  4.027
 16 0  7  5  3.996
 16 0  7  6  4.162
 16 0  7  7  4.265
 16 0  7  8  3.689
 16 0  7  9  3.779
 16 0  7 10  3.757
 16 0  7 11  3.713
 16 0  7 12  3.713
 16 0  7 13  3.757
 16 0  7 14  3.666
 16 0  7 15  3.735
 16 0  7 16  3.716
 16 0  7 17  3.662
 16 0  7 18  3.648
 16 0  7 19  3.671
 16 0  7 20  3.659
 16 0  7 21  3.710
 16 0  7 22  3.637
 16 0  7 23  3.710
 16 0  7 24  4.057
 16 0  7 25  3.977
 16 0  7 26  3.986
 16 0  7 27  3.951
 16 0  7 28  3.912
 16 0  7 29  3.733
 16 0  7 30  3.978
 16 0  7 31  4.238
 16 0  8  0  4.126
 16 0  8  1  4.105
 16 0  8  2  4.133
 16 0  8  3  4.005
 16 0  8  4  4.039
 16 0  8  5  3.866
 16 0  8  6  4.113
 16 0  8  7  4.171
 16 0  8  8  3.721
 16 0  8  9  3.669
 16 0  8 10  3.751
 16 0  8 11  3.685
 16 0  8 12  3.688
 16 0  8 13  3.842
 16 0  8 14  3.764
 16 0  8 15  3.745
 16 0  8 16  3.728
 16 0  8 17  3.705
 16 0  8 18  3.802
 16 0  8 19  3.727
 16 0  8 20  3.728
 16 0  8 21  3.698
 16 0  8 22  3.700
 16 0  8 23  3.616
 16 0  8 24  3.867
 16 0  8 25  3.888
 16 0  8 26  3.864
 16 0  8 27  3.703
 16 0  8 28  3.759
 16 0  8 29  3.807
 16 0  8 30  4.004
 16 0  8 31  4.092
 16 0  9  0  4.356
 16 0  9  1  4.039
 16 0  9  2  3.934
 16 0  9  3  4.045
 16 0  9  4  4.037
 16 0  9  5  4.025
 16 0  9  6  4.005
 16 0  9  7  4.155
 16 0  9  8  3.722
 16 0  9  9  3.727
 16 0  9 10  3.693
 16 0  9 11  3.739
 16 0  9 12  3.711
 16 0  9 13  3.757
 16 0  9 14  3.724
 16 0  9 15  3.832
 16 0  9 16  3.739
 16 0  9 17  3.762
 16 0  9 18  3.739
 16 0  9 19  3.830
 16 0  9 20  3.695
 16 0  9 21  3.714
 16 0  9 22  3.693
 16 0  9 23  3.680
 16 0  9 24  3.909
 16 0  9 25  3.877
 16 0  9 26  3.677
 16 0  9 27  3.716
 16 0  9 28  3.733
 16 0  9 29  3.846
 16 0  9 30  4.093
 16 0  9 31  4.280
 16 0 10  0  4.318
 16 0 10  1  4.045
 16 0 10  2  3.777
 16 0 10  3  3.898
 16 0 10  4  4.227
 16 0 10  5  4.170
 16 0 10  6  3.981
 16 0 10  7  4.078
 16 0 10  8  3.864
 16 0 10  9  3.688
 16 0 10 10  3.626
 16 0 10 11  3.696
 16 0 10 12  3.706
 16 0 10 13  3.726
 16 0 10 14  3.708
 16 0 10 15  3.712
 16 0 10 16  3.750
 16 0 10 17  3.668
 16 0 10 18  3.652
 16 0 10 19  3.715
 16 0 10 20  3.661
 16 0 10 21  3.660
 16 0 10 22  3.668
 16 0 10 23  3.648
 16 0 10 24  3.912
 16 0 10 25  3.811
 16 0 10 26  3.819
 16 0 10 27  3.798
 16 0 10 28  3.882
 16 0 10 29  3.810
 16 0 10 30  4.063
 16 0 10 31  4.128
 16 0 11  0  4.516
 16 0 11  1  4.271
 16 0 11  2  3.999
 16 0 11  3  4.070
 16 0 11  4  4.057
 16 0 11  5  3.901
 16 0 11  6  4.066
 16 0 11  7  3.939
 16 0 11  8  3.629
 16 0 11  9  3.664
 16 0 11 10  3.608
 16 0 11 11  3.732
 16 0 11 12  3.784
 16 0 11 13  3.723
 16 0 11 14  3.698
 16 0 11 15  3.574
 16 0 11 16  3.639
 16 0 11 17  3.722
 16 0 11 18  3.622
 16 0 11 19  3.575
 16 0 11 20  3.560
 16 0 11 21  3.616
 16 0 11 22  3.585
 16 0 11 23  3.575
 16 0 11 24  3.856
 16 0 11 25  3.840
 16 0 11 26  3.797
 16 0 11 27  3.721
 16 0 11 28  3.878
 16 0 11 29  3.756
 16 0 11 30  4.207
 16 0 11 31  4.356
 16 0 12  0  4.665
 16 0 12  1  4.539
 16 0 12  2  4.283
 16 0 12  3  4.193
 16 0 12  4  4.199
 16 0 12  5  3.920
 16 0 12  6  3.946
 16 0 12  7  3.853
 16 0 12  8  3.626
 16 0 12  9  3.557
 16 0 12 10  3.566
 16 0 12 11  3.603
 16 0 12 12  3.612
 16 0 12 13  3.640
 16 0 12 14  3.558
 16 0 12 15  3.586
 16 0 12 16  3.573
 16 0 12 17  3.539
 16 0 12 18  3.535
 16 0 12 19  3.588
 16 0 12 20  3.535
 16 0 12 21  3.550
 16 0 12 22  3.588
 16 0 12 23  3.549
 16 0 12 24  3.694
 16 0 12 25  3.727
 16 0 12 26  3.817
 16 0 12 27  3.895
 16 0 12 28  3.963
 16 0 12 29  4.116
 16 0 12 30  4.336
 16 0 12 31  4.497
 16 0 13  0  4.759
 16 0 13  1  4.749
 16 0 13  2  4.487
 16 0 13  3  4.325
 16 0 13  4  4.190
 16 0 13  5  4.139
 16 0 13  6  3.964
 16 0 13  7  3.951
 16 0 13  8  3.609
 16 0 13  9  3.609
 16 0 13 10  3.587
 16 0 13 11  3.531
 16 0 13 12  3.591
 16 0 13 13  3.606
 16 0 13 14  3.523
 16 0 13 15  3.577
 16 0 13 16  3.528
 16 0 13 17  3.603
 16 0 13 18  3.517
 16 0 13 19  3.567
 16 0 13 20  3.555
 16 0 13 21  3.521
 16 0 13 22  3.488
 16 0 13 23  3.518
 16 0 13 24  3.764
 16 0 13 25  3.739
 16 0 13 26  3.856
 16 0 13 27  3.808
 16 0 13 28  4.084
 16 0 13 29  4.297
 16 0 13 30  4.506
 16 0 13 31  4.669
 16 0 14  0  4.885
 16 0 14  1  4.872
 16 0 14  2  4.352
 16 0 14  3  4.301
 16 0 14  4  3.901
 16 0 14  5  4.121
 16 0 14  6  3.985
 16 0 14  7  3.962
 16 0 14  8  3.633
 16 0 14  9  3.549
 16 0 14 10  3.602
 16 0 14 11  3.566
 16 0 14 12  3.573
 16 0 14 13  3.573
 16 0 14 14  3.516
 16 0 14 15  3.519
 16 0 14 16  3.509
 16 0 14 17  3.461
 16 0 14 18  3.494
 16 0 14 19  3.538
 16 0 14 20  3.558
 16 0 14 21  3.574
 16 0 14 22  3.480
 16 0 14 23  3.482
 16 0 14 24  3.771
 16 0 14 25  3.874
 16 0 14 26  3.949
 16 0 14 27  3.856
 16 0 14 28  4.086
 16 0 14 29  4.274
 16 0 14 30  4.397
 16 0 14 31  4.840
 16 0 15  0  4.860
 16 0 15  1  4.490
 16 0 15  2  4.232
 16 0 15  3  4.257
 16 0 15  4  4.117
 16 0 15  5  4.036
 16 0 15  6  4.056
 16 0 15  7  3.879
 16 0 15  8  3.543
 16 0 15  9  3.677
 16 0 15 10  3.639
 16 0 15 11  3.620
 16 0 15 12  3.621
 16 0 15 13  3.553
 16 0 15 14  3.615
 16 0 15 15  3.587
 16 0 15 16  3.562
 16 0 15 17  3.585
 16 0 15 18  3.535
 16 0 15 19  3.615
 16 0 15 20  3.589
 16 0 15 21  3.538
 16 0 15 22  3.574
 16 0 15 23  3.610
 16 0 15 24  3.843
 16 0 15 25  4.042
 16 0 15 26  3.958
 16 0 15 27  4.017
 16 0 15 28  3.945
 16 0 15 29  3.982
 16 0 15 30  4.271
 16 0 15 31  4.673
 16 0 16  0  3.873
 16 0 16  1  3.995
 16 0 16  2  4.008
 16 0 16  3  3.987
 16 0 16  4  4.020
 16 0 16  5  4.023
 16 0 16  6  4.127
 16 0 16  7  4.121
 16 0 16  8  3.651
 16 0 16  9  3.692
 16 0 16 10  3.656
 16 0 16 11  3.662
 16 0 16 12  3.724
 16 0 16 13  3.705
 16 0 16 14  3.611
 16 0 16 15  3.633
 16 0 16 16  3.588
 16 0 16 17  3.626
 16 0 16 18  3.651
 16 0 16 19  3.691
 16 0 16 20  3.637
 16 0 16 21  3.614
 16 0 16 22  3.580
 16 0 16 23  3.609
 16 0 16 24  4.040
 16 0 16 25  3.960
 16 0 16 26  3.838
 16 0 16 27  3.884
 16 0 16 28  3.842
 16 0 16 29  4.113
 16 0 16 30  4.372
 16 0 16 31  4.378
 16 0 17  0  3.802
 16 0 17  1  3.915
 16 0 17  2  3.582
 16 0 17  3  3.784
 16 0 17  4  3.875
 16 0 17  5  3.863
 16 0 17  6  4.170
 16 0 17  7  4.141
 16 0 17  8  3.663
 16 0 17  9  3.644
 16 0 17 10  3.793
 16 0 17 11  3.661
 16 0 17 12  3.706
 16 0 17 13  3.648
 16 0 17 14  3.681
 16 0 17 15  3.747
 16 0 17 16  3.644
 16 0 17 17  3.746
 16 0 17 18  3.661
 16 0 17 19  3.704
 16 0 17 20  3.697
 16 0 17 21  3.685
 16 0 17 22  3.669
 16 0 17 23  3.616
 16 0 17 24  3.915
 16 0 17 25  3.912
 16 0 17 26  4.013
 16 0 17 27  3.915
 16 0 17 28  3.726
 16 0 17 29  4.045
 16 0 17 30  4.226
 16 0 17 31  4.545
 16 1  0  0  4.451
 16 1  0  1  4.776
 16 1  0  2  4.890
 16 1  0  3  4.740
 16 1  0  4  4.896
 16 1  0  5  5.043
 16 1  0  6  5.099
 16 1  0  7  4.696
 16 1  0  8  4.666
 16 1  0  9  4.932
 16 1  0 10  4.708
 16 1  0 11  4.613
 16 1  0 12  4.880
 16 1  0 13  4.574
 16 1  0 14  5.174
 16 1  0 15  4.844
 16 1  0 16  4.935
 16 1  0 17  5.420
 16 1  0 18  5.448
 16 1  0 19  5.255
 16 1  0 20  4.997
 16 1  0 21  5.235
 16 1  0 22  5.297
 16 1  0 23  4.831
 16 1  1  0  4.699
 16 1  1  1  5.315
 16 1  1  2  4.706
 16 1  1  3  5.127
 16 1  1  4  5.017
 16 1  1  5  4.888
 16 1  1  6  5.113
 16 1  1  7  4.710
 16 1  1  8  5.194
 16 1  1  9  4.796
 16 1  1 10  4.768
 16 1  1 11  5.021
 16 1  1 12  5.154
 16 1  1 13  5.087
 16 1  1 14  4.960
 16 1  1 15  4.996
 16 1  1 16  5.196
 16 1  1 17  4.998
 16 1  1 18  4.997
 16 1  1 19  4.982
 16 1  1 20  5.312
 16 1  1 21  5.402
 16 1  1 22  5.326
 16 1  1 23  5.373
 16 1  1 24  5.244
 16 1  1 25  5.045
 16 1  1 26  5.374
 16 1  1 27  5.462
 16 1  1 28  5.200
 16 1  1 29  5.606
 16 1  1 30  5.638
 16 1  1 31  5.539
 16 1  2  0  4.821
 16 1  2  1  4.994
 16 1  2  2  4.652
 16 1  2  3  4.865
 16 1  2  4  4.777
 16 1  2  5  4.954
 16 1  2  6  4.704
 16 1  2  7  4.627
 16 1  2  8  4.906
 16 1  2  9  4.765
 16 1  2 10  4.677
 16 1  2 11  4.773
 16 1  2 12  4.669
 16 1  2 13  4.804
 16 1  2 14  4.778
 16 1  2 15  4.849
 16 1  2 16  5.132
 16 1  2 17  4.974
 16 1  2 18  5.203
 16 1  2 19  5.206
 16 1  2 20  5.171
 16 1  2 21  5.520
 16 1  2 22  5.305
 16 1  2 23  5.398
 16 1  2 24  5.285
 16 1  2 25  5.126
 16 1  2 26  5.570
 16 1  2 27  5.502
 16 1  2 28  5.133
 16 1  2 29  5.625
 16 1  2 30  5.430
 16 1  2 31  5.954
 16 1  3  0  4.694
 16 1  3  1  4.609
 16 1  3  2  4.485
 16 1  3  3  4.978
 16 1  3  4  4.775
 16 1  3  5  4.860
 16 1  3  6  4.652
 16 1  3  7  4.726
 16 1  3  8  4.702
 16 1  3  9  4.815
 16 1  3 10  4.931
 16 1  3 11  4.718
 16 1  3 12  4.705
 16 1  3 13  5.027
 16 1  3 14  5.066
 16 1  3 15  4.951
 16 1  3 16  5.217
 16 1  3 17  5.284
 16 1  3 18  5.214
 16 1  3 19  5.193
 16 1  3 20  5.201
 16 1  3 21  4.978
 16 1  3 22  5.349
 16 1  3 23  5.127
 16 1  3 24  5.313
 16 1  3 25  4.990
 16 1  3 26  5.242
 16 1  3 27  5.407
 16 1  3 28  5.292
 16 1  3 29  5.390
 16 1  3 30  5.345
 16 1  3 31  5.733
 16 1  4  0  4.996
 16 1  4  1  4.991
 16 1  4  2  4.672
 16 1  4  3  4.889
 16 1  4  4  4.730
 16 1  4  5  4.627
 16 1  4  6  4.842
 16 1  4  7  4.747
 16 1  4  8  4.892
 16 1  4  9  4.651
 16 1  4 10  4.821
 16 1  4 11  4.958
 16 1  4 12  5.177
 16 1  4 13  4.924
 16 1  4 14  4.826
 16 1  4 15  5.097
 16 1  4 16  4.827
 16 1  4 17  4.947
 16 1  4 18  5.135
 16 1  4 19  5.240
 16 1  4 20  5.190
 16 1  4 21  5.274
 16 1  4 22  5.475
 16 1  4 23  5.286
 16 1  4 24  5.005
 16 1  4 25  5.115
 16 1  4 26  5.146
 16 1  4 27  5.090
 16 1  4 28  5.089
 16 1  4 29  5.126
 16 1  4 30  5.538
 16 1  4 31  5.694
 16 1  5  0  4.788
 16 1  5  1  5.021
 16 1  5  2  4.395
 16 1  5  3  4.631
 16 1  5  4  4.703
 16 1  5  5  4.744
 16 1  5  6  4.591
 16 1  5  7  4.513
 16 1  5  8  4.877
 16 1  5  9  4.934
 16 1  5 10  4.754
 16 1  5 11  4.735
 16 1  5 12  4.926
 16 1  5 13  5.065
 16 1  5 14  4.946
 16 1  5 15  4.839
 16 1  5 16  4.810
 16 1  5 17  4.924
 16 1  5 18  5.229
 16 1  5 19  4.977
 16 1  5 20  5.049
 16 1  5 21  5.110
 16 1  5 22  5.211
 16 1  5 23  5.257
 16 1  5 24  5.106
 16 1  5 25  5.072
 16 1  5 26  4.968
 16 1  5 27  5.234
 16 1  5 28  5.171
 16 1  5 29  5.246
 16 1  5 30  5.370
 16 1  5 31  5.468
 16 1  6  0  4.728
 16 1  6  1  4.639
 16 1  6  2  4.644
 16 1  6  3  4.481
 16 1  6  4  4.703
 16 1  6  5  4.775
 16 1  6  6  4.514
 16 1  6  7  4.443
 16 1  6  8  4.771
 16 1  6  9  4.421
 16 1  6 10  4.874
 16 1  6 11  4.709
 16 1  6 12  4.999
 16 1  6 13  4.821
 16 1  6 14  5.032
 16 1  6 15  5.035
 16 1  6 16  4.789
 16 1  6 17  5.114
 16 1  6 18  4.978
 16 1  6 19  5.289
 16 1  6 20  4.922
 16 1  6 21  5.129
 16 1  6 22  5.340
 16 1  6 23  4.866
 16 1  6 24  5.093
 16 1  6 25  4.945
 16 1  6 26  4.854
 16 1  6 27  5.054
 16 1  6 28  5.422
 16 1  6 29  4.964
 16 1  6 30  5.329
 16 1  6 31  5.182
 16 1  7  0  4.519
 16 1  7  1  4.427
 16 1  7  2  4.651
 16 1  7  3  4.369
 16 1  7  4  4.649
 16 1  7  5  4.555
 16 1  7  6  4.514
 16 1  7  7  4.559
 16 1  7  8  4.754
 16 1  7  9  4.715
 16 1  7 10  4.562
 16 1  7 11  4.861
 16 1  7 12  4.877
 16 1  7 13  4.612
 16 1  7 14  4.827
 16 1  7 15  5.054
 16 1  7 16  5.000
 16 1  7 17  4.822
 16 1  7 18  4.855
 16 1  7 19  4.700
 16 1  7 20  5.343
 16 1  7 21  4.850
 16 1  7 22  4.809
 16 1  7 23  4.807
 16 1  7 24  4.932
 16 1  7 25  5.075
 16 1  7 26  4.684
 16 1  7 27  5.328
 16 1  7 28  5.165
 16 1  7 29  5.012
 16 1  7 30  5.208
 16 1  7 31  5.285
 16 1  8  0  4.447
 16 1  8  1  4.672
 16 1  8  2  4.433
 16 1  8  3  4.672
 16 1  8  4  4.665
 16 1  8  5  4.661
 16 1  8  6  4.632
 16 1  8  7  4.399
 16 1  8  8  4.521
 16 1  8  9  4.630
 16 1  8 10  4.719
 16 1  8 11  4.806
 16 1  8 12  4.626
 16 1  8 13  4.521
 16 1  8 14  4.678
 16 1  8 15  4.713
 16 1  8 16  4.975
 16 1  8 17  4.991
 16 1  8 18  4.647
 16 1  8 19  4.835
 16 1  8 20  4.819
 16 1  8 21  4.926
 16 1  8 22  4.970
 16 1  8 23  4.905
 16 1  8 24  4.791
 16 1  8 25  4.885
 16 1  8 26  4.802
 16 1  8 27  5.180
 16 1  8 28  5.212
 16 1  8 29  4.865
 16 1  8 30  4.992
 16 1  8 31  5.242
 16 1  9  0  4.582
 16 1  9  1  4.700
 16 1  9  2  4.488
 16 1  9  3  4.736
 16 1  9  4  4.319
 16 1  9  5  4.588
 16 1  9  6  4.576
 16 1  9  7  4.388
 16 1  9  8  4.674
 16 1  9  9  4.628
 16 1  9 10  4.717
 16 1  9 11  4.518
 16 1  9 12  4.539
 16 1  9 13  4.788
 16 1  9 14  4.945
 16 1  9 15  4.574
 16 1  9 16  4.922
 16 1  9 17  4.719
 16 1  9 18  4.951
 16 1  9 19  5.075
 16 1  9 20  4.813
 16 1  9 21 999.999
 16 1  9 22  4.726
 16 1  9 23  5.092
 16 1  9 24  4.669
 16 1  9 25  4.899
 16 1  9 26  4.711
 16 1  9 27  5.116
 16 1  9 28  5.052
 16 1  9 29  4.966
 16 1  9 30  5.158
 16 1  9 31  5.061
 16 1 10  0  4.625
 16 1 10  1  4.676
 16 1 10  2  4.411
 16 1 10  3  4.684
 16 1 10  4  4.174
 16 1 10  5  4.539
 16 1 10  6  4.491
 16 1 10  7  4.324
 16 1 10  8  4.581
 16 1 10  9  4.627
 16 1 10 10  4.713
 16 1 10 11  4.505
 16 1 10 12  4.528
 16 1 10 13  4.590
 16 1 10 14  4.986
 16 1 10 15  4.711
 16 1 10 16  4.803
 16 1 10 17  4.905
 16 1 10 18  4.697
 16 1 10 19  4.932
 16 1 10 20  4.697
 16 1 10 21  5.109
 16 1 10 22  4.976
 16 1 10 23  5.057
 16 1 10 24  4.708
 16 1 10 25  4.803
 16 1 10 26  4.981
 16 1 10 27  4.986
 16 1 10 28  4.960
 16 1 10 29  4.990
 16 1 10 30  5.110
 16 1 10 31  4.903
 16 1 11  0  4.583
 16 1 11  1  4.579
 16 1 11  2  4.418
 16 1 11  3  4.419
 16 1 11  4  4.243
 16 1 11  5  4.515
 16 1 11  6  4.499
 16 1 11  7  4.336
 16 1 11  8  4.423
 16 1 11  9  4.581
 16 1 11 10  4.782
 16 1 11 11  4.630
 16 1 11 12  4.835
 16 1 11 13  4.773
 16 1 11 14  4.810
 16 1 11 15  4.881
 16 1 11 16  4.613
 16 1 11 17  4.801
 16 1 11 18  4.721
 16 1 11 19  4.799
 16 1 11 20  4.914
 16 1 11 21  4.920
 16 1 11 22  4.902
 16 1 11 23  5.130
 16 1 11 24  4.538
 16 1 11 25  4.747
 16 1 11 26  4.740
 16 1 11 27  4.729
 16 1 11 28  5.049
 16 1 11 29  4.880
 16 1 11 30  5.293
 16 1 11 31  5.551
 16 1 12  0  4.716
 16 1 12  1  4.639
 16 1 12  2  4.471
 16 1 12  3  4.462
 16 1 12  4  4.238
 16 1 12  5  4.246
 16 1 12  6  4.327
 16 1 12  7  4.331
 16 1 12  8  4.438
 16 1 12  9  4.905
 16 1 12 10  4.653
 16 1 12 11  4.691
 16 1 12 12  4.663
 16 1 12 13  4.646
 16 1 12 14  4.642
 16 1 12 15  4.800
 16 1 12 16  4.452
 16 1 12 17  4.732
 16 1 12 18  4.867
 16 1 12 19  4.718
 16 1 12 20  5.092
 16 1 12 21  5.068
 16 1 12 22  4.652
 16 1 12 23  4.954
 16 1 12 24  4.833
 16 1 12 25  4.599
 16 1 12 26  4.790
 16 1 12 27  4.917
 16 1 12 28  5.157
 16 1 12 29  5.296
 16 1 12 30  5.051
 16 1 12 31  5.230
 16 1 13  0  4.906
 16 1 13  1  4.597
 16 1 13  2  4.677
 16 1 13  3  4.632
 16 1 13  4  4.382
 16 1 13  5  4.585
 16 1 13  6  4.423
 16 1 13  7  4.218
 16 1 13  8  4.218
 16 1 13  9  4.865
 16 1 13 10  4.619
 16 1 13 11  4.530
 16 1 13 12  4.885
 16 1 13 13  4.640
 16 1 13 14  4.589
 16 1 13 15  4.689
 16 1 13 16  4.631
 16 1 13 17  4.797
 16 1 13 18  4.863
 16 1 13 19  4.788
 16 1 13 20  4.987
 16 1 13 21  4.943
 16 1 13 22  4.864
 16 1 13 23  4.899
 16 1 13 24  4.790
 16 1 13 25  4.503
 16 1 13 26  4.986
 16 1 13 27  4.891
 16 1 13 28  4.827
 16 1 13 29  5.212
 16 1 13 30  5.248
 16 1 13 31  5.634
 16 1 14  0  4.930
 16 1 14  1  4.691
 16 1 14  2  4.491
 16 1 14  3  4.460
 16 1 14  4  4.596
 16 1 14  5  4.601
 16 1 14  6  4.451
 16 1 14  7  4.278
 16 1 14  8  4.514
 16 1 14  9  4.649
 16 1 14 10  4.626
 16 1 14 11  4.678
 16 1 14 12  4.620
 16 1 14 13  4.647
 16 1 14 14  4.569
 16 1 14 15  4.710
 16 1 14 16  4.808
 16 1 14 17  4.765
 16 1 14 18  4.915
 16 1 14 19  4.843
 16 1 14 20  4.866
 16 1 14 21  4.769
 16 1 14 22  4.749
 16 1 14 23  4.428
 16 1 14 24  4.763
 16 1 14 25  4.945
 16 1 14 26  4.825
 16 1 14 27  4.864
 16 1 14 28  5.027
 16 1 14 29  5.225
 16 1 14 30  4.914
 16 1 14 31  5.498
 16 1 15  0  5.030
 16 1 15  1  4.778
 16 1 15  2  4.588
 16 1 15  3  4.622
 16 1 15  4  4.401
 16 1 15  5  4.603
 16 1 15  6  4.437
 16 1 15  7  4.267
 16 1 15  8  4.590
 16 1 15  9  4.821
 16 1 15 10  4.581
 16 1 15 11  4.645
 16 1 15 12  4.781
 16 1 15 13  4.618
 16 1 15 14  4.850
 16 1 15 15  4.541
 16 1 15 16  4.581
 16 1 15 17  5.090
 16 1 15 18  4.944
 16 1 15 19  4.861
 16 1 15 20  5.012
 16 1 15 21  4.769
 16 1 15 22  4.737
 16 1 15 23  4.688
 16 1 15 24  4.876
 16 1 15 25  4.869
 16 1 15 26  4.951
 16 1 15 27  4.869
 16 1 15 28  4.999
 16 1 15 29  4.884
 16 1 15 30  5.282
 16 1 15 31  5.655
 16 1 16  0  4.814
 16 1 16  1  4.824
 16 1 16  2  4.433
 16 1 16  3  4.647
 16 1 16  4  4.559
 16 1 16  5  4.716
 16 1 16  6  4.485
 16 1 16  7  4.236
 16 1 16  8  4.533
 16 1 16  9  4.706
 16 1 16 10  4.612
 16 1 16 11  4.936
 16 1 16 12  4.578
 16 1 16 13  4.466
 16 1 16 14  4.691
 16 1 16 15  4.743
 16 1 16 16  4.903
 16 1 16 17  4.857
 16 1 16 18  5.020
 16 1 16 19  4.856
 16 1 16 20  5.190
 16 1 16 21  4.938
 16 1 16 22  4.721
 16 1 16 23  4.647
 16 1 16 24  4.692
 16 1 16 25  4.806
 16 1 16 26  5.254
 16 1 16 27  4.898
 16 1 16 28  4.875
 16 1 16 29  4.718
 16 1 16 30  5.128
 16 1 16 31  5.331
 16 1 17  0  5.292
 16 1 17  1  4.942
 16 1 17  2  4.602
 16 1 17  3  4.671
 16 1 17  4  4.623
 16 1 17  5  4.726
 16 1 17  6  4.621
 16 1 17  7  4.560
 16 1 17  8  4.486
 16 1 17  9  4.619
 16 1 17 10  4.683
 16 1 17 11  4.696
 16 1 17 12  4.837
 16 1 17 13  4.696
 16 1 17 14  4.770
 16 1 17 15  4.716
 16 1 17 16  4.631
 16 1 17 17  4.918
 16 1 17 18  4.739
 16 1 17 19  5.052
 16 1 17 20  4.816
 16 1 17 21  4.674
 16 1 17 22  4.813
 16 1 17 23  4.854
 16 1 17 24  4.803
 16 1 17 25  4.854
 16 1 17 26  4.817
 16 1 17 27  5.024
 16 1 17 28  5.097
 16 1 17 29  4.923
 16 1 17 30  4.921
 16 1 17 31  4.958
 14 0  0  0  3.969
 14 0  0  1  3.675
 14 0  0  2  3.770
 14 0  0  3  3.473
 14 0  0  4  3.591
 14 0  0  5  3.851
 14 0  0  6  3.821
 14 0  0  7  3.549
 14 0  0  8  3.489
 14 0  0  9  3.450
 14 0  0 10  3.519
 14 0  0 11  3.285
 14 0  0 12  3.268
 14 0  0 13  3.253
 14 0  0 14  3.095
 14 0  0 15  3.113
 14 0  0 16  3.164
 14 0  0 17  2.912
 14 0  0 18  2.941
 14 0  0 19  2.970
 14 0  0 20  2.976
 14 0  0 21  3.186
 14 0  0 22  3.057
 14 0  0 23 999.999
 14 0  1  0  4.173
 14 0  1  1  4.297
 14 0  1  2  4.070
 14 0  1  3  3.917
 14 0  1  4  3.655
 14 0  1  5  3.546
 14 0  1  6  3.612
 14 0  1  7  3.759
 14 0  1  8  3.771
 14 0  1  9 999.999
 14 0  1 10  3.834
 14 0  1 11  3.691
 14 0  1 12  3.661
 14 0  1 13  3.644
 14 0  1 14  3.504
 14 0  1 15  3.403
 14 0  1 16  3.381
 14 0  1 17  3.170
 14 0  1 18  3.041
 14 0  1 19  2.946
 14 0  1 20  2.872
 14 0  1 21  3.097
 14 0  1 22  3.162
 14 0  1 23  3.638
 14 0  2  0  4.653
 14 0  2  1  4.478
 14 0  2  2  4.125
 14 0  2  3  4.020
 14 0  2  4  3.883
 14 0  2  5  3.914
 14 0  2  6  3.691
 14 0  2  7  3.586
 14 0  2  8  3.545
 14 0  2  9  3.691
 14 0  2 10  3.522
 14 0  2 11  3.641
 14 0  2 12  3.481
 14 0  2 13  3.394
 14 0  2 14  3.399
 14 0  2 15  3.234
 14 0  2 16  3.166
 14 0  2 17  3.328
 14 0  2 18  3.364
 14 0  2 19  3.291
 14 0  2 20  3.383
 14 0  2 21  3.521
 14 0  2 22  3.462
 14 0  2 23  3.616
 14 0  3  0  4.469
 14 0  3  1  4.137
 14 0  3  2  4.082
 14 0  3  3  3.938
 14 0  3  4  3.866
 14 0  3  5  3.745
 14 0  3  6  3.750
 14 0  3  7  3.617
 14 0  3  8  3.611
 14 0  3  9  3.499
 14 0  3 10  3.499
 14 0  3 11  3.419
 14 0  3 12  3.322
 14 0  3 13  3.362
 14 0  3 14  3.413
 14 0  3 15  3.341
 14 0  3 16  3.334
 14 0  3 17  3.357
 14 0  3 18  3.372
 14 0  3 19  3.234
 14 0  3 20  3.286
 14 0  3 21  3.199
 14 0  3 22  3.167
 14 0  3 23  3.166
 14 0  4  0  4.098
 14 0  4  1  3.972
 14 0  4  2  4.025
 14 0  4  3 999.999
 14 0  4  4  3.731
 14 0  4  5  3.525
 14 0  4  6  3.591
 14 0  4  7  3.439
 14 0  4  8  3.486
 14 0  4  9  3.428
 14 0  4 10  3.502
 14 0  4 11  3.537
 14 0  4 12  3.476
 14 0  4 13  3.371
 14 0  4 14  3.341
 14 0  4 15  3.304
 14 0  4 16  3.275
 14 0  4 17  3.106
 14 0  4 18  3.127
 14 0  4 19  3.305
 14 0  4 20  3.292
 14 0  4 21  3.281
 14 0  4 22  3.129
 14 0  4 23  3.105
 14 0  5  0  4.609
 14 0  5  1  4.283
 14 0  5  2  4.075
 14 0  5  3  3.697
 14 0  5  4  3.434
 14 0  5  5  3.605
 14 0  5  6  3.593
 14 0  5  7  3.544
 14 0  5  8  3.515
 14 0  5  9  3.500
 14 0  5 10  3.536
 14 0  5 11  3.608
 14 0  5 12  3.494
 14 0  5 13  3.419
 14 0  5 14  3.163
 14 0  5 15  3.366
 14 0  5 16  3.163
 14 0  5 17  3.153
 14 0  5 18  3.121
 14 0  5 19  3.035
 14 0  5 20  3.152
 14 0  5 21  3.116
 14 0  5 22  3.461
 14 0  5 23  3.313
 14 0  6  0  4.008
 14 0  6  1  3.943
 14 0  6  2  3.767
 14 0  6  3  3.884
 14 0  6  4  3.624
 14 0  6  5  3.774
 14 0  6  6  3.561
 14 0  6  7  3.567
 14 0  6  8  3.529
 14 0  6  9  3.517
 14 0  6 10  3.440
 14 0  6 11  3.508
 14 0  6 12  3.488
 14 0  6 13  3.452
 14 0  6 14  3.387
 14 0  6 15  3.313
 14 0  6 16  3.253
 14 0  6 17  3.284
 14 0  6 18  3.117
 14 0  6 19  3.257
 14 0  6 20  3.332
 14 0  6 21  3.086
 14 0  6 22  2.936
 14 0  6 23  3.113
 14 0  7  0  4.062
 14 0  7  1  4.053
 14 0  7  2  3.999
 14 0  7  3  3.862
 14 0  7  4  3.747
 14 0  7  5  3.695
 14 0  7  6  3.684
 14 0  7  7  3.651
 14 0  7  8  3.523
 14 0  7  9  3.554
 14 0  7 10  3.435
 14 0  7 11  3.458
 14 0  7 12  3.504
 14 0  7 13  3.504
 14 0  7 14  3.146
 14 0  7 15  3.393
 14 0  7 16  3.375
 14 0  7 17  3.442
 14 0  7 18  3.463
 14 0  7 19  3.370
 14 0  7 20  3.136
 14 0  7 21  3.337
 14 0  7 22  3.135
 14 0  7 23  3.280
 14 0  8  0  4.459
 14 0  8  1  4.413
 14 0  8  2  4.135
 14 0  8  3  4.102
 14 0  8  4  3.910
 14 0  8  5  3.816
 14 0  8  6  3.772
 14 0  8  7  3.581
 14 0  8  8  3.553
 14 0  8  9 999.999
 14 0  8 10  3.622
 14 0  8 11  3.630
 14 0  8 12  3.471
 14 0  8 13  3.500
 14 0  8 14  3.409
 14 0  8 15  3.363
 14 0  8 16  3.423
 14 0  8 17  3.442
 14 0  8 18  3.487
 14 0  8 19  3.524
 14 0  8 20  3.361
 14 0  8 21  3.396
 14 0  8 22  3.461
 14 0  8 23  3.221
 14 0  9  0  3.612
 14 0  9  1  3.767
 14 0  9  2  3.530
 14 0  9  3  3.392
 14 0  9  4  3.270
 14 0  9  5  3.335
 14 0  9  6  3.700
 14 0  9  7  3.656
 14 0  9  8  3.491
 14 0  9  9  3.687
 14 0  9 10  3.823
 14 0  9 11  3.931
 14 0  9 12  3.690
 14 0  9 13  3.779
 14 0  9 14  3.521
 14 0  9 15  3.468
 14 0  9 16  3.475
 14 0  9 17  3.232
 14 0  9 18  3.260
 14 0  9 19  2.819
 14 0  9 20  2.875
 14 0  9 21  3.005
 14 0  9 22  2.901
 14 0  9 23  3.210
 14 0 10  0  3.508
 14 0 10  1  3.380
 14 0 10  2  3.348
 14 0 10  3  3.462
 14 0 10  4  3.382
 14 0 10  5  3.154
 14 0 10  6  3.384
 14 0 10  7  3.432
 14 0 10  8  3.177
 14 0 10  9  3.241
 14 0 10 10  3.117
 14 0 10 11  3.430
 14 0 10 12  3.310
 14 0 10 13  3.156
 14 0 10 14  3.350
 14 0 10 15  3.229
 14 0 10 16  3.154
 14 0 10 17  3.403
 14 0 10 18  3.119
 14 0 10 19  2.735
 14 0 10 20  3.093
 14 0 10 21  3.184
 14 0 10 22  2.798
 14 0 10 23  2.985
 14 1  0  0  3.359
 14 1  0  1  3.777
 14 1  0  2  3.591
 14 1  0  3  3.924
 14 1  0  4  3.659
 14 1  0  5  3.752
 14 1  0  6  3.830
 14 1  0  7  3.901
 14 1  0  8  4.048
 14 1  0  9  4.425
 14 1  0 10  4.155
 14 1  0 11  4.272
 14 1  0 12  4.473
 14 1  0 13  4.092
 14 1  0 14  4.198
 14 1  0 15  4.453
 14 1  0 16  4.429
 14 1  0 17  4.632
 14 1  0 18  4.513
 14 1  0 19  4.651
 14 1  0 20  4.470
 14 1  0 21  4.717
 14 1  0 22  4.571
 14 1  0 23  4.540
 14 1  1  0  3.957
 14 1  1  1  3.923
 14 1  1  2  3.715
 14 1  1  3  4.101
 14 1  1  4  3.915
 14 1  1  5  4.034
 14 1  1  6  3.866
 14 1  1  7  4.122
 14 1  1  8  4.536
 14 1  1  9  4.233
 14 1  1 10  4.165
 14 1  1 11  4.257
 14 1  1 12  4.595
 14 1  1 13  4.557
 14 1  1 14  4.792
 14 1  1 15  4.544
 14 1  1 16 999.999
 14 1  1 17  4.594
 14 1  1 18  4.912
 14 1  1 19  4.928
 14 1  1 20  4.900
 14 1  1 21  4.883
 14 1  1 22  5.242
 14 1  1 23  5.698
 14 1  2  0  4.078
 14 1  2  1  3.992
 14 1  2  2  4.000
 14 1  2  3  4.017
 14 1  2  4  4.099
 14 1  2  5  4.083
 14 1  2  6  4.067
 14 1  2  7  4.252
 14 1  2  8  4.219
 14 1  2  9  4.554
 14 1  2 10  4.420
 14 1  2 11  4.380
 14 1  2 12  4.581
 14 1  2 13  4.722
 14 1  2 14  4.978
 14 1  2 15  4.817
 14 1  2 16  5.143
 14 1  2 17  4.934
 14 1  2 18  4.708
 14 1  2 19  5.173
 14 1  2 20  5.265
 14 1  2 21  5.371
 14 1  2 22  5.373
 14 1  2 23  5.825
 14 1  3  0  3.769
 14 1  3  1  3.788
 14 1  3  2  3.898
 14 1  3  3  3.951
 14 1  3  4  3.848
 14 1  3  5  3.969
 14 1  3  6  4.000
 14 1  3  7  3.975
 14 1  3  8  4.038
 14 1  3  9  3.987
 14 1  3 10  3.885
 14 1  3 11  4.027
 14 1  3 12  4.462
 14 1  3 13  4.329
 14 1  3 14  4.426
 14 1  3 15  4.236
 14 1  3 16  4.417
 14 1  3 17  4.610
 14 1  3 18  4.623
 14 1  3 19  4.981
 14 1  3 20  4.996
 14 1  3 21  4.749
 14 1  3 22  5.425
 14 1  3 23  4.669
 14 1  4  0  3.716
 14 1  4  1  3.666
 14 1  4  2  3.561
 14 1  4  3  3.998
 14 1  4  4  3.944
 14 1  4  5  4.058
 14 1  4  6  3.914
 14 1  4  7  3.917
 14 1  4  8  4.134
 14 1  4  9  4.265
 14 1  4 10  4.132
 14 1  4 11  4.289
 14 1  4 12  4.343
 14 1  4 13  4.466
 14 1  4 14  4.438
 14 1  4 15  4.497
 14 1  4 16  4.549
 14 1  4 17  4.797
 14 1  4 18  4.627
 14 1  4 19  4.844
 14 1  4 20  4.828
 14 1  4 21  4.788
 14 1  4 22  4.620
 14 1  4 23  4.700
 14 1  5  0  3.781
 14 1  5  1  3.798
 14 1  5  2  3.583
 14 1  5  3  3.784
 14 1  5  4  3.856
 14 1  5  5  4.008
 14 1  5  6  4.100
 14 1  5  7  4.186
 14 1  5  8 999.999
 14 1  5  9  4.097
 14 1  5 10 999.999
 14 1  5 11  4.183
 14 1  5 12  4.294
 14 1  5 13 999.999
 14 1  5 14  4.260
 14 1  5 15  4.593
 14 1  5 16  4.590
 14 1  5 17  4.595
 14 1  5 18  4.696
 14 1  5 19  4.740
 14 1  5 20  4.693
 14 1  5 21  4.791
 14 1  5 22  4.581
 14 1  5 23  4.811
 14 1  6  0  3.833
 14 1  6  1  3.556
 14 1  6  2  3.647
 14 1  6  3  3.627
 14 1  6  4  3.903
 14 1  6  5  3.808
 14 1  6  6  4.116
 14 1  6  7  4.070
 14 1  6  8  4.205
 14 1  6  9  4.002
 14 1  6 10  4.206
 14 1  6 11  4.156
 14 1  6 12  4.327
 14 1  6 13  4.500
 14 1  6 14  4.604
 14 1  6 15  4.472
 14 1  6 16  4.511
 14 1  6 17  4.408
 14 1  6 18  4.647
 14 1  6 19  4.788
 14 1  6 20  5.117
 14 1  6 21  4.867
 14 1  6 22  4.732
 14 1  6 23  4.690
 14 1  7  0  3.913
 14 1  7  1  3.843
 14 1  7  2  3.817
 14 1  7  3  4.077
 14 1  7  4  4.279
 14 1  7  5  4.022
 14 1  7  6  4.270
 14 1  7  7  4.212
 14 1  7  8  4.483
 14 1  7  9  4.340
 14 1  7 10  4.393
 14 1  7 11  4.315
 14 1  7 12  4.577
 14 1  7 13 999.999
 14 1  7 14  4.567
 14 1  7 15  4.320
 14 1  7 16  4.673
 14 1  7 17  4.855
 14 1  7 18  4.841
 14 1  7 19  4.984
 14 1  7 20  4.954
 14 1  7 21  5.026
 14 1  7 22  4.913
 14 1  7 23  4.833
 14 1  8  0  4.227
 14 1  8  1  3.881
 14 1  8  2  3.888
 14 1  8  3  4.212
 14 1  8  4  4.232
 14 1  8  5  4.409
 14 1  8  6  4.274
 14 1  8  7  4.380
 14 1  8  8 999.999
 14 1  8  9  4.356
 14 1  8 10  4.604
 14 1  8 11  4.380
 14 1  8 12  4.794
 14 1  8 13  4.776
 14 1  8 14  4.612
 14 1  8 15  4.705
 14 1  8 16  4.727
 14 1  8 17  4.713
 14 1  8 18  5.055
 14 1  8 19  4.956
 14 1  8 20 999.999
 14 1  8 21  5.516
 14 1  8 22  5.058
 14 1  8 23  4.842
 14 1  9  0  3.863
 14 1  9  1  3.644
 14 1  9  2  3.646
 14 1  9  3  3.937
 14 1  9  4  3.840
 14 1  9  5  4.146
 14 1  9  6  3.988
 14 1  9  7  3.915
 14 1  9  8  4.068
 14 1  9  9  3.994
 14 1  9 10  4.158
 14 1  9 11  4.192
 14 1  9 12  4.440
 14 1  9 13  4.418
 14 1  9 14  4.294
 14 1  9 15  4.322
 14 1  9 16  4.521
 14 1  9 17  4.683
 14 1  9 18  4.702
 14 1  9 19  4.418
 14 1  9 20  4.836
 14 1  9 21  4.472
 14 1  9 22  4.486
 14 1  9 23  4.654
 14 1 10  0  3.630
 14 1 10  1  3.577
 14 1 10  2  3.582
 14 1 10  3  3.601
 14 1 10  4  3.609
 14 1 10  5  3.978
 14 1 10  6  3.687
 14 1 10  7  4.233
 14 1 10  8  3.627
 14 1 10  9  3.999
 14 1 10 10  4.037
 14 1 10 11  4.522
 14 1 10 12  4.665
 14 1 10 13  4.227
 14 1 10 14 999.999
 14 1 10 15  4.653
 14 1 10 16  4.160
 14 1 10 17  4.413
 14 1 10 18  4.054
 14 1 10 19  4.722
 14 1 10 20  4.527
 14 1 10 21  4.567
 14 1 10 22 999.999
 14 1 10 23  4.497
