  3 0  0  0  5.153
  3 0  0  1  5.309
  3 0  0  2  5.077
  3 0  0  3  4.940
  3 0  0  4  5.084
  3 0  0  5  5.091
  3 0  0  6  4.820
  3 0  0  7  5.137
  3 0  0  8  5.241
  3 0  0  9  5.118
  3 0  0 10  5.092
  3 0  0 11  4.927
  3 0  0 12  4.898
  3 0  0 13  4.952
  3 0  0 14  4.572
  3 0  0 15  5.131
  3 0  0 16  4.870
  3 0  0 17  4.903
  3 0  0 18  4.999
  3 0  0 19  5.243
  3 0  0 20  5.016
  3 0  0 21  5.088
  3 0  0 22  4.756
  3 0  0 23  5.327
  3 0  1  0  5.297
  3 0  1  1  5.497
  3 0  1  2  5.271
  3 0  1  3  5.162
  3 0  1  4  5.437
  3 0  1  5  5.225
  3 0  1  6  5.325
  3 0  1  7  5.065
  3 0  1  8  5.291
  3 0  1  9  5.341
  3 0  1 10  5.102
  3 0  1 11  5.533
  3 0  1 12  5.409
  3 0  1 13  5.534
  3 0  1 14  5.293
  3 0  1 15  5.227
  3 0  1 16  5.394
  3 0  1 17  4.884
  3 0  1 18  5.157
  3 0  1 19  5.101
  3 0  1 20  5.165
  3 0  1 21  5.216
  3 0  1 22  5.102
  3 0  1 23  5.419
  3 0  2  0  5.439
  3 0  2  1  5.310
  3 0  2  2  5.485
  3 0  2  3  5.357
  3 0  2  4  5.232
  3 0  2  5  5.316
  3 0  2  6  5.541
  3 0  2  7  5.405
  3 0  2  8  5.369
  3 0  2  9  5.171
  3 0  2 10  5.240
  3 0  2 11  5.170
  3 0  2 12  5.331
  3 0  2 13  5.267
  3 0  2 14  5.202
  3 0  2 15  5.452
  3 0  2 16  5.420
  3 0  2 17  5.018
  3 0  2 18  5.267
  3 0  2 19  5.297
  3 0  2 20  5.252
  3 0  2 21  5.304
  3 0  2 22  5.133
  3 0  2 23  5.111
  3 0  3  0  5.472
  3 0  3  1  5.355
  3 0  3  2  5.364
  3 0  3  3  5.366
  3 0  3  4  5.165
  3 0  3  5  5.141
  3 0  3  6  5.544
  3 0  3  7  5.166
  3 0  3  8  5.205
  3 0  3  9  5.236
  3 0  3 10  5.481
  3 0  3 11  5.265
  3 0  3 12  5.439
  3 0  3 13  5.247
  3 0  3 14  5.318
  3 0  3 15  5.168
  3 0  3 16  5.027
  3 0  3 17  5.125
  3 0  3 18  5.033
  3 0  3 19  5.175
  3 0  3 20  5.067
  3 0  3 21  5.306
  3 0  3 22  5.234
  3 0  3 23  5.353
  3 0  4  0  5.291
  3 0  4  1  5.154
  3 0  4  2  5.372
  3 0  4  3  5.530
  3 0  4  4  5.268
  3 0  4  5  5.305
  3 0  4  6  0.010
  3 0  4  7  5.158
  3 0  4  8  4.995
  3 0  4  9  5.299
  3 0  4 10  5.460
  3 0  4 11  5.180
  3 0  4 12  5.374
  3 0  4 13  5.251
  3 0  4 14  5.090
  3 0  4 15  5.130
  3 0  4 16  5.171
  3 0  4 17  5.181
  3 0  4 18  5.275
  3 0  4 19  5.134
  3 0  4 20  5.182
  3 0  4 21  5.231
  3 0  4 22  5.285
  3 0  4 23  5.133
  3 0  5  0  5.298
  3 0  5  1  5.687
  3 0  5  2  5.526
  3 0  5  3  5.183
  3 0  5  4  5.351
  3 0  5  5  5.399
  3 0  5  6  5.169
  3 0  5  7  5.299
  3 0  5  8  5.288
  3 0  5  9  5.301
  3 0  5 10  5.136
  3 0  5 11  5.539
  3 0  5 12  5.198
  3 0  5 13  5.352
  3 0  5 14  5.157
  3 0  5 15  5.132
  3 0  5 16  5.370
  3 0  5 17  5.183
  3 0  5 18  5.214
  3 0  5 19  5.241
  3 0  5 20  5.026
  3 0  5 21  5.178
  3 0  5 22  5.168
  3 0  5 23  5.172
  3 0  6  0  5.279
  3 0  6  1  5.785
  3 0  6  2  5.574
  3 0  6  3  5.407
  3 0  6  4  5.666
  3 0  6  5  5.450
  3 0  6  6  5.432
  3 0  6  7  5.460
  3 0  6  8  5.118
  3 0  6  9  5.118
  3 0  6 10  5.353
  3 0  6 11  5.264
  3 0  6 12  4.983
  3 0  6 13  5.243
  3 0  6 14  5.168
  3 0  6 15  5.307
  3 0  6 16  4.899
  3 0  6 17  5.094
  3 0  6 18  5.213
  3 0  6 19  5.136
  3 0  6 20  5.182
  3 0  6 21  5.032
  3 0  6 22  4.998
  3 0  6 23  4.931
  3 0  7  0  5.404
  3 0  7  1  5.594
  3 0  7  2  5.806
  3 0  7  3  5.642
  3 0  7  4  5.750
  3 0  7  5  5.344
  3 0  7  6  5.093
  3 0  7  7  5.094
  3 0  7  8  5.162
  3 0  7  9  5.189
  3 0  7 10  5.253
  3 0  7 11  5.476
  3 0  7 12  5.182
  3 0  7 13  5.228
  3 0  7 14  5.016
  3 0  7 15  5.154
  3 0  7 16  4.987
  3 0  7 17  5.157
  3 0  7 18  4.974
  3 0  7 19  5.103
  3 0  7 20  5.252
  3 0  7 21  5.530
  3 0  7 22  5.527
  3 0  7 23  5.282
  3 0  8  0  5.615
  3 0  8  1  5.701
  3 0  8  2  5.608
  3 0  8  3  5.497
  3 0  8  4  5.778
  3 0  8  5  5.287
  3 0  8  6  5.284
  3 0  8  7  0.010
  3 0  8  8  5.226
  3 0  8  9  5.288
  3 0  8 10  5.098
  3 0  8 11  5.311
  3 0  8 12  5.172
  3 0  8 13  5.385
  3 0  8 14  5.154
  3 0  8 15  5.179
  3 0  8 16  4.980
  3 0  8 17  5.094
  3 0  8 18  5.178
  3 0  8 19  4.989
  3 0  8 20  5.386
  3 0  8 21  5.352
  3 0  8 22  5.674
  3 0  8 23  5.289
  3 0  9  0  5.239
  3 0  9  1  5.570
  3 0  9  2  5.105
  3 0  9  3  5.606
  3 0  9  4  5.422
  3 0  9  5  4.826
  3 0  9  6  5.338
  3 0  9  7  5.087
  3 0  9  8  5.123
  3 0  9  9  5.467
  3 0  9 10  5.492
  3 0  9 11  5.400
  3 0  9 12  5.322
  3 0  9 13  5.097
  3 0  9 14  5.071
  3 0  9 15  5.211
  3 0  9 16  5.273
  3 0  9 17  5.292
  3 0  9 18  5.153
  3 0  9 19  4.950
  3 0  9 20  5.135
  3 0  9 21  5.064
  3 0  9 22  4.956
  3 0  9 23  5.342
  3 0 10  0  5.034
  3 0 10  1  5.412
  3 0 10  2  5.725
  3 0 10  3  5.522
  3 0 10  4  5.176
  3 0 10  5  5.154
  3 0 10  6  5.001
  3 0 10  7  5.143
  3 0 10  8  5.006
  3 0 10  9  5.191
  3 0 10 10  4.890
  3 0 10 11  4.711
  3 0 10 12  4.903
  3 0 10 13  4.974
  3 0 10 14  0.010
  3 0 10 15  5.022
  3 0 10 16  4.932
  3 0 10 17  5.239
  3 0 10 18  5.509
  3 0 10 19  5.251
  3 0 10 20  5.058
  3 0 10 21  5.207
  3 0 10 22  5.110
  3 0 10 23  4.921
  3 1  0  0  5.112
  3 1  0  1  5.461
  3 1  0  2  5.253
  3 1  0  3  5.235
  3 1  0  4  5.239
  3 1  0  5  5.314
  3 1  0  6  5.147
  3 1  0  7  5.276
  3 1  0  8  5.162
  3 1  0  9  5.395
  3 1  0 10  5.308
  3 1  0 11  5.633
  3 1  0 12  5.493
  3 1  0 13  5.697
  3 1  0 14  5.501
  3 1  0 15  5.525
  3 1  0 16  6.003
  3 1  0 17  5.773
  3 1  0 18  5.592
  3 1  0 19  5.893
  3 1  0 20  5.291
  3 1  0 21  5.885
  3 1  0 22  5.839
  3 1  0 23  5.444
  3 1  1  0  5.750
  3 1  1  1  5.213
  3 1  1  2  5.156
  3 1  1  3  5.340
  3 1  1  4  5.303
  3 1  1  5  5.709
  3 1  1  6  5.228
  3 1  1  7  5.643
  3 1  1  8  5.640
  3 1  1  9  5.853
  3 1  1 10  5.409
  3 1  1 11  5.862
  3 1  1 12  5.663
  3 1  1 13  5.978
  3 1  1 14  6.097
  3 1  1 15  6.360
  3 1  1 16  6.077
  3 1  1 17  5.555
  3 1  1 18  5.779
  3 1  1 19  6.072
  3 1  1 20  5.999
  3 1  1 21  5.711
  3 1  1 22  5.532
  3 1  1 23  5.937
  3 1  2  0  5.462
  3 1  2  1  5.552
  3 1  2  2  5.587
  3 1  2  3  5.615
  3 1  2  4  5.150
  3 1  2  5  5.750
  3 1  2  6  5.628
  3 1  2  7  5.543
  3 1  2  8  5.553
  3 1  2  9  5.437
  3 1  2 10  5.629
  3 1  2 11  5.658
  3 1  2 12  5.576
  3 1  2 13  5.940
  3 1  2 14  6.071
  3 1  2 15  5.744
  3 1  2 16  6.435
  3 1  2 17  6.317
  3 1  2 18  5.880
  3 1  2 19  6.298
  3 1  2 20  5.841
  3 1  2 21  6.145
  3 1  2 22  6.472
  3 1  2 23  5.568
  3 1  3  0  5.356
  3 1  3  1  5.306
  3 1  3  2  5.410
  3 1  3  3  5.592
  3 1  3  4  5.455
  3 1  3  5  5.347
  3 1  3  6  5.516
  3 1  3  7  5.573
  3 1  3  8  5.455
  3 1  3  9  5.672
  3 1  3 10  5.503
  3 1  3 11  5.399
  3 1  3 12  5.703
  3 1  3 13  5.609
  3 1  3 14  5.796
  3 1  3 15  5.729
  3 1  3 16  5.522
  3 1  3 17  6.139
  3 1  3 18  6.286
  3 1  3 19  5.520
  3 1  3 20  5.917
  3 1  3 21  6.325
  3 1  3 22  5.841
  3 1  3 23  5.561
  3 1  4  0  5.373
  3 1  4  1  5.334
  3 1  4  2  5.479
  3 1  4  3  5.561
  3 1  4  4  5.550
  3 1  4  5  5.796
  3 1  4  6  5.876
  3 1  4  7  5.464
  3 1  4  8  5.747
  3 1  4  9  5.610
  3 1  4 10  5.590
  3 1  4 11  5.779
  3 1  4 12  5.505
  3 1  4 13  5.923
  3 1  4 14  5.701
  3 1  4 15  5.570
  3 1  4 16  5.819
  3 1  4 17  5.974
  3 1  4 18  5.685
  3 1  4 19  5.860
  3 1  4 20  5.648
  3 1  4 21  5.306
  3 1  4 22  6.215
  3 1  4 23  5.849
  3 1  5  0  5.494
  3 1  5  1  5.281
  3 1  5  2  5.421
  3 1  5  3  5.428
  3 1  5  4  5.499
  3 1  5  5  5.406
  3 1  5  6  5.460
  3 1  5  7  5.684
  3 1  5  8  5.581
  3 1  5  9  5.513
  3 1  5 10  5.470
  3 1  5 11  5.802
  3 1  5 12  5.539
  3 1  5 13  6.134
  3 1  5 14  5.727
  3 1  5 15  5.761
  3 1  5 16  6.127
  3 1  5 17  6.239
  3 1  5 18  6.063
  3 1  5 19  5.798
  3 1  5 20  5.947
  3 1  5 21  5.630
  3 1  5 22  5.552
  3 1  5 23  6.744
  3 1  6  0  5.201
  3 1  6  1  5.558
  3 1  6  2  5.630
  3 1  6  3  5.463
  3 1  6  4  5.295
  3 1  6  5  5.389
  3 1  6  6  5.334
  3 1  6  7  5.713
  3 1  6  8  5.707
  3 1  6  9  5.592
  3 1  6 10  5.709
  3 1  6 11  6.110
  3 1  6 12  5.665
  3 1  6 13  5.822
  3 1  6 14  5.535
  3 1  6 15  5.833
  3 1  6 16  5.701
  3 1  6 17  5.983
  3 1  6 18  6.201
  3 1  6 19  5.875
  3 1  6 20  6.576
  3 1  6 21  5.725
  3 1  6 22  6.148
  3 1  6 23  5.405
  3 1  7  0  5.381
  3 1  7  1  5.527
  3 1  7  2  5.502
  3 1  7  3  5.384
  3 1  7  4  5.415
  3 1  7  5  5.417
  3 1  7  6  5.279
  3 1  7  7  5.660
  3 1  7  8  5.736
  3 1  7  9  5.724
  3 1  7 10  5.847
  3 1  7 11  5.574
  3 1  7 12  5.566
  3 1  7 13  5.616
  3 1  7 14  6.164
  3 1  7 15  5.758
  3 1  7 16  5.878
  3 1  7 17  5.727
  3 1  7 18  6.133
  3 1  7 19  5.837
  3 1  7 20  6.135
  3 1  7 21  6.165
  3 1  7 22  5.749
  3 1  7 23  6.565
  3 1  8  0  6.080
  3 1  8  1  5.698
  3 1  8  2  5.310
  3 1  8  3  5.422
  3 1  8  4  5.582
  3 1  8  5  5.510
  3 1  8  6  5.434
  3 1  8  7  5.692
  3 1  8  8  5.391
  3 1  8  9  5.653
  3 1  8 10  5.796
  3 1  8 11  5.836
  3 1  8 12  5.651
  3 1  8 13  5.989
  3 1  8 14  6.003
  3 1  8 15  5.867
  3 1  8 16  6.106
  3 1  8 17  5.799
  3 1  8 18  5.683
  3 1  8 19  5.613
  3 1  8 20  5.950
  3 1  8 21  6.076
  3 1  8 22  6.071
  3 1  8 23  6.103
  3 1  9  0  5.218
  3 1  9  1  5.660
  3 1  9  2  5.348
  3 1  9  3  5.207
  3 1  9  4  5.556
  3 1  9  5  5.353
  3 1  9  6  5.268
  3 1  9  7  5.288
  3 1  9  8  5.465
  3 1  9  9  5.365
  3 1  9 10  5.445
  3 1  9 11  5.523
  3 1  9 12  5.776
  3 1  9 13  5.400
  3 1  9 14  5.708
  3 1  9 15  5.797
  3 1  9 16  5.737
  3 1  9 17  5.672
  3 1  9 18  5.860
  3 1  9 19  5.895
  3 1  9 20  5.922
  3 1  9 21  5.393
  3 1  9 22  5.552
  3 1  9 23  7.133
  3 1 10  0  5.092
  3 1 10  1  5.240
  3 1 10  2  5.511
  3 1 10  3  6.343
  3 1 10  4  5.216
  3 1 10  5  5.243
  3 1 10  6  5.677
  3 1 10  7  5.419
  3 1 10  8  5.672
  3 1 10  9  5.810
  3 1 10 10  5.577
  3 1 10 11  5.598
  3 1 10 12  5.235
  3 1 10 13  5.225
  3 1 10 14  5.686
  3 1 10 15  5.909
  3 1 10 16  6.207
  3 1 10 17  5.629
  3 1 10 18  5.611
  3 1 10 19  5.746
  3 1 10 20  6.130
  3 1 10 21  5.334
  3 1 10 22  6.106
  3 1 10 23  5.879
 15 0  0  0  4.803
 15 0  0  1  5.329
 15 0  0  2  4.768
 15 0  0  3  5.193
 15 0  0  4  5.157
 15 0  0  5  5.380
 15 0  0  6  4.903
 15 0  0  7  4.639
 15 0  0  8  4.616
 15 0  0  9  5.120
 15 0  0 10  4.813
 15 0  0 11  4.763
 15 0  0 12  4.667
 15 0  0 13  5.169
 15 0  0 14  4.633
 15 0  0 15  5.219
 15 0  0 16  5.010
 15 0  0 17  4.850
 15 0  0 18  5.330
 15 0  0 19  4.810
 15 0  0 20  4.771
 15 0  0 21  0.010
 15 0  0 22  5.067
 15 0  0 23  4.280
 15 0  0 24  4.780
 15 0  0 25  4.615
 15 0  0 26  0.010
 15 0  0 27  0.010
 15 0  0 28  0.010
 15 0  0 29  0.010
 15 0  0 30  0.010
 15 0  0 31  4.368
 15 0  0 32  4.382
 15 0  0 33  4.471
 15 0  0 34  4.551
 15 0  0 35  4.483
 15 0  0 36  5.430
 15 0  0 37  4.559
 15 0  0 38  5.357
 15 0  0 39  5.240
 15 0  1  0  5.056
 15 0  1  1  4.902
 15 0  1  2  6.400
 15 0  1  3  5.255
 15 0  1  4  5.584
 15 0  1  5  5.190
 15 0  1  6  5.302
 15 0  1  7  5.161
 15 0  1  8  4.964
 15 0  1  9  5.422
 15 0  1 10  5.238
 15 0  1 11  5.001
 15 0  1 12  5.196
 15 0  1 13  5.286
 15 0  1 14  5.111
 15 0  1 15  5.016
 15 0  1 16  5.174
 15 0  1 17  4.892
 15 0  1 18  4.821
 15 0  1 19  5.186
 15 0  1 20  4.953
 15 0  1 21  4.955
 15 0  1 22  4.890
 15 0  1 23  5.328
 15 0  1 24  5.241
 15 0  1 25  5.226
 15 0  1 26  4.985
 15 0  1 27  4.895
 15 0  1 28  5.252
 15 0  1 29  5.005
 15 0  1 30  5.579
 15 0  1 31  5.722
 15 0  1 32  4.745
 15 0  1 33  5.019
 15 0  1 34  5.035
 15 0  1 35  5.409
 15 0  1 36  5.337
 15 0  1 37  5.352
 15 0  1 38  5.140
 15 0  1 39  5.315
 15 0  2  0  4.707
 15 0  2  1  5.071
 15 0  2  2  4.950
 15 0  2  3  4.995
 15 0  2  4  4.682
 15 0  2  5  4.908
 15 0  2  6  5.099
 15 0  2  7  4.989
 15 0  2  8  4.722
 15 0  2  9  5.114
 15 0  2 10  4.819
 15 0  2 11  5.311
 15 0  2 12  5.237
 15 0  2 13  5.225
 15 0  2 14  5.081
 15 0  2 15  5.465
 15 0  2 16  5.354
 15 0  2 17  5.211
 15 0  2 18  5.132
 15 0  2 19  4.946
 15 0  2 20  5.207
 15 0  2 21  4.926
 15 0  2 22  4.922
 15 0  2 23  5.095
 15 0  2 24  5.193
 15 0  2 25  5.117
 15 0  2 26  4.928
 15 0  2 27  5.185
 15 0  2 28  5.381
 15 0  2 29  5.255
 15 0  2 30  4.960
 15 0  2 31  4.964
 15 0  2 32  5.103
 15 0  2 33  5.368
 15 0  2 34  4.905
 15 0  2 35  5.532
 15 0  2 36  4.734
 15 0  2 37  4.880
 15 0  2 38  5.378
 15 0  2 39  5.004
 15 0  3  0  4.908
 15 0  3  1  5.395
 15 0  3  2  5.071
 15 0  3  3  5.271
 15 0  3  4  5.111
 15 0  3  5  4.884
 15 0  3  6  4.786
 15 0  3  7  5.277
 15 0  3  8  5.221
 15 0  3  9  5.294
 15 0  3 10  4.961
 15 0  3 11  4.984
 15 0  3 12  4.986
 15 0  3 13  5.276
 15 0  3 14  4.931
 15 0  3 15  4.964
 15 0  3 16  5.036
 15 0  3 17  5.078
 15 0  3 18  5.049
 15 0  3 19  5.105
 15 0  3 20  4.829
 15 0  3 21  5.175
 15 0  3 22  5.591
 15 0  3 23  5.285
 15 0  3 24  4.869
 15 0  3 25  5.521
 15 0  3 26  5.584
 15 0  3 27  5.108
 15 0  3 28  4.918
 15 0  3 29  4.956
 15 0  3 30  5.102
 15 0  3 31  5.107
 15 0  3 32  5.247
 15 0  3 33  4.550
 15 0  3 34  4.567
 15 0  3 35  4.772
 15 0  3 36  5.173
 15 0  3 37  4.642
 15 0  3 38  4.965
 15 0  3 39  4.920
 15 0  4  0  5.234
 15 0  4  1  5.126
 15 0  4  2  5.079
 15 0  4  3  5.063
 15 0  4  4  4.794
 15 0  4  5  5.085
 15 0  4  6  4.883
 15 0  4  7  5.279
 15 0  4  8  5.062
 15 0  4  9  5.082
 15 0  4 10  4.830
 15 0  4 11  4.762
 15 0  4 12  4.908
 15 0  4 13  5.094
 15 0  4 14  5.180
 15 0  4 15  5.285
 15 0  4 16  4.982
 15 0  4 17  4.805
 15 0  4 18  5.031
 15 0  4 19  5.172
 15 0  4 20  4.958
 15 0  4 21  5.193
 15 0  4 22  5.350
 15 0  4 23  5.057
 15 0  4 24  5.143
 15 0  4 25  5.122
 15 0  4 26  5.003
 15 0  4 27  4.945
 15 0  4 28  5.219
 15 0  4 29  4.866
 15 0  4 30  5.077
 15 0  4 31  4.888
 15 0  4 32  5.018
 15 0  4 33  4.972
 15 0  4 34  5.346
 15 0  4 35  5.297
 15 0  4 36  5.340
 15 0  4 37  5.186
 15 0  4 38  4.957
 15 0  4 39  4.779
 15 0  5  0  5.325
 15 0  5  1  5.010
 15 0  5  2  4.746
 15 0  5  3  5.122
 15 0  5  4  4.948
 15 0  5  5  5.647
 15 0  5  6  5.182
 15 0  5  7  5.489
 15 0  5  8  5.007
 15 0  5  9  5.259
 15 0  5 10  5.016
 15 0  5 11  5.235
 15 0  5 12  4.813
 15 0  5 13  4.979
 15 0  5 14  4.897
 15 0  5 15  5.074
 15 0  5 16  5.197
 15 0  5 17  5.023
 15 0  5 18  5.220
 15 0  5 19  5.085
 15 0  5 20  4.979
 15 0  5 21  5.267
 15 0  5 22  5.381
 15 0  5 23  4.886
 15 0  5 24  4.978
 15 0  5 25  4.789
 15 0  5 26  4.999
 15 0  5 27  4.811
 15 0  5 28  4.878
 15 0  5 29  4.843
 15 0  5 30  5.206
 15 0  5 31  0.010
 15 0  5 32  4.889
 15 0  5 33  5.207
 15 0  5 34  4.850
 15 0  5 35  5.395
 15 0  5 36  4.978
 15 0  5 37  4.906
 15 0  5 38  5.030
 15 0  5 39  5.087
 15 0  6  0  5.754
 15 0  6  1  5.760
 15 0  6  2  5.556
 15 0  6  3  4.926
 15 0  6  4  5.055
 15 0  6  5  5.366
 15 0  6  6  4.831
 15 0  6  7  5.187
 15 0  6  8  5.071
 15 0  6  9  5.151
 15 0  6 10  5.023
 15 0  6 11  4.848
 15 0  6 12  4.747
 15 0  6 13  5.091
 15 0  6 14  4.916
 15 0  6 15  4.782
 15 0  6 16  5.065
 15 0  6 17  5.257
 15 0  6 18  4.937
 15 0  6 19  5.146
 15 0  6 20  5.026
 15 0  6 21  4.947
 15 0  6 22  4.850
 15 0  6 23  5.003
 15 0  6 24  4.936
 15 0  6 25  5.252
 15 0  6 26  5.591
 15 0  6 27  4.957
 15 0  6 28  5.288
 15 0  6 29  4.807
 15 0  6 30  5.538
 15 0  6 31  4.928
 15 0  6 32  5.207
 15 0  6 33  5.022
 15 0  6 34  4.756
 15 0  6 35  5.324
 15 0  6 36  5.083
 15 0  6 37  4.675
 15 0  6 38  5.060
 15 0  6 39  5.063
 15 0  7  0  5.215
 15 0  7  1  4.882
 15 0  7  2  4.703
 15 0  7  3  4.519
 15 0  7  4  4.722
 15 0  7  5  5.136
 15 0  7  6  4.850
 15 0  7  7  4.993
 15 0  7  8  5.313
 15 0  7  9  4.981
 15 0  7 10  5.347
 15 0  7 11  5.302
 15 0  7 12  5.103
 15 0  7 13  4.692
 15 0  7 14  5.061
 15 0  7 15  4.947
 15 0  7 16  5.110
 15 0  7 17  5.397
 15 0  7 18  4.896
 15 0  7 19  4.931
 15 0  7 20  5.244
 15 0  7 21  5.085
 15 0  7 22  5.225
 15 0  7 23  4.915
 15 0  7 24  4.731
 15 0  7 25  5.014
 15 0  7 26  5.183
 15 0  7 27  5.125
 15 0  7 28  5.051
 15 0  7 29  5.017
 15 0  7 30  4.846
 15 0  7 31  5.631
 15 0  7 32  4.855
 15 0  7 33  5.167
 15 0  7 34  5.079
 15 0  7 35  4.883
 15 0  7 36  4.834
 15 0  7 37  5.194
 15 0  7 38  4.830
 15 0  7 39  4.654
 15 1  0  0  5.156
 15 1  0  1  5.472
 15 1  0  2  5.420
 15 1  0  3  5.323
 15 1  0  4  5.552
 15 1  0  5  5.321
 15 1  0  6  5.420
 15 1  0  7  5.098
 15 1  0  8  5.432
 15 1  0  9  5.596
 15 1  0 10  5.573
 15 1  0 11  5.782
 15 1  0 12  5.272
 15 1  0 13  5.093
 15 1  0 14  5.621
 15 1  0 15  5.138
 15 1  0 16  5.173
 15 1  0 17  5.199
 15 1  0 18  5.254
 15 1  0 19  5.468
 15 1  0 20  5.285
 15 1  0 21  5.128
 15 1  0 22  5.778
 15 1  0 23  5.276
 15 1  0 24  4.908
 15 1  0 25  5.583
 15 1  0 26  5.574
 15 1  0 27  5.477
 15 1  0 28  5.278
 15 1  0 29  5.061
 15 1  0 30  5.125
 15 1  0 31  5.479
 15 1  0 32  5.100
 15 1  0 33  5.475
 15 1  0 34  4.983
 15 1  0 35  5.087
 15 1  0 36  4.989
 15 1  0 37  5.881
 15 1  0 38  4.970
 15 1  0 39  4.910
 15 1  1  0  5.246
 15 1  1  1  4.937
 15 1  1  2  5.523
 15 1  1  3  5.559
 15 1  1  4  5.722
 15 1  1  5  5.480
 15 1  1  6  5.514
 15 1  1  7  5.857
 15 1  1  8  5.582
 15 1  1  9  5.298
 15 1  1 10  5.937
 15 1  1 11  5.354
 15 1  1 12  5.398
 15 1  1 13  5.317
 15 1  1 14  5.714
 15 1  1 15  5.981
 15 1  1 16  5.268
 15 1  1 17  5.654
 15 1  1 18  5.399
 15 1  1 19  5.689
 15 1  1 20  5.383
 15 1  1 21  5.664
 15 1  1 22  5.687
 15 1  1 23  5.555
 15 1  1 24  5.573
 15 1  1 25  5.300
 15 1  1 26  5.240
 15 1  1 27  6.079
 15 1  1 28  5.168
 15 1  1 29  6.053
 15 1  1 30  5.393
 15 1  1 31  5.446
 15 1  1 32  5.781
 15 1  1 33  5.000
 15 1  1 34  5.255
 15 1  1 35  6.098
 15 1  1 36  5.477
 15 1  1 37  6.044
 15 1  1 38  5.082
 15 1  1 39  5.582
 15 1  2  0  5.693
 15 1  2  1  5.341
 15 1  2  2  5.072
 15 1  2  3  5.178
 15 1  2  4  5.188
 15 1  2  5  5.562
 15 1  2  6  5.392
 15 1  2  7  5.145
 15 1  2  8  5.500
 15 1  2  9  5.759
 15 1  2 10  5.267
 15 1  2 11  5.721
 15 1  2 12  5.222
 15 1  2 13  5.352
 15 1  2 14  5.308
 15 1  2 15  5.529
 15 1  2 16  5.359
 15 1  2 17  0.010
 15 1  2 18  5.095
 15 1  2 19  5.301
 15 1  2 20  5.956
 15 1  2 21  5.696
 15 1  2 22  5.412
 15 1  2 23  5.674
 15 1  2 24  5.522
 15 1  2 25  5.711
 15 1  2 26  5.483
 15 1  2 27  5.352
 15 1  2 28  5.203
 15 1  2 29  5.259
 15 1  2 30  5.137
 15 1  2 31  5.759
 15 1  2 32  5.454
 15 1  2 33  5.701
 15 1  2 34  5.323
 15 1  2 35  4.810
 15 1  2 36  5.508
 15 1  2 37  5.705
 15 1  2 38  5.285
 15 1  2 39  5.655
 15 1  3  0  5.540
 15 1  3  1  5.122
 15 1  3  2  5.565
 15 1  3  3  5.491
 15 1  3  4  5.267
 15 1  3  5  5.429
 15 1  3  6  5.369
 15 1  3  7  5.480
 15 1  3  8  5.490
 15 1  3  9  5.373
 15 1  3 10  5.424
 15 1  3 11  5.203
 15 1  3 12  5.372
 15 1  3 13  5.512
 15 1  3 14  5.482
 15 1  3 15  5.571
 15 1  3 16  5.378
 15 1  3 17  5.502
 15 1  3 18  5.363
 15 1  3 19  5.566
 15 1  3 20  4.911
 15 1  3 21  5.331
 15 1  3 22  5.319
 15 1  3 23  5.267
 15 1  3 24  5.136
 15 1  3 25  5.160
 15 1  3 26  5.322
 15 1  3 27  5.644
 15 1  3 28  5.516
 15 1  3 29  5.158
 15 1  3 30  5.123
 15 1  3 31  5.679
 15 1  3 32  5.292
 15 1  3 33  5.478
 15 1  3 34  5.312
 15 1  3 35  6.068
 15 1  3 36  5.264
 15 1  3 37  5.245
 15 1  3 38  5.461
 15 1  3 39  5.522
 15 1  4  0  5.601
 15 1  4  1  5.260
 15 1  4  2  5.690
 15 1  4  3  5.695
 15 1  4  4  5.300
 15 1  4  5  5.329
 15 1  4  6  5.737
 15 1  4  7  5.235
 15 1  4  8  5.488
 15 1  4  9  5.641
 15 1  4 10  5.281
 15 1  4 11  5.280
 15 1  4 12  5.282
 15 1  4 13  5.486
 15 1  4 14  5.137
 15 1  4 15  5.795
 15 1  4 16  5.488
 15 1  4 17  5.238
 15 1  4 18  5.444
 15 1  4 19  0.010
 15 1  4 20  5.990
 15 1  4 21  5.555
 15 1  4 22  5.780
 15 1  4 23  5.546
 15 1  4 24  5.927
 15 1  4 25  5.381
 15 1  4 26  5.913
 15 1  4 27  5.778
 15 1  4 28  5.196
 15 1  4 29  5.276
 15 1  4 30  5.330
 15 1  4 31  5.823
 15 1  4 32  5.898
 15 1  4 33  5.409
 15 1  4 34  5.331
 15 1  4 35  5.408
 15 1  4 36  5.290
 15 1  4 37  5.436
 15 1  4 38  5.101
 15 1  4 39  5.233
 15 1  5  0  6.223
 15 1  5  1  5.517
 15 1  5  2  5.237
 15 1  5  3  5.375
 15 1  5  4  5.393
 15 1  5  5  5.710
 15 1  5  6  5.483
 15 1  5  7  5.354
 15 1  5  8  5.867
 15 1  5  9  5.562
 15 1  5 10  5.549
 15 1  5 11  5.820
 15 1  5 12  5.229
 15 1  5 13  5.672
 15 1  5 14  5.310
 15 1  5 15  5.315
 15 1  5 16  5.640
 15 1  5 17  5.319
 15 1  5 18  5.697
 15 1  5 19  5.615
 15 1  5 20  4.990
 15 1  5 21  5.317
 15 1  5 22  5.245
 15 1  5 23  5.433
 15 1  5 24  6.042
 15 1  5 25  5.602
 15 1  5 26  5.471
 15 1  5 27  5.834
 15 1  5 28  5.527
 15 1  5 29  5.375
 15 1  5 30  5.358
 15 1  5 31  5.696
 15 1  5 32  5.165
 15 1  5 33  5.492
 15 1  5 34  5.846
 15 1  5 35  5.197
 15 1  5 36  5.694
 15 1  5 37  5.643
 15 1  5 38  5.998
 15 1  5 39  6.158
 15 1  6  0  5.403
 15 1  6  1  5.827
 15 1  6  2  4.914
 15 1  6  3  6.294
 15 1  6  4  5.470
 15 1  6  5  5.601
 15 1  6  6  5.600
 15 1  6  7  5.260
 15 1  6  8  5.440
 15 1  6  9  6.124
 15 1  6 10  5.686
 15 1  6 11  5.309
 15 1  6 12  5.665
 15 1  6 13  6.406
 15 1  6 14  5.071
 15 1  6 15  5.533
 15 1  6 16  5.173
 15 1  6 17  5.353
 15 1  6 18  5.673
 15 1  6 19  5.834
 15 1  6 20  5.362
 15 1  6 21  5.327
 15 1  6 22  5.075
 15 1  6 23  5.234
 15 1  6 24  5.328
 15 1  6 25  5.259
 15 1  6 26  5.463
 15 1  6 27  5.163
 15 1  6 28  5.598
 15 1  6 29  5.618
 15 1  6 30  5.826
 15 1  6 31  5.531
 15 1  6 32  5.336
 15 1  6 33  5.874
 15 1  6 34  5.656
 15 1  6 35  5.693
 15 1  6 36  5.490
 15 1  6 37  5.886
 15 1  6 38  5.645
 15 1  6 39  5.761
 15 1  7  0  5.349
 15 1  7  1  5.610
 15 1  7  2  5.291
 15 1  7  3  5.486
 15 1  7  4  5.231
 15 1  7  5  5.453
 15 1  7  6  5.390
 15 1  7  7  4.939
 15 1  7  8  5.907
 15 1  7  9  5.412
 15 1  7 10  5.172
 15 1  7 11  5.210
 15 1  7 12  5.298
 15 1  7 13  5.416
 15 1  7 14  5.192
 15 1  7 15  5.431
 15 1  7 16  5.485
 15 1  7 17  5.801
 15 1  7 18  5.108
 15 1  7 19  5.377
 15 1  7 20  5.438
 15 1  7 21  5.617
 15 1  7 22  5.103
 15 1  7 23  5.213
 15 1  7 24  0.010
 15 1  7 25  4.977
 15 1  7 26  5.359
 15 1  7 27  5.303
 15 1  7 28  5.419
 15 1  7 29  5.582
 15 1  7 30  5.537
 15 1  7 31  5.478
 15 1  7 32  0.010
 15 1  7 33  5.492
 15 1  7 34  5.228
 15 1  7 35  5.793
 15 1  7 36  5.275
 15 1  7 37  5.263
 15 1  7 38  5.905
 15 1  7 39  5.079
 15 0  0 40  4.740
 15 0  0 41  5.352
 15 0  0 42  5.059
 15 0  0 43  5.583
 15 0  0 44  5.949
 15 0  0 45  5.571
 15 0  0 46  5.895
 15 0  0 47  5.645
 15 0  0 48  5.623
 15 0  0 49  5.239
 15 0  0 50  5.530
 15 0  0 51  5.379
 15 0  0 52  5.503
 15 0  0 53  5.712
 15 0  0 54  0.010
 15 0  0 55  0.010
 15 0  0 56  5.334
 15 0  0 57  5.749
 15 0  0 58  6.239
 15 0  0 59  5.609
 15 0  0 60  5.735
 15 0  0 61  5.157
 15 0  0 62  5.015
 15 0  0 63  5.660
 15 0  0 64  6.330
 15 0  0 65  6.111
 15 0  0 66  5.439
 15 0  0 67  5.134
 15 0  0 68  5.409
 15 0  0 69  5.445
 15 0  0 70  5.759
 15 0  0 71  5.297
 15 0  0 72  5.306
 15 0  0 73  6.188
 15 0  0 74  5.300
 15 0  0 75  5.461
 15 0  0 76  5.817
 15 0  0 77  5.538
 15 0  0 78  0.010
 15 0  0 79  5.621
 15 0  1 40  4.945
 15 0  1 41  4.974
 15 0  1 42  5.301
 15 0  1 43  5.649
 15 0  1 44  5.959
 15 0  1 45  5.689
 15 0  1 46  6.132
 15 0  1 47  5.453
 15 0  1 48  5.124
 15 0  1 49  5.498
 15 0  1 50  6.036
 15 0  1 51  5.283
 15 0  1 52  5.469
 15 0  1 53  5.535
 15 0  1 54  5.981
 15 0  1 55  5.582
 15 0  1 56  5.544
 15 0  1 57  5.462
 15 0  1 58  5.826
 15 0  1 59  5.676
 15 0  1 60  6.019
 15 0  1 61  5.898
 15 0  1 62  5.448
 15 0  1 63  5.134
 15 0  1 64  5.576
 15 0  1 65  5.881
 15 0  1 66  5.789
 15 0  1 67  5.618
 15 0  1 68  5.193
 15 0  1 69  5.345
 15 0  1 70  5.248
 15 0  1 71  5.319
 15 0  1 72  5.382
 15 0  1 73  5.250
 15 0  1 74  5.845
 15 0  1 75  5.334
 15 0  1 76  5.479
 15 0  1 77  5.821
 15 0  1 78  6.215
 15 0  1 79  6.200
 15 0  2 40  8.705
 15 0  2 41  5.640
 15 0  2 42  5.236
 15 0  2 43  5.695
 15 0  2 44  5.199
 15 0  2 45  6.000
 15 0  2 46  5.527
 15 0  2 47  5.678
 15 0  2 48  5.479
 15 0  2 49  4.985
 15 0  2 50  5.322
 15 0  2 51  5.583
 15 0  2 52  5.521
 15 0  2 53  5.490
 15 0  2 54  5.745
 15 0  2 55  5.771
 15 0  2 56  5.570
 15 0  2 57  6.010
 15 0  2 58  6.371
 15 0  2 59  5.840
 15 0  2 60  6.114
 15 0  2 61  5.158
 15 0  2 62  5.111
 15 0  2 63  5.305
 15 0  2 64  5.532
 15 0  2 65  5.247
 15 0  2 66  5.450
 15 0  2 67  5.734
 15 0  2 68  5.622
 15 0  2 69  5.611
 15 0  2 70  5.669
 15 0  2 71  5.440
 15 0  2 72  5.601
 15 0  2 73  5.567
 15 0  2 74  5.334
 15 0  2 75  5.441
 15 0  2 76  5.230
 15 0  2 77  5.376
 15 0  2 78  5.803
 15 0  2 79  6.210
 15 0  3 40  6.269
 15 0  3 41  5.576
 15 0  3 42  5.183
 15 0  3 43  5.215
 15 0  3 44  5.320
 15 0  3 45  5.559
 15 0  3 46  5.203
 15 0  3 47  5.300
 15 0  3 48  5.619
 15 0  3 49  5.497
 15 0  3 50  5.551
 15 0  3 51  4.989
 15 0  3 52  5.284
 15 0  3 53  5.718
 15 0  3 54  5.600
 15 0  3 55  5.621
 15 0  3 56  5.619
 15 0  3 57  5.721
 15 0  3 58  5.552
 15 0  3 59  6.565
 15 0  3 60  5.828
 15 0  3 61  5.696
 15 0  3 62  5.127
 15 0  3 63  5.563
 15 0  3 64  5.652
 15 0  3 65  5.335
 15 0  3 66  5.380
 15 0  3 67  5.538
 15 0  3 68  5.619
 15 0  3 69  5.396
 15 0  3 70  5.625
 15 0  3 71  5.326
 15 0  3 72  5.451
 15 0  3 73  5.749
 15 0  3 74  5.245
 15 0  3 75  5.858
 15 0  3 76  5.351
 15 0  3 77  5.950
 15 0  3 78  5.343
 15 0  3 79  5.353
 15 0  4 40  0.010
 15 0  4 41  5.921
 15 0  4 42  5.300
 15 0  4 43  5.990
 15 0  4 44  5.823
 15 0  4 45  5.433
 15 0  4 46  5.222
 15 0  4 47  5.357
 15 0  4 48  5.372
 15 0  4 49  5.307
 15 0  4 50  6.333
 15 0  4 51  5.200
 15 0  4 52  5.498
 15 0  4 53  5.297
 15 0  4 54  5.456
 15 0  4 55  5.345
 15 0  4 56  5.714
 15 0  4 57  5.707
 15 0  4 58  5.707
 15 0  4 59  5.679
 15 0  4 60  5.912
 15 0  4 61  5.777
 15 0  4 62  5.290
 15 0  4 63  5.195
 15 0  4 64  5.776
 15 0  4 65  5.731
 15 0  4 66  5.275
 15 0  4 67  5.231
 15 0  4 68  5.252
 15 0  4 69  5.346
 15 0  4 70  5.641
 15 0  4 71  5.183
 15 0  4 72  5.653
 15 0  4 73  5.550
 15 0  4 74  5.565
 15 0  4 75  5.365
 15 0  4 76  5.474
 15 0  4 77  5.721
 15 0  4 78  5.631
 15 0  4 79  5.832
 15 0  5 40  7.358
 15 0  5 41  6.111
 15 0  5 42  5.377
 15 0  5 43  5.443
 15 0  5 44  5.701
 15 0  5 45  5.776
 15 0  5 46  5.240
 15 0  5 47  5.337
 15 0  5 48  5.508
 15 0  5 49  5.579
 15 0  5 50  5.309
 15 0  5 51  5.536
 15 0  5 52  5.313
 15 0  5 53  5.567
 15 0  5 54  5.357
 15 0  5 55  5.904
 15 0  5 56  5.275
 15 0  5 57  5.574
 15 0  5 58  5.695
 15 0  5 59  5.620
 15 0  5 60  5.516
 15 0  5 61  5.847
 15 0  5 62  5.518
 15 0  5 63  5.116
 15 0  5 64  5.241
 15 0  5 65  5.355
 15 0  5 66  5.622
 15 0  5 67  5.434
 15 0  5 68  5.430
 15 0  5 69  5.502
 15 0  5 70  5.139
 15 0  5 71  5.310
 15 0  5 72  5.440
 15 0  5 73  5.315
 15 0  5 74  4.981
 15 0  5 75  5.345
 15 0  5 76  6.032
 15 0  5 77  5.179
 15 0  5 78  5.827
 15 0  5 79  6.101
 15 0  6 40  6.014
 15 0  6 41  5.679
 15 0  6 42  6.140
 15 0  6 43  5.661
 15 0  6 44  5.488
 15 0  6 45  6.007
 15 0  6 46  5.033
 15 0  6 47  5.422
 15 0  6 48  5.539
 15 0  6 49  5.943
 15 0  6 50  5.510
 15 0  6 51  5.273
 15 0  6 52  5.874
 15 0  6 53  5.433
 15 0  6 54  5.333
 15 0  6 55  5.612
 15 0  6 56  5.673
 15 0  6 57  5.313
 15 0  6 58  6.299
 15 0  6 59  5.606
 15 0  6 60  6.526
 15 0  6 61  5.638
 15 0  6 62  5.587
 15 0  6 63  5.528
 15 0  6 64  5.475
 15 0  6 65  5.785
 15 0  6 66  5.456
 15 0  6 67  5.699
 15 0  6 68  5.259
 15 0  6 69  5.458
 15 0  6 70  5.652
 15 0  6 71  5.651
 15 0  6 72  5.565
 15 0  6 73  5.565
 15 0  6 74  5.540
 15 0  6 75  5.083
 15 0  6 76  5.575
 15 0  6 77  5.358
 15 0  6 78  6.810
 15 0  6 79  6.007
 15 0  7 40  5.976
 15 0  7 41  5.574
 15 0  7 42  5.314
 15 0  7 43  5.461
 15 0  7 44  5.593
 15 0  7 45  6.467
 15 0  7 46  5.282
 15 0  7 47  5.437
 15 0  7 48  5.266
 15 0  7 49  5.672
 15 0  7 50  5.436
 15 0  7 51  5.554
 15 0  7 52  6.032
 15 0  7 53  5.481
 15 0  7 54  5.695
 15 0  7 55  5.276
 15 0  7 56  6.068
 15 0  7 57  5.230
 15 0  7 58  6.804
 15 0  7 59  5.215
 15 0  7 60  5.344
 15 0  7 61  0.010
 15 0  7 62  5.506
 15 0  7 63  5.694
 15 0  7 64  5.422
 15 0  7 65  6.011
 15 0  7 66  5.086
 15 0  7 67  4.972
 15 0  7 68  4.985
 15 0  7 69  5.440
 15 0  7 70  5.331
 15 0  7 71  6.105
 15 0  7 72  5.844
 15 0  7 73  5.517
 15 0  7 74  6.164
 15 0  7 75  0.010
 15 0  7 76  5.500
 15 0  7 77  5.269
 15 0  7 78  7.084
 15 0  7 79  0.010
 15 1  0 40  7.125
 15 1  0 41  6.910
 15 1  0 42  7.051
 15 1  0 43  6.750
 15 1  0 44  6.487
 15 1  0 45  6.511
 15 1  0 46  6.875
 15 1  0 47  6.879
 15 1  0 48  6.322
 15 1  0 49  6.535
 15 1  0 50  6.628
 15 1  0 51  6.651
 15 1  0 52  7.179
 15 1  0 53  6.926
 15 1  0 54  6.364
 15 1  0 55  6.169
 15 1  0 56  6.293
 15 1  0 57  6.921
 15 1  0 58  6.621
 15 1  0 59  6.675
 15 1  0 60  6.693
 15 1  0 61  6.886
 15 1  0 62  6.478
 15 1  0 63  6.227
 15 1  0 64  6.979
 15 1  0 65  6.868
 15 1  0 66  6.507
 15 1  0 67  7.123
 15 1  0 68  6.448
 15 1  0 69  6.674
 15 1  0 70  6.375
 15 1  0 71  7.004
 15 1  0 72  7.683
 15 1  0 73  6.701
 15 1  0 74  0.010
 15 1  0 75  6.804
 15 1  0 76  6.019
 15 1  0 77  6.525
 15 1  0 78  6.941
 15 1  0 79  6.587
 15 1  1 40  7.832
 15 1  1 41  6.997
 15 1  1 42  6.674
 15 1  1 43  6.611
 15 1  1 44  6.910
 15 1  1 45  6.251
 15 1  1 46  7.052
 15 1  1 47  7.332
 15 1  1 48  6.094
 15 1  1 49  7.132
 15 1  1 50  6.475
 15 1  1 51  6.791
 15 1  1 52  7.359
 15 1  1 53  6.422
 15 1  1 54  6.729
 15 1  1 55  6.305
 15 1  1 56  6.466
 15 1  1 57  6.685
 15 1  1 58  7.314
 15 1  1 59  6.532
 15 1  1 60  6.494
 15 1  1 61  6.511
 15 1  1 62  6.936
 15 1  1 63  6.484
 15 1  1 64  7.077
 15 1  1 65  6.799
 15 1  1 66  6.735
 15 1  1 67  6.643
 15 1  1 68  6.840
 15 1  1 69  6.190
 15 1  1 70  6.658
 15 1  1 71  6.265
 15 1  1 72  6.487
 15 1  1 73  6.678
 15 1  1 74  6.710
 15 1  1 75  6.579
 15 1  1 76  6.824
 15 1  1 77  6.394
 15 1  1 78  7.566
 15 1  1 79  6.551
 15 1  2 40  0.010
 15 1  2 41  6.838
 15 1  2 42  6.984
 15 1  2 43  6.229
 15 1  2 44  6.626
 15 1  2 45  6.925
 15 1  2 46  6.942
 15 1  2 47  6.971
 15 1  2 48  6.506
 15 1  2 49  6.923
 15 1  2 50  0.010
 15 1  2 51  6.667
 15 1  2 52  6.532
 15 1  2 53  6.464
 15 1  2 54  7.567
 15 1  2 55  7.180
 15 1  2 56  6.915
 15 1  2 57  6.366
 15 1  2 58  7.457
 15 1  2 59  7.237
 15 1  2 60  7.048
 15 1  2 61  6.656
 15 1  2 62  6.802
 15 1  2 63  7.710
 15 1  2 64  6.733
 15 1  2 65  6.656
 15 1  2 66  6.616
 15 1  2 67  6.955
 15 1  2 68  6.647
 15 1  2 69  6.300
 15 1  2 70  6.255
 15 1  2 71  7.129
 15 1  2 72  6.392
 15 1  2 73  6.163
 15 1  2 74  6.256
 15 1  2 75  0.010
 15 1  2 76  6.612
 15 1  2 77  6.730
 15 1  2 78  6.656
 15 1  2 79  6.261
 15 1  3 40  6.702
 15 1  3 41  6.914
 15 1  3 42  6.401
 15 1  3 43  6.749
 15 1  3 44  6.477
 15 1  3 45  6.770
 15 1  3 46  6.678
 15 1  3 47  6.633
 15 1  3 48  6.577
 15 1  3 49  6.773
 15 1  3 50  0.010
 15 1  3 51  6.844
 15 1  3 52  6.838
 15 1  3 53  6.902
 15 1  3 54  6.809
 15 1  3 55  7.162
 15 1  3 56  7.418
 15 1  3 57  7.228
 15 1  3 58  6.611
 15 1  3 59  5.923
 15 1  3 60  6.220
 15 1  3 61  6.627
 15 1  3 62  6.529
 15 1  3 63  6.682
 15 1  3 64  6.619
 15 1  3 65  6.801
 15 1  3 66  6.754
 15 1  3 67  0.010
 15 1  3 68  7.127
 15 1  3 69  6.357
 15 1  3 70  6.047
 15 1  3 71  6.705
 15 1  3 72  6.670
 15 1  3 73  6.553
 15 1  3 74  6.854
 15 1  3 75  7.134
 15 1  3 76  6.503
 15 1  3 77  6.759
 15 1  3 78  6.728
 15 1  3 79  6.724
 15 1  4 40  6.993
 15 1  4 41  6.759
 15 1  4 42  6.721
 15 1  4 43  6.353
 15 1  4 44  6.711
 15 1  4 45  6.515
 15 1  4 46  7.096
 15 1  4 47  6.844
 15 1  4 48  6.967
 15 1  4 49  6.350
 15 1  4 50  6.662
 15 1  4 51  6.823
 15 1  4 52  6.396
 15 1  4 53  6.531
 15 1  4 54  6.557
 15 1  4 55  7.411
 15 1  4 56  6.708
 15 1  4 57  7.133
 15 1  4 58  6.940
 15 1  4 59  6.859
 15 1  4 60  7.159
 15 1  4 61  6.875
 15 1  4 62  6.603
 15 1  4 63  6.863
 15 1  4 64  6.944
 15 1  4 65  6.739
 15 1  4 66  6.218
 15 1  4 67  6.669
 15 1  4 68  7.057
 15 1  4 69  6.744
 15 1  4 70  6.560
 15 1  4 71  6.783
 15 1  4 72  6.949
 15 1  4 73  6.124
 15 1  4 74  7.083
 15 1  4 75  6.730
 15 1  4 76  6.394
 15 1  4 77  6.720
 15 1  4 78  7.247
 15 1  4 79  7.003
 15 1  5 40  7.135
 15 1  5 41  6.939
 15 1  5 42  6.712
 15 1  5 43  6.620
 15 1  5 44  7.129
 15 1  5 45  6.182
 15 1  5 46  6.713
 15 1  5 47  6.857
 15 1  5 48  6.709
 15 1  5 49  7.040
 15 1  5 50  6.484
 15 1  5 51  6.645
 15 1  5 52  6.786
 15 1  5 53  6.703
 15 1  5 54  6.787
 15 1  5 55  6.608
 15 1  5 56  6.280
 15 1  5 57  6.497
 15 1  5 58  7.061
 15 1  5 59  6.671
 15 1  5 60  7.060
 15 1  5 61  6.664
 15 1  5 62  6.858
 15 1  5 63  6.759
 15 1  5 64  7.029
 15 1  5 65  6.728
 15 1  5 66  6.819
 15 1  5 67  6.723
 15 1  5 68  6.874
 15 1  5 69  6.602
 15 1  5 70  6.189
 15 1  5 71  6.880
 15 1  5 72  7.053
 15 1  5 73  7.185
 15 1  5 74  6.766
 15 1  5 75  6.685
 15 1  5 76  6.587
 15 1  5 77  7.134
 15 1  5 78  7.032
 15 1  5 79  6.808
 15 1  6 40  7.144
 15 1  6 41  6.565
 15 1  6 42  7.580
 15 1  6 43  7.159
 15 1  6 44  6.769
 15 1  6 45  7.092
 15 1  6 46  7.109
 15 1  6 47  7.240
 15 1  6 48  7.039
 15 1  6 49  6.770
 15 1  6 50  6.645
 15 1  6 51  6.403
 15 1  6 52  6.824
 15 1  6 53  6.517
 15 1  6 54  6.469
 15 1  6 55  6.819
 15 1  6 56  6.696
 15 1  6 57  6.203
 15 1  6 58  6.641
 15 1  6 59  7.313
 15 1  6 60  6.901
 15 1  6 61  6.970
 15 1  6 62  7.198
 15 1  6 63  6.284
 15 1  6 64  6.562
 15 1  6 65  6.673
 15 1  6 66  6.674
 15 1  6 67  6.974
 15 1  6 68  6.624
 15 1  6 69  7.016
 15 1  6 70  7.040
 15 1  6 71  6.136
 15 1  6 72  7.013
 15 1  6 73  6.879
 15 1  6 74  6.584
 15 1  6 75  6.097
 15 1  6 76  6.577
 15 1  6 77  6.330
 15 1  6 78  7.766
 15 1  6 79  9.189
 15 1  7 40  7.228
 15 1  7 41  6.688
 15 1  7 42  6.169
 15 1  7 43  6.246
 15 1  7 44  7.360
 15 1  7 45  6.650
 15 1  7 46  7.424
 15 1  7 47  6.647
 15 1  7 48  6.783
 15 1  7 49  7.043
 15 1  7 50  6.507
 15 1  7 51  6.523
 15 1  7 52  6.716
 15 1  7 53  7.172
 15 1  7 54  6.642
 15 1  7 55  6.083
 15 1  7 56  6.790
 15 1  7 57  6.760
 15 1  7 58  7.107
 15 1  7 59  7.439
 15 1  7 60  6.593
 15 1  7 61  7.003
 15 1  7 62  6.645
 15 1  7 63  7.616
 15 1  7 64  0.010
 15 1  7 65  6.468
 15 1  7 66  7.084
 15 1  7 67  6.790
 15 1  7 68  6.590
 15 1  7 69  6.973
 15 1  7 70  6.882
 15 1  7 71  0.010
 15 1  7 72  7.442
 15 1  7 73  6.713
 15 1  7 74  6.713
 15 1  7 75  0.010
 15 1  7 76  6.544
 15 1  7 77  6.434
 15 1  7 78  6.778
 15 1  7 79  7.540
 21 0  0  0 17.345
 21 0  0  1 16.604
 21 0  0  2 16.797
 21 0  0  3 16.551
 21 0  0  4 16.326
 21 0  0  5 16.731
 21 0  0  6 16.395
 21 0  0  7 16.539
 21 0  0  8 16.986
 21 0  0  9 16.563
 21 0  0 10 16.767
 21 0  0 11 16.167
 21 0  0 12 16.689
 21 0  0 13 16.103
 21 0  0 14 16.223
 21 0  0 15 16.566
 21 0  0 16 16.667
 21 0  0 17 16.680
 21 0  0 18 16.621
 21 0  0 19 16.489
 21 0  0 20 16.834
 21 0  0 21 16.557
 21 0  0 22 16.733
 21 0  0 23 16.859
 21 0  0 24 16.855
 21 0  0 25 16.423
 21 0  0 26 16.706
 21 0  0 27 16.301
 21 0  0 28 16.376
 21 0  0 29 16.195
 21 0  0 30 16.032
 21 0  0 31 16.126
 21 0  0 32 15.967
 21 0  0 33 16.031
 21 0  0 34 15.670
 21 0  0 35 15.862
 21 0  0 36 15.477
 21 0  0 37 15.356
 21 0  0 38 15.610
 21 0  0 39 16.457
 21 0  1  0 17.795
 21 0  1  1 17.946
 21 0  1  2 17.575
 21 0  1  3 17.432
 21 0  1  4 17.422
 21 0  1  5 17.963
 21 0  1  6 17.768
 21 0  1  7 17.895
 21 0  1  8 17.710
 21 0  1  9 17.842
 21 0  1 10 18.134
 21 0  1 11 17.862
 21 0  1 12 17.762
 21 0  1 13 17.968
 21 0  1 14 17.622
 21 0  1 15 18.264
 21 0  1 16 18.120
 21 0  1 17 18.196
 21 0  1 18 17.982
 21 0  1 19 17.963
 21 0  1 20 17.922
 21 0  1 21 17.813
 21 0  1 22 17.734
 21 0  1 23 18.129
 21 0  1 24 18.045
 21 0  1 25 17.503
 21 0  1 26 17.667
 21 0  1 27 17.596
 21 0  1 28 18.154
 21 0  1 29 17.423
 21 0  1 30 17.637
 21 0  1 31 17.710
 21 0  1 32 17.559
 21 0  1 33 17.573
 21 0  1 34 17.683
 21 0  1 35 17.288
 21 0  1 36  0.010
 21 0  1 37 17.293
 21 0  1 38 16.747
 21 0  1 39 18.390
 21 0  2  0 17.732
 21 0  2  1 17.882
 21 0  2  2 17.993
 21 0  2  3 18.225
 21 0  2  4 18.232
 21 0  2  5 18.457
 21 0  2  6 18.214
 21 0  2  7 18.194
 21 0  2  8 18.224
 21 0  2  9 18.463
 21 0  2 10 18.197
 21 0  2 11 18.150
 21 0  2 12 18.235
 21 0  2 13 18.060
 21 0  2 14 18.149
 21 0  2 15 18.327
 21 0  2 16 17.779
 21 0  2 17 18.088
 21 0  2 18 18.400
 21 0  2 19 17.797
 21 0  2 20 18.031
 21 0  2 21 17.849
 21 0  2 22 18.261
 21 0  2 23 18.023
 21 0  2 24 17.720
 21 0  2 25 18.295
 21 0  2 26 17.942
 21 0  2 27 18.715
 21 0  2 28 18.338
 21 0  2 29 17.899
 21 0  2 30 18.523
 21 0  2 31 18.612
 21 0  2 32 17.973
 21 0  2 33 17.829
 21 0  2 34 17.590
 21 0  2 35 18.116
 21 0  2 36 17.932
 21 0  2 37 17.713
 21 0  2 38 18.153
 21 0  2 39 18.419
 21 0  3  0 18.286
 21 0  3  1 18.509
 21 0  3  2 18.368
 21 0  3  3 18.805
 21 0  3  4 18.333
 21 0  3  5 18.620
 21 0  3  6 18.416
 21 0  3  7 18.527
 21 0  3  8 18.412
 21 0  3  9 17.799
 21 0  3 10 18.196
 21 0  3 11 18.244
 21 0  3 12 18.487
 21 0  3 13 18.614
 21 0  3 14 18.238
 21 0  3 15 18.389
 21 0  3 16 17.852
 21 0  3 17 18.120
 21 0  3 18 18.250
 21 0  3 19 18.438
 21 0  3 20 17.967
 21 0  3 21 18.080
 21 0  3 22 18.536
 21 0  3 23 18.177
 21 0  3 24 18.445
 21 0  3 25 17.938
 21 0  3 26 18.049
 21 0  3 27 18.183
 21 0  3 28 18.319
 21 0  3 29 18.418
 21 0  3 30 18.431
 21 0  3 31 17.974
 21 0  3 32 18.080
 21 0  3 33 18.048
 21 0  3 34 18.228
 21 0  3 35 18.520
 21 0  3 36 18.162
 21 0  3 37 18.317
 21 0  3 38 18.354
 21 0  3 39 18.683
 21 0  4  0 18.046
 21 0  4  1 18.465
 21 0  4  2 18.758
 21 0  4  3 18.436
 21 0  4  4 18.279
 21 0  4  5 17.799
 21 0  4  6 18.338
 21 0  4  7 18.102
 21 0  4  8 17.666
 21 0  4  9 18.528
 21 0  4 10 18.269
 21 0  4 11 18.694
 21 0  4 12 18.502
 21 0  4 13 18.221
 21 0  4 14 18.052
 21 0  4 15 18.354
 21 0  4 16 18.318
 21 0  4 17 18.481
 21 0  4 18 18.199
 21 0  4 19 18.255
 21 0  4 20 18.344
 21 0  4 21 17.887
 21 0  4 22 18.467
 21 0  4 23 18.511
 21 0  4 24 18.427
 21 0  4 25 18.396
 21 0  4 26 18.127
 21 0  4 27 18.479
 21 0  4 28 18.045
 21 0  4 29 18.290
 21 0  4 30 18.098
 21 0  4 31 18.224
 21 0  4 32 18.442
 21 0  4 33 18.962
 21 0  4 34 18.432
 21 0  4 35 18.415
 21 0  4 36 18.429
 21 0  4 37 17.958
 21 0  4 38 18.416
 21 0  4 39 18.969
 21 0  5  0 18.605
 21 0  5  1 17.398
 21 0  5  2 17.934
 21 0  5  3 18.169
 21 0  5  4 18.118
 21 0  5  5 18.159
 21 0  5  6 18.154
 21 0  5  7 17.906
 21 0  5  8 18.184
 21 0  5  9 18.448
 21 0  5 10 18.050
 21 0  5 11 18.117
 21 0  5 12 17.869
 21 0  5 13 18.021
 21 0  5 14 17.982
 21 0  5 15 18.346
 21 0  5 16 17.920
 21 0  5 17 17.704
 21 0  5 18 18.444
 21 0  5 19 18.414
 21 0  5 20 18.660
 21 0  5 21 17.985
 21 0  5 22 17.995
 21 0  5 23 18.263
 21 0  5 24 18.401
 21 0  5 25 18.566
 21 0  5 26 18.402
 21 0  5 27 18.032
 21 0  5 28 18.083
 21 0  5 29 18.225
 21 0  5 30 18.297
 21 0  5 31 18.218
 21 0  5 32 18.717
 21 0  5 33 18.454
 21 0  5 34 18.175
 21 0  5 35 18.655
 21 0  5 36 18.937
 21 0  5 37 18.761
 21 0  5 38 18.726
 21 0  5 39 19.033
 21 0  6  0 17.105
 21 0  6  1 17.285
 21 0  6  2 17.065
 21 0  6  3 17.556
 21 0  6  4 17.891
 21 0  6  5 17.870
 21 0  6  6 17.946
 21 0  6  7 17.645
 21 0  6  8 17.792
 21 0  6  9 18.182
 21 0  6 10 17.962
 21 0  6 11 18.219
 21 0  6 12 17.943
 21 0  6 13 17.874
 21 0  6 14 17.690
 21 0  6 15 17.810
 21 0  6 16 18.139
 21 0  6 17 18.141
 21 0  6 18 18.211
 21 0  6 19 18.222
 21 0  6 20 18.468
 21 0  6 21 17.871
 21 0  6 22 17.855
 21 0  6 23 18.184
 21 0  6 24 17.813
 21 0  6 25 18.296
 21 0  6 26 17.608
 21 0  6 27 18.438
 21 0  6 28 18.180
 21 0  6 29 17.840
 21 0  6 30 18.588
 21 0  6 31 18.075
 21 0  6 32 18.143
 21 0  6 33 18.661
 21 0  6 34 17.918
 21 0  6 35 17.892
 21 0  6 36 18.439
 21 0  6 37 17.801
 21 0  6 38 18.459
 21 0  6 39 19.102
 21 0  7  0 17.066
 21 0  7  1 16.593
 21 0  7  2 16.658
 21 0  7  3 16.893
 21 0  7  4 16.722
 21 0  7  5 17.031
 21 0  7  6 17.269
 21 0  7  7 17.357
 21 0  7  8 16.945
 21 0  7  9 17.423
 21 0  7 10 17.403
 21 0  7 11 17.278
 21 0  7 12 16.819
 21 0  7 13 17.345
 21 0  7 14 17.197
 21 0  7 15 18.026
 21 0  7 16 17.852
 21 0  7 17 17.715
 21 0  7 18 17.739
 21 0  7 19 18.335
 21 0  7 20 18.284
 21 0  7 21 17.908
 21 0  7 22 17.718
 21 0  7 23 17.958
 21 0  7 24 17.733
 21 0  7 25 18.143
 21 0  7 26 18.294
 21 0  7 27 18.494
 21 0  7 28 17.800
 21 0  7 29 17.616
 21 0  7 30 17.611
 21 0  7 31 17.831
 21 0  7 32 17.846
 21 0  7 33 17.758
 21 0  7 34 18.211
 21 0  7 35 17.778
 21 0  7 36 17.902
 21 0  7 37 18.015
 21 0  7 38 17.717
 21 0  7 39 18.496
 21 1  0  0 18.187
 21 1  0  1 17.258
 21 1  0  2 18.048
 21 1  0  3 17.775
 21 1  0  4 17.946
 21 1  0  5 18.889
 21 1  0  6 17.777
 21 1  0  7 18.258
 21 1  0  8 17.387
 21 1  0  9 17.778
 21 1  0 10 18.037
 21 1  0 11 18.137
 21 1  0 12 18.056
 21 1  0 13 18.394
 21 1  0 14 18.125
 21 1  0 15 18.187
 21 1  0 16 18.270
 21 1  0 17 18.521
 21 1  0 18 18.231
 21 1  0 19 17.994
 21 1  0 20 18.022
 21 1  0 21 18.256
 21 1  0 22 17.543
 21 1  0 23 17.814
 21 1  0 24 18.038
 21 1  0 25 18.081
 21 1  0 26 17.558
 21 1  0 27 17.851
 21 1  0 28 17.927
 21 1  0 29 18.081
 21 1  0 30 17.645
 21 1  0 31 17.784
 21 1  0 32 17.518
 21 1  0 33 18.291
 21 1  0 34 18.252
 21 1  0 35 18.052
 21 1  0 36 18.359
 21 1  0 37 17.355
 21 1  0 38 17.085
 21 1  0 39 17.596
 21 1  1  0 18.511
 21 1  1  1 18.156
 21 1  1  2 18.577
 21 1  1  3 19.038
 21 1  1  4 18.810
 21 1  1  5 18.568
 21 1  1  6 18.742
 21 1  1  7 19.062
 21 1  1  8 18.403
 21 1  1  9 19.310
 21 1  1 10 18.873
 21 1  1 11 18.958
 21 1  1 12 18.869
 21 1  1 13 18.502
 21 1  1 14 18.261
 21 1  1 15 18.513
 21 1  1 16 18.568
 21 1  1 17 18.255
 21 1  1 18 18.468
 21 1  1 19 18.401
 21 1  1 20 18.817
 21 1  1 21 19.280
 21 1  1 22 18.619
 21 1  1 23 18.445
 21 1  1 24 18.791
 21 1  1 25 18.140
 21 1  1 26 18.653
 21 1  1 27 19.255
 21 1  1 28 18.227
 21 1  1 29 18.556
 21 1  1 30 18.751
 21 1  1 31 18.702
 21 1  1 32 19.001
 21 1  1 33 18.774
 21 1  1 34 18.835
 21 1  1 35 18.680
 21 1  1 36 18.281
 21 1  1 37 18.671
 21 1  1 38 18.140
 21 1  1 39 18.411
 21 1  2  0 18.518
 21 1  2  1 18.298
 21 1  2  2 18.610
 21 1  2  3 19.188
 21 1  2  4 19.265
 21 1  2  5 18.722
 21 1  2  6 18.761
 21 1  2  7 19.072
 21 1  2  8 18.897
 21 1  2  9 19.554
 21 1  2 10 18.357
 21 1  2 11 18.530
 21 1  2 12 18.871
 21 1  2 13 19.059
 21 1  2 14 18.921
 21 1  2 15 19.089
 21 1  2 16 18.780
 21 1  2 17 18.634
 21 1  2 18 19.075
 21 1  2 19 19.166
 21 1  2 20 18.802
 21 1  2 21 19.217
 21 1  2 22 19.216
 21 1  2 23 19.066
 21 1  2 24 18.895
 21 1  2 25 18.570
 21 1  2 26 19.111
 21 1  2 27 19.197
 21 1  2 28 18.496
 21 1  2 29 19.060
 21 1  2 30 18.841
 21 1  2 31 18.763
 21 1  2 32 18.741
 21 1  2 33 18.744
 21 1  2 34 19.455
 21 1  2 35 18.943
 21 1  2 36 18.617
 21 1  2 37 18.078
 21 1  2 38 18.857
 21 1  2 39 19.211
 21 1  3  0 18.293
 21 1  3  1 18.454
 21 1  3  2 18.602
 21 1  3  3 18.642
 21 1  3  4 19.356
 21 1  3  5 18.848
 21 1  3  6 19.120
 21 1  3  7 18.970
 21 1  3  8 19.115
 21 1  3  9 18.743
 21 1  3 10 19.116
 21 1  3 11 18.970
 21 1  3 12 18.894
 21 1  3 13 18.890
 21 1  3 14 19.401
 21 1  3 15 19.187
 21 1  3 16 18.976
 21 1  3 17 19.102
 21 1  3 18 19.540
 21 1  3 19 19.363
 21 1  3 20 18.725
 21 1  3 21 18.945
 21 1  3 22 18.902
 21 1  3 23 19.228
 21 1  3 24 18.642
 21 1  3 25 19.135
 21 1  3 26 19.473
 21 1  3 27 19.245
 21 1  3 28 18.792
 21 1  3 29 19.210
 21 1  3 30 19.118
 21 1  3 31 18.699
 21 1  3 32 19.196
 21 1  3 33 19.072
 21 1  3 34 19.687
 21 1  3 35 19.490
 21 1  3 36 19.185
 21 1  3 37 18.944
 21 1  3 38 19.050
 21 1  3 39 18.367
 21 1  4  0 18.211
 21 1  4  1 19.019
 21 1  4  2 19.209
 21 1  4  3 19.001
 21 1  4  4 18.909
 21 1  4  5 19.024
 21 1  4  6 19.769
 21 1  4  7 19.111
 21 1  4  8 18.312
 21 1  4  9 18.977
 21 1  4 10 18.824
 21 1  4 11 18.801
 21 1  4 12 19.131
 21 1  4 13 18.984
 21 1  4 14 18.808
 21 1  4 15 19.409
 21 1  4 16 18.807
 21 1  4 17 19.139
 21 1  4 18 18.517
 21 1  4 19 18.868
 21 1  4 20 18.979
 21 1  4 21 19.204
 21 1  4 22 19.265
 21 1  4 23 19.697
 21 1  4 24 18.712
 21 1  4 25 19.421
 21 1  4 26 19.271
 21 1  4 27 19.155
 21 1  4 28 18.325
 21 1  4 29 18.514
 21 1  4 30 18.764
 21 1  4 31 18.951
 21 1  4 32 18.325
 21 1  4 33 18.950
 21 1  4 34 19.265
 21 1  4 35 18.897
 21 1  4 36 19.119
 21 1  4 37 18.570
 21 1  4 38 18.745
 21 1  4 39 18.638
 21 1  5  0 18.171
 21 1  5  1 18.149
 21 1  5  2 18.498
 21 1  5  3 19.031
 21 1  5  4 19.065
 21 1  5  5 18.741
 21 1  5  6 19.074
 21 1  5  7 19.098
 21 1  5  8 18.558
 21 1  5  9 19.223
 21 1  5 10 19.304
 21 1  5 11 19.222
 21 1  5 12 19.028
 21 1  5 13 18.907
 21 1  5 14 18.960
 21 1  5 15 19.300
 21 1  5 16 18.948
 21 1  5 17 18.656
 21 1  5 18 18.611
 21 1  5 19 18.934
 21 1  5 20 19.287
 21 1  5 21 18.616
 21 1  5 22 19.092
 21 1  5 23 18.930
 21 1  5 24 19.126
 21 1  5 25 19.103
 21 1  5 26 18.696
 21 1  5 27 18.346
 21 1  5 28 18.501
 21 1  5 29 18.556
 21 1  5 30 18.439
 21 1  5 31 18.982
 21 1  5 32 18.786
 21 1  5 33 18.510
 21 1  5 34 19.087
 21 1  5 35 18.518
 21 1  5 36 19.079
 21 1  5 37 18.189
 21 1  5 38 19.271
 21 1  5 39 18.892
 21 1  6  0 18.376
 21 1  6  1 17.619
 21 1  6  2 18.458
 21 1  6  3 18.209
 21 1  6  4 18.633
 21 1  6  5 19.218
 21 1  6  6 18.501
 21 1  6  7 18.679
 21 1  6  8 18.815
 21 1  6  9 18.197
 21 1  6 10 18.614
 21 1  6 11 19.274
 21 1  6 12 18.481
 21 1  6 13 18.855
 21 1  6 14 18.406
 21 1  6 15 18.744
 21 1  6 16 18.369
 21 1  6 17 18.948
 21 1  6 18 19.001
 21 1  6 19 18.062
 21 1  6 20 18.544
 21 1  6 21 18.677
 21 1  6 22 18.727
 21 1  6 23 18.603
 21 1  6 24 18.820
 21 1  6 25 18.198
 21 1  6 26 18.615
 21 1  6 27 18.356
 21 1  6 28 18.762
 21 1  6 29 19.175
 21 1  6 30 18.643
 21 1  6 31 18.628
 21 1  6 32 18.865
 21 1  6 33 18.503
 21 1  6 34 19.045
 21 1  6 35 18.415
 21 1  6 36 18.761
 21 1  6 37 17.978
 21 1  6 38 18.456
 21 1  6 39 18.892
 21 1  7  0 16.752
 21 1  7  1 17.985
 21 1  7  2 17.480
 21 1  7  3 17.805
 21 1  7  4 18.006
 21 1  7  5 17.862
 21 1  7  6 18.069
 21 1  7  7 18.324
 21 1  7  8 17.957
 21 1  7  9 17.390
 21 1  7 10 17.944
 21 1  7 11 18.340
 21 1  7 12 17.947
 21 1  7 13 18.481
 21 1  7 14 17.952
 21 1  7 15 17.984
 21 1  7 16 18.177
 21 1  7 17 18.139
 21 1  7 18 18.247
 21 1  7 19 18.484
 21 1  7 20 17.842
 21 1  7 21 18.240
 21 1  7 22 18.286
 21 1  7 23 18.328
 21 1  7 24 18.333
 21 1  7 25 18.349
 21 1  7 26 17.804
 21 1  7 27 18.516
 21 1  7 28 18.628
 21 1  7 29 18.040
 21 1  7 30 17.828
 21 1  7 31 17.893
 21 1  7 32 18.083
 21 1  7 33 17.816
 21 1  7 34 17.867
 21 1  7 35 17.840
 21 1  7 36 17.911
 21 1  7 37 18.306
 21 1  7 38 17.544
 21 1  7 39 17.618
 21 0  0 40 22.759
 21 0  0 41 23.447
 21 0  0 42 22.877
 21 0  0 43 23.532
 21 0  0 44 22.702
 21 0  0 45 22.478
 21 0  0 46 21.914
 21 0  0 47 22.549
 21 0  0 48 22.290
 21 0  0 49 21.429
 21 0  0 50 22.117
 21 0  0 51 21.797
 21 0  0 52 22.478
 21 0  0 53 21.826
 21 0  0 54 23.148
 21 0  0 55 23.427
 21 0  0 56 23.676
 21 0  0 57 25.149
 21 0  0 58 26.364
 21 0  0 59 23.840
 21 0  0 60 23.411
 21 0  0 61 22.687
 21 0  0 62 22.161
 21 0  0 63 22.367
 21 0  0 64 22.749
 21 0  0 65 21.961
 21 0  0 66 21.385
 21 0  0 67 21.882
 21 0  0 68 21.751
 21 0  0 69 21.967
 21 0  0 70 21.375
 21 0  0 71 21.825
 21 0  0 72 22.028
 21 0  0 73 21.986
 21 0  0 74 22.104
 21 0  0 75 23.007
 21 0  0 76 24.026
 21 0  0 77 23.865
 21 0  0 78 24.974
 21 0  0 79 25.921
 21 0  1 40 23.732
 21 0  1 41 22.704
 21 0  1 42 22.679
 21 0  1 43 22.764
 21 0  1 44 22.159
 21 0  1 45 22.114
 21 0  1 46 21.472
 21 0  1 47 21.968
 21 0  1 48 21.866
 21 0  1 49 21.772
 21 0  1 50 22.061
 21 0  1 51 21.842
 21 0  1 52 21.629
 21 0  1 53 22.346
 21 0  1 54 22.326
 21 0  1 55 22.143
 21 0  1 56 23.220
 21 0  1 57 23.379
 21 0  1 58 23.339
 21 0  1 59 24.377
 21 0  1 60 22.332
 21 0  1 61 22.199
 21 0  1 62 21.867
 21 0  1 63 21.548
 21 0  1 64 21.833
 21 0  1 65 21.208
 21 0  1 66 21.433
 21 0  1 67 21.821
 21 0  1 68 21.844
 21 0  1 69 22.271
 21 0  1 70 21.639
 21 0  1 71 21.673
 21 0  1 72 22.244
 21 0  1 73 21.988
 21 0  1 74 22.169
 21 0  1 75 22.411
 21 0  1 76 22.484
 21 0  1 77 22.453
 21 0  1 78 22.608
 21 0  1 79 23.997
 21 0  2 40 21.551
 21 0  2 41 20.982
 21 0  2 42 21.956
 21 0  2 43 21.438
 21 0  2 44 21.512
 21 0  2 45 21.697
 21 0  2 46 20.667
 21 0  2 47 21.735
 21 0  2 48 21.510
 21 0  2 49 22.267
 21 0  2 50 21.303
 21 0  2 51 21.290
 21 0  2 52 21.854
 21 0  2 53 21.719
 21 0  2 54 22.148
 21 0  2 55 21.459
 21 0  2 56 22.525
 21 0  2 57 21.934
 21 0  2 58 22.288
 21 0  2 59 23.046
 21 0  2 60 21.846
 21 0  2 61 21.227
 21 0  2 62 21.295
 21 0  2 63 21.300
 21 0  2 64 22.304
 21 0  2 65 21.217
 21 0  2 66 21.117
 21 0  2 67 22.184
 21 0  2 68 21.350
 21 0  2 69 22.080
 21 0  2 70 21.189
 21 0  2 71 21.335
 21 0  2 72 21.051
 21 0  2 73 21.539
 21 0  2 74 21.800
 21 0  2 75 21.927
 21 0  2 76 21.963
 21 0  2 77 22.883
 21 0  2 78 22.324
 21 0  2 79 22.291
 21 0  3 40 22.062
 21 0  3 41 21.042
 21 0  3 42 21.796
 21 0  3 43 21.571
 21 0  3 44 21.245
 21 0  3 45 21.309
 21 0  3 46 21.576
 21 0  3 47 21.464
 21 0  3 48 21.739
 21 0  3 49 21.962
 21 0  3 50 21.162
 21 0  3 51 21.330
 21 0  3 52 20.875
 21 0  3 53 22.014
 21 0  3 54 21.521
 21 0  3 55 21.433
 21 0  3 56 22.515
 21 0  3 57 21.928
 21 0  3 58 22.009
 21 0  3 59 22.140
 21 0  3 60 22.144
 21 0  3 61 21.494
 21 0  3 62 21.711
 21 0  3 63 21.380
 21 0  3 64 21.787
 21 0  3 65 21.076
 21 0  3 66 21.589
 21 0  3 67 21.859
 21 0  3 68 21.367
 21 0  3 69 21.489
 21 0  3 70 21.172
 21 0  3 71 22.109
 21 0  3 72 21.256
 21 0  3 73 21.313
 21 0  3 74 21.235
 21 0  3 75 21.837
 21 0  3 76 21.056
 21 0  3 77 22.045
 21 0  3 78 22.476
 21 0  3 79 21.950
 21 0  4 40 22.699
 21 0  4 41 21.442
 21 0  4 42 21.769
 21 0  4 43 21.100
 21 0  4 44 21.814
 21 0  4 45 21.744
 21 0  4 46 21.425
 21 0  4 47 21.057
 21 0  4 48 21.865
 21 0  4 49 21.825
 21 0  4 50 20.982
 21 0  4 51 21.514
 21 0  4 52 21.220
 21 0  4 53 21.316
 21 0  4 54 21.419
 21 0  4 55 21.793
 21 0  4 56 21.653
 21 0  4 57 21.776
 21 0  4 58  0.010
 21 0  4 59 21.689
 21 0  4 60 22.367
 21 0  4 61 21.873
 21 0  4 62 22.281
 21 0  4 63 21.669
 21 0  4 64 21.970
 21 0  4 65 21.285
 21 0  4 66 21.726
 21 0  4 67 22.534
 21 0  4 68 21.602
 21 0  4 69 21.843
 21 0  4 70 20.516
 21 0  4 71 21.426
 21 0  4 72 21.788
 21 0  4 73 21.252
 21 0  4 74 21.186
 21 0  4 75 21.393
 21 0  4 76 22.120
 21 0  4 77 21.163
 21 0  4 78 21.666
 21 0  4 79 21.766
 21 0  5 40 22.948
 21 0  5 41 22.340
 21 0  5 42 21.803
 21 0  5 43 21.909
 21 0  5 44 21.660
 21 0  5 45 21.105
 21 0  5 46 21.821
 21 0  5 47 21.781
 21 0  5 48 21.960
 21 0  5 49 21.822
 21 0  5 50 20.901
 21 0  5 51 21.014
 21 0  5 52 21.651
 21 0  5 53 21.470
 21 0  5 54 21.759
 21 0  5 55 21.669
 21 0  5 56 21.859
 21 0  5 57 21.320
 21 0  5 58 22.395
 21 0  5 59 21.629
 21 0  5 60 22.275
 21 0  5 61 22.554
 21 0  5 62 22.319
 21 0  5 63 22.948
 21 0  5 64 21.752
 21 0  5 65 21.747
 21 0  5 66 21.695
 21 0  5 67 22.150
 21 0  5 68 21.816
 21 0  5 69 21.412
 21 0  5 70 21.327
 21 0  5 71 21.772
 21 0  5 72 21.751
 21 0  5 73 21.163
 21 0  5 74 21.567
 21 0  5 75 21.855
 21 0  5 76 21.200
 21 0  5 77 21.710
 21 0  5 78 22.410
 21 0  5 79 21.902
 21 0  6 40 23.425
 21 0  6 41 23.137
 21 0  6 42 22.762
 21 0  6 43 22.639
 21 0  6 44 21.667
 21 0  6 45 21.915
 21 0  6 46 21.290
 21 0  6 47 22.415
 21 0  6 48 21.687
 21 0  6 49 21.767
 21 0  6 50 21.819
 21 0  6 51 21.583
 21 0  6 52 20.950
 21 0  6 53 20.473
 21 0  6 54 21.152
 21 0  6 55 21.040
 21 0  6 56 21.945
 21 0  6 57 22.124
 21 0  6 58 22.230
 21 0  6 59 22.406
 21 0  6 60 24.649
 21 0  6 61 23.636
 21 0  6 62 23.638
 21 0  6 63 23.436
 21 0  6 64 23.204
 21 0  6 65 22.021
 21 0  6 66 22.036
 21 0  6 67 22.689
 21 0  6 68 22.419
 21 0  6 69 21.036
 21 0  6 70 21.321
 21 0  6 71 21.528
 21 0  6 72 21.425
 21 0  6 73 21.068
 21 0  6 74 21.106
 21 0  6 75 21.853
 21 0  6 76 22.047
 21 0  6 77 22.249
 21 0  6 78 21.849
 21 0  6 79 22.764
 21 0  7 40 24.505
 21 0  7 41 24.314
 21 0  7 42 24.545
 21 0  7 43 24.125
 21 0  7 44 23.575
 21 0  7 45 23.445
 21 0  7 46 22.786
 21 0  7 47 23.348
 21 0  7 48 21.768
 21 0  7 49 22.222
 21 0  7 50 22.075
 21 0  7 51 22.352
 21 0  7 52 22.536
 21 0  7 53 21.894
 21 0  7 54 23.403
 21 0  7 55 23.154
 21 0  7 56 23.043
 21 0  7 57 23.027
 21 0  7 58 23.080
 21 0  7 59 22.445
 21 0  7 60 25.083
 21 0  7 61 25.984
 21 0  7 62 25.180
 21 0  7 63 24.348
 21 0  7 64 22.840
 21 0  7 65 22.954
 21 0  7 66 22.941
 21 0  7 67 23.280
 21 0  7 68 22.506
 21 0  7 69 22.981
 21 0  7 70 22.252
 21 0  7 71 22.764
 21 0  7 72 22.640
 21 0  7 73 23.330
 21 0  7 74 22.532
 21 0  7 75 24.017
 21 0  7 76 22.714
 21 0  7 77 23.044
 21 0  7 78 24.496
 21 0  7 79 22.237
 21 1  0 40 39.624
 21 1  0 41 40.517
 21 1  0 42 39.875
 21 1  0 43 36.594
 21 1  0 44 37.378
 21 1  0 45 38.009
 21 1  0 46 37.567
 21 1  0 47 39.538
 21 1  0 48 38.294
 21 1  0 49 38.577
 21 1  0 50 37.458
 21 1  0 51 38.813
 21 1  0 52 38.181
 21 1  0 53 37.925
 21 1  0 54 37.796
 21 1  0 55 39.984
 21 1  0 56 39.448
 21 1  0 57 38.544
 21 1  0 58 39.143
 21 1  0 59 41.737
 21 1  0 60 41.785
 21 1  0 61 38.187
 21 1  0 62 39.631
 21 1  0 63 37.601
 21 1  0 64 38.299
 21 1  0 65 38.787
 21 1  0 66 36.930
 21 1  0 67 39.920
 21 1  0 68 38.100
 21 1  0 69 38.445
 21 1  0 70 38.352
 21 1  0 71 39.246
 21 1  0 72 38.655
 21 1  0 73 37.032
 21 1  0 74 38.643
 21 1  0 75 39.870
 21 1  0 76 39.019
 21 1  0 77 40.896
 21 1  0 78 40.063
 21 1  0 79 41.947
 21 1  1 40 38.736
 21 1  1 41 40.022
 21 1  1 42 38.965
 21 1  1 43 38.754
 21 1  1 44 38.350
 21 1  1 45 37.608
 21 1  1 46 37.595
 21 1  1 47 39.261
 21 1  1 48 39.108
 21 1  1 49 37.663
 21 1  1 50 37.697
 21 1  1 51 38.887
 21 1  1 52 39.834
 21 1  1 53 37.916
 21 1  1 54 39.551
 21 1  1 55 40.733
 21 1  1 56 38.905
 21 1  1 57 41.341
 21 1  1 58 39.360
 21 1  1 59 42.912
 21 1  1 60 39.315
 21 1  1 61 40.807
 21 1  1 62 38.139
 21 1  1 63 38.751
 21 1  1 64 39.786
 21 1  1 65 37.606
 21 1  1 66 38.340
 21 1  1 67 40.472
 21 1  1 68 39.677
 21 1  1 69 38.279
 21 1  1 70 38.228
 21 1  1 71 37.772
 21 1  1 72 38.331
 21 1  1 73 38.464
 21 1  1 74 39.466
 21 1  1 75 39.018
 21 1  1 76 40.001
 21 1  1 77 40.755
 21 1  1 78 39.135
 21 1  1 79 42.066
 21 1  2 40 41.053
 21 1  2 41 39.808
 21 1  2 42 38.528
 21 1  2 43 39.411
 21 1  2 44 39.521
 21 1  2 45 37.464
 21 1  2 46 39.879
 21 1  2 47 38.847
 21 1  2 48 40.658
 21 1  2 49 38.717
 21 1  2 50 38.187
 21 1  2 51 38.949
 21 1  2 52 39.352
 21 1  2 53 39.777
 21 1  2 54 38.309
 21 1  2 55 40.744
 21 1  2 56 40.473
 21 1  2 57 39.692
 21 1  2 58 39.779
 21 1  2 59 40.986
 21 1  2 60 40.986
 21 1  2 61 39.069
 21 1  2 62 38.573
 21 1  2 63 39.035
 21 1  2 64 38.527
 21 1  2 65 38.887
 21 1  2 66 38.000
 21 1  2 67 38.558
 21 1  2 68 39.433
 21 1  2 69 40.272
 21 1  2 70 38.089
 21 1  2 71 37.951
 21 1  2 72 40.189
 21 1  2 73 38.554
 21 1  2 74 37.242
 21 1  2 75 39.346
 21 1  2 76 39.740
 21 1  2 77 40.330
 21 1  2 78 40.735
 21 1  2 79 40.133
 21 1  3 40 40.887
 21 1  3 41 40.374
 21 1  3 42 39.840
 21 1  3 43 38.980
 21 1  3 44 37.927
 21 1  3 45 39.491
 21 1  3 46 38.482
 21 1  3 47 38.407
 21 1  3 48 39.291
 21 1  3 49 40.297
 21 1  3 50 39.213
 21 1  3 51 38.169
 21 1  3 52 38.500
 21 1  3 53 38.485
 21 1  3 54 39.000
 21 1  3 55 40.290
 21 1  3 56 39.057
 21 1  3 57 40.206
 21 1  3 58 38.801
 21 1  3 59 38.967
 21 1  3 60 40.793
 21 1  3 61 39.876
 21 1  3 62 40.528
 21 1  3 63 38.323
 21 1  3 64 40.244
 21 1  3 65 38.256
 21 1  3 66 39.049
 21 1  3 67 39.347
 21 1  3 68 39.295
 21 1  3 69 38.432
 21 1  3 70 38.993
 21 1  3 71 38.721
 21 1  3 72 37.640
 21 1  3 73 40.192
 21 1  3 74 38.374
 21 1  3 75 37.941
 21 1  3 76 40.196
 21 1  3 77 41.374
 21 1  3 78 41.042
 21 1  3 79 39.495
 21 1  4 40 42.011
 21 1  4 41 39.793
 21 1  4 42 38.944
 21 1  4 43 38.782
 21 1  4 44 39.861
 21 1  4 45 40.100
 21 1  4 46 39.561
 21 1  4 47 38.997
 21 1  4 48 38.299
 21 1  4 49 38.611
 21 1  4 50 38.845
 21 1  4 51 40.567
 21 1  4 52 39.586
 21 1  4 53 39.943
 21 1  4 54 38.715
 21 1  4 55 40.007
 21 1  4 56 38.927
 21 1  4 57 39.357
 21 1  4 58 39.523
 21 1  4 59 38.812
 21 1  4 60 40.280
 21 1  4 61 39.753
 21 1  4 62 39.321
 21 1  4 63 40.386
 21 1  4 64 40.394
 21 1  4 65 37.658
 21 1  4 66 38.072
 21 1  4 67 38.511
 21 1  4 68 38.617
 21 1  4 69 41.561
 21 1  4 70 40.211
 21 1  4 71 39.282
 21 1  4 72 38.958
 21 1  4 73 39.826
 21 1  4 74 38.817
 21 1  4 75 39.409
 21 1  4 76 37.493
 21 1  4 77 40.820
 21 1  4 78 39.231
 21 1  4 79 39.575
 21 1  5 40 43.588
 21 1  5 41 39.097
 21 1  5 42 37.950
 21 1  5 43 38.803
 21 1  5 44 40.994
 21 1  5 45 40.152
 21 1  5 46 39.751
 21 1  5 47 38.294
 21 1  5 48 39.406
 21 1  5 49 39.484
 21 1  5 50 38.087
 21 1  5 51 39.267
 21 1  5 52 39.869
 21 1  5 53 37.284
 21 1  5 54 37.406
 21 1  5 55 39.514
 21 1  5 56  0.010
 21 1  5 57 39.428
 21 1  5 58 39.054
 21 1  5 59 40.189
 21 1  5 60 40.752
 21 1  5 61 41.264
 21 1  5 62 38.822
 21 1  5 63 39.200
 21 1  5 64 39.232
 21 1  5 65 38.803
 21 1  5 66 39.885
 21 1  5 67 38.023
 21 1  5 68 38.376
 21 1  5 69 39.747
 21 1  5 70 41.302
 21 1  5 71 38.321
 21 1  5 72 39.671
 21 1  5 73 38.403
 21 1  5 74 38.479
 21 1  5 75 40.854
 21 1  5 76 37.590
 21 1  5 77 38.986
 21 1  5 78 39.899
 21 1  5 79 40.437
 21 1  6 40 42.040
 21 1  6 41 39.283
 21 1  6 42 42.918
 21 1  6 43 39.730
 21 1  6 44 39.501
 21 1  6 45 39.377
 21 1  6 46 40.578
 21 1  6 47 40.291
 21 1  6 48 38.724
 21 1  6 49 39.174
 21 1  6 50 37.628
 21 1  6 51 38.554
 21 1  6 52 39.351
 21 1  6 53 39.780
 21 1  6 54 38.330
 21 1  6 55 37.722
 21 1  6 56 38.691
 21 1  6 57 38.581
 21 1  6 58 39.975
 21 1  6 59 39.777
 21 1  6 60 39.967
 21 1  6 61 40.239
 21 1  6 62 38.903
 21 1  6 63 39.404
 21 1  6 64 39.814
 21 1  6 65 40.843
 21 1  6 66 40.274
 21 1  6 67 38.535
 21 1  6 68 39.179
 21 1  6 69 38.672
 21 1  6 70 36.985
 21 1  6 71 39.145
 21 1  6 72 36.849
 21 1  6 73 39.778
 21 1  6 74 37.739
 21 1  6 75 39.620
 21 1  6 76 38.644
 21 1  6 77 38.426
 21 1  6 78 38.406
 21 1  6 79 39.600
 21 1  7 40 42.957
 21 1  7 41 39.967
 21 1  7 42 38.457
 21 1  7 43 42.217
 21 1  7 44 39.097
 21 1  7 45 38.060
 21 1  7 46 38.888
 21 1  7 47 39.101
 21 1  7 48 38.160
 21 1  7 49 39.126
 21 1  7 50 38.212
 21 1  7 51 36.802
 21 1  7 52 36.952
 21 1  7 53 38.550
 21 1  7 54 37.938
 21 1  7 55 38.973
 21 1  7 56 38.929
 21 1  7 57 38.402
 21 1  7 58 39.226
 21 1  7 59 41.265
 21 1  7 60 44.995
 21 1  7 61 41.163
 21 1  7 62 39.391
 21 1  7 63 41.461
 21 1  7 64 39.874
 21 1  7 65 38.474
 21 1  7 66 39.029
 21 1  7 67 37.503
 21 1  7 68 38.345
 21 1  7 69 37.707
 21 1  7 70 38.009
 21 1  7 71 39.308
 21 1  7 72 37.616
 21 1  7 73 38.573
 21 1  7 74 40.185
 21 1  7 75 39.175
 21 1  7 76 38.130
 21 1  7 77 36.742
 21 1  7 78 37.604
 21 1  7 79 40.970
 16 0  0  0  6.069
 16 0  0  1  6.175
 16 0  0  2  5.826
 16 0  0  3  6.058
 16 0  0  4  6.390
 16 0  0  5  6.030
 16 0  0  6  5.988
 16 0  0  7  5.693
 16 0  0  8  5.808
 16 0  0  9  5.748
 16 0  0 10  5.738
 16 0  0 11  5.458
 16 0  0 12  6.002
 16 0  0 13  5.706
 16 0  0 14  5.785
 16 0  0 15  5.332
 16 0  0 16  5.434
 16 0  0 17  5.712
 16 0  0 18  5.795
 16 0  0 19  5.431
 16 0  0 20  5.980
 16 0  0 21  6.223
 16 0  0 22  6.046
 16 0  0 23  6.051
 16 0  1  0  6.307
 16 0  1  1  6.288
 16 0  1  2  6.537
 16 0  1  3  5.924
 16 0  1  4  6.100
 16 0  1  5  5.862
 16 0  1  6  5.848
 16 0  1  7  5.974
 16 0  1  8  5.352
 16 0  1  9  5.232
 16 0  1 10  5.165
 16 0  1 11  5.236
 16 0  1 12  5.309
 16 0  1 13  5.299
 16 0  1 14  5.225
 16 0  1 15  5.239
 16 0  1 16  5.398
 16 0  1 17  5.126
 16 0  1 18  5.339
 16 0  1 19  4.971
 16 0  1 20  5.142
 16 0  1 21  5.210
 16 0  1 22  5.181
 16 0  1 23  5.289
 16 0  1 24  6.051
 16 0  1 25  5.684
 16 0  1 26  5.397
 16 0  1 27  5.547
 16 0  1 28  5.805
 16 0  1 29  5.579
 16 0  1 30  5.967
 16 0  1 31  6.262
 16 0  2  0  6.091
 16 0  2  1  5.838
 16 0  2  2  6.109
 16 0  2  3  6.292
 16 0  2  4  6.220
 16 0  2  5  6.205
 16 0  2  6  6.069
 16 0  2  7  5.787
 16 0  2  8  5.236
 16 0  2  9  5.076
 16 0  2 10  5.310
 16 0  2 11  5.438
 16 0  2 12  5.271
 16 0  2 13  5.359
 16 0  2 14  5.215
 16 0  2 15  5.153
 16 0  2 16  5.191
 16 0  2 17  5.031
 16 0  2 18  5.621
 16 0  2 19  5.281
 16 0  2 20  5.345
 16 0  2 21  5.208
 16 0  2 22  5.392
 16 0  2 23  5.197
 16 0  2 24  5.790
 16 0  2 25  5.688
 16 0  2 26  5.845
 16 0  2 27  5.635
 16 0  2 28  6.097
 16 0  2 29  6.077
 16 0  2 30  5.599
 16 0  2 31  5.819
 16 0  3  0  6.333
 16 0  3  1  6.339
 16 0  3  2  6.138
 16 0  3  3  6.125
 16 0  3  4  5.875
 16 0  3  5  6.009
 16 0  3  6  6.256
 16 0  3  7  6.024
 16 0  3  8  5.132
 16 0  3  9  5.237
 16 0  3 10  5.072
 16 0  3 11  5.068
 16 0  3 12  5.172
 16 0  3 13  5.216
 16 0  3 14  5.034
 16 0  3 15  5.159
 16 0  3 16  5.340
 16 0  3 17  5.344
 16 0  3 18  5.440
 16 0  3 19  5.215
 16 0  3 20  5.279
 16 0  3 21  5.194
 16 0  3 22  5.400
 16 0  3 23  5.033
 16 0  3 24  5.800
 16 0  3 25  5.940
 16 0  3 26  5.888
 16 0  3 27  5.694
 16 0  3 28  5.786
 16 0  3 29  5.927
 16 0  3 30  6.031
 16 0  3 31  6.255
 16 0  4  0  6.366
 16 0  4  1  6.310
 16 0  4  2  5.928
 16 0  4  3  6.028
 16 0  4  4  6.113
 16 0  4  5  6.008
 16 0  4  6  6.357
 16 0  4  7  6.019
 16 0  4  8  5.038
 16 0  4  9  5.131
 16 0  4 10  5.093
 16 0  4 11  5.360
 16 0  4 12  5.331
 16 0  4 13  5.417
 16 0  4 14  4.946
 16 0  4 15  5.298
 16 0  4 16  5.233
 16 0  4 17  5.155
 16 0  4 18  5.429
 16 0  4 19  5.098
 16 0  4 20  5.150
 16 0  4 21  5.395
 16 0  4 22  5.243
 16 0  4 23  5.127
 16 0  4 24  5.865
 16 0  4 25  5.998
 16 0  4 26  5.678
 16 0  4 27  5.672
 16 0  4 28  6.064
 16 0  4 29  5.866
 16 0  4 30  5.946
 16 0  4 31  6.156
 16 0  5  0  6.133
 16 0  5  1  5.891
 16 0  5  2  5.914
 16 0  5  3  6.029
 16 0  5  4  6.116
 16 0  5  5  6.089
 16 0  5  6  6.048
 16 0  5  7  6.048
 16 0  5  8  5.157
 16 0  5  9  5.263
 16 0  5 10  5.095
 16 0  5 11  5.267
 16 0  5 12  5.497
 16 0  5 13  5.234
 16 0  5 14  5.244
 16 0  5 15  5.296
 16 0  5 16  5.286
 16 0  5 17  5.252
 16 0  5 18  5.242
 16 0  5 19  5.368
 16 0  5 20  5.158
 16 0  5 21  5.204
 16 0  5 22  5.188
 16 0  5 23  5.213
 16 0  5 24  5.745
 16 0  5 25  5.685
 16 0  5 26  5.791
 16 0  5 27  5.712
 16 0  5 28  5.959
 16 0  5 29  5.977
 16 0  5 30  6.033
 16 0  5 31  5.748
 16 0  6  0  6.134
 16 0  6  1  5.870
 16 0  6  2  5.883
 16 0  6  3  5.974
 16 0  6  4  5.967
 16 0  6  5  6.175
 16 0  6  6  5.944
 16 0  6  7  6.091
 16 0  6  8  5.298
 16 0  6  9  5.288
 16 0  6 10  5.163
 16 0  6 11  5.184
 16 0  6 12  5.298
 16 0  6 13  5.229
 16 0  6 14  5.217
 16 0  6 15  5.186
 16 0  6 16  5.203
 16 0  6 17  5.186
 16 0  6 18  5.265
 16 0  6 19  5.172
 16 0  6 20  5.416
 16 0  6 21  5.245
 16 0  6 22  5.299
 16 0  6 23  5.119
 16 0  6 24  5.792
 16 0  6 25  5.878
 16 0  6 26  5.817
 16 0  6 27  5.518
 16 0  6 28  5.686
 16 0  6 29  5.903
 16 0  6 30  5.850
 16 0  6 31  5.764
 16 0  7  0  6.086
 16 0  7  1  6.279
 16 0  7  2  5.841
 16 0  7  3  6.146
 16 0  7  4  5.884
 16 0  7  5  5.820
 16 0  7  6  5.895
 16 0  7  7  6.101
 16 0  7  8  5.177
 16 0  7  9  5.191
 16 0  7 10  5.137
 16 0  7 11  4.996
 16 0  7 12  5.223
 16 0  7 13  5.240
 16 0  7 14  4.999
 16 0  7 15  5.281
 16 0  7 16  5.270
 16 0  7 17  5.323
 16 0  7 18  5.323
 16 0  7 19  5.177
 16 0  7 20  5.316
 16 0  7 21  5.087
 16 0  7 22  5.060
 16 0  7 23  5.099
 16 0  7 24  5.806
 16 0  7 25  5.816
 16 0  7 26  6.051
 16 0  7 27  5.822
 16 0  7 28  5.757
 16 0  7 29  5.907
 16 0  7 30  5.687
 16 0  7 31  5.767
 16 0  8  0  5.920
 16 0  8  1  6.014
 16 0  8  2  6.025
 16 0  8  3  5.983
 16 0  8  4  6.049
 16 0  8  5  5.967
 16 0  8  6  6.010
 16 0  8  7  6.037
 16 0  8  8  5.255
 16 0  8  9  5.162
 16 0  8 10  5.106
 16 0  8 11  5.279
 16 0  8 12  5.155
 16 0  8 13  5.303
 16 0  8 14  5.103
 16 0  8 15  5.247
 16 0  8 16  5.291
 16 0  8 17  5.435
 16 0  8 18  5.385
 16 0  8 19  5.043
 16 0  8 20  5.174
 16 0  8 21  5.095
 16 0  8 22  5.192
 16 0  8 23  4.937
 16 0  8 24  5.747
 16 0  8 25  5.938
 16 0  8 26  5.819
 16 0  8 27  5.702
 16 0  8 28  5.723
 16 0  8 29  5.631
 16 0  8 30  5.711
 16 0  8 31  5.632
 16 0  9  0  5.924
 16 0  9  1  5.769
 16 0  9  2  5.839
 16 0  9  3  6.154
 16 0  9  4  5.936
 16 0  9  5  5.756
 16 0  9  6  5.983
 16 0  9  7  5.800
 16 0  9  8  5.342
 16 0  9  9  5.130
 16 0  9 10  5.235
 16 0  9 11  5.121
 16 0  9 12  5.157
 16 0  9 13  5.368
 16 0  9 14  5.315
 16 0  9 15  5.395
 16 0  9 16  5.155
 16 0  9 17  5.360
 16 0  9 18  5.171
 16 0  9 19  5.218
 16 0  9 20  5.218
 16 0  9 21  5.248
 16 0  9 22  5.130
 16 0  9 23  5.045
 16 0  9 24  5.944
 16 0  9 25  5.699
 16 0  9 26  5.584
 16 0  9 27  5.808
 16 0  9 28  5.917
 16 0  9 29  5.759
 16 0  9 30  5.715
 16 0  9 31  5.800
 16 0 10  0  6.091
 16 0 10  1  5.973
 16 0 10  2  5.775
 16 0 10  3  5.678
 16 0 10  4  5.847
 16 0 10  5  6.010
 16 0 10  6  5.790
 16 0 10  7  5.972
 16 0 10  8  5.482
 16 0 10  9  5.210
 16 0 10 10  5.271
 16 0 10 11  5.297
 16 0 10 12  5.322
 16 0 10 13  5.239
 16 0 10 14  5.138
 16 0 10 15  5.244
 16 0 10 16  5.361
 16 0 10 17  5.075
 16 0 10 18  5.306
 16 0 10 19  5.165
 16 0 10 20  5.112
 16 0 10 21  5.296
 16 0 10 22  5.306
 16 0 10 23  5.212
 16 0 10 24  5.704
 16 0 10 25  5.795
 16 0 10 26  5.751
 16 0 10 27  5.674
 16 0 10 28  5.851
 16 0 10 29  5.692
 16 0 10 30  5.793
 16 0 10 31  5.653
 16 0 11  0  5.995
 16 0 11  1  5.784
 16 0 11  2  5.753
 16 0 11  3  6.118
 16 0 11  4  5.940
 16 0 11  5  5.955
 16 0 11  6  6.053
 16 0 11  7  5.814
 16 0 11  8  5.202
 16 0 11  9  5.168
 16 0 11 10  5.125
 16 0 11 11  5.411
 16 0 11 12  5.506
 16 0 11 13  5.369
 16 0 11 14  5.202
 16 0 11 15  5.082
 16 0 11 16  5.257
 16 0 11 17  5.219
 16 0 11 18  5.215
 16 0 11 19  5.121
 16 0 11 20  4.991
 16 0 11 21  5.230
 16 0 11 22  5.048
 16 0 11 23  5.159
 16 0 11 24  5.681
 16 0 11 25  5.827
 16 0 11 26  5.736
 16 0 11 27  5.616
 16 0 11 28  5.791
 16 0 11 29  5.476
 16 0 11 30  5.727
 16 0 11 31  5.851
 16 0 12  0  6.046
 16 0 12  1  5.900
 16 0 12  2  5.597
 16 0 12  3  5.685
 16 0 12  4  5.987
 16 0 12  5  5.760
 16 0 12  6  5.971
 16 0 12  7  5.910
 16 0 12  8  5.189
 16 0 12  9  5.176
 16 0 12 10  5.352
 16 0 12 11  5.185
 16 0 12 12  5.405
 16 0 12 13  5.253
 16 0 12 14  5.130
 16 0 12 15  5.314
 16 0 12 16  5.267
 16 0 12 17  5.147
 16 0 12 18  5.376
 16 0 12 19  5.191
 16 0 12 20  5.006
 16 0 12 21  5.179
 16 0 12 22  5.055
 16 0 12 23  5.204
 16 0 12 24  5.617
 16 0 12 25  5.735
 16 0 12 26  5.743
 16 0 12 27  5.658
 16 0 12 28  5.580
 16 0 12 29  5.651
 16 0 12 30  5.853
 16 0 12 31  5.820
 16 0 13  0  5.950
 16 0 13  1  5.874
 16 0 13  2  5.836
 16 0 13  3  5.785
 16 0 13  4  5.838
 16 0 13  5  5.848
 16 0 13  6  5.785
 16 0 13  7  5.892
 16 0 13  8  5.237
 16 0 13  9  5.137
 16 0 13 10  5.308
 16 0 13 11  5.076
 16 0 13 12  5.123
 16 0 13 13  5.152
 16 0 13 14  5.140
 16 0 13 15  5.192
 16 0 13 16  5.129
 16 0 13 17  5.257
 16 0 13 18  5.132
 16 0 13 19  5.186
 16 0 13 20  5.164
 16 0 13 21  5.176
 16 0 13 22  5.196
 16 0 13 23  5.182
 16 0 13 24  5.648
 16 0 13 25  5.915
 16 0 13 26  5.705
 16 0 13 27  5.636
 16 0 13 28  5.465
 16 0 13 29  5.539
 16 0 13 30  5.591
 16 0 13 31  5.861
 16 0 14  0  6.012
 16 0 14  1  6.064
 16 0 14  2  5.834
 16 0 14  3  6.209
 16 0 14  4  5.615
 16 0 14  5  5.768
 16 0 14  6  5.937
 16 0 14  7  5.821
 16 0 14  8  5.198
 16 0 14  9  5.052
 16 0 14 10  5.113
 16 0 14 11  5.093
 16 0 14 12  5.269
 16 0 14 13  5.179
 16 0 14 14  5.223
 16 0 14 15  5.291
 16 0 14 16  5.201
 16 0 14 17  5.075
 16 0 14 18  5.123
 16 0 14 19  5.281
 16 0 14 20  5.168
 16 0 14 21  5.173
 16 0 14 22  4.948
 16 0 14 23  5.029
 16 0 14 24  5.594
 16 0 14 25  5.820
 16 0 14 26  5.815
 16 0 14 27  5.657
 16 0 14 28  5.613
 16 0 14 29  5.711
 16 0 14 30  5.386
 16 0 14 31  5.553
 16 0 15  0  6.289
 16 0 15  1  6.239
 16 0 15  2  5.978
 16 0 15  3  5.814
 16 0 15  4  5.769
 16 0 15  5  5.690
 16 0 15  6  5.946
 16 0 15  7  5.718
 16 0 15  8  5.055
 16 0 15  9  5.192
 16 0 15 10  5.339
 16 0 15 11  5.149
 16 0 15 12  5.236
 16 0 15 13  5.260
 16 0 15 14  5.335
 16 0 15 15  5.139
 16 0 15 16  5.166
 16 0 15 17  5.137
 16 0 15 18  5.384
 16 0 15 19  5.252
 16 0 15 20  5.142
 16 0 15 21  5.085
 16 0 15 22  5.208
 16 0 15 23  5.152
 16 0 15 24  5.678
 16 0 15 25  5.791
 16 0 15 26  5.710
 16 0 15 27  5.710
 16 0 15 28  5.465
 16 0 15 29  5.642
 16 0 15 30  5.769
 16 0 15 31  5.935
 16 0 16  0  5.906
 16 0 16  1  5.675
 16 0 16  2  6.124
 16 0 16  3  5.814
 16 0 16  4  5.772
 16 0 16  5  5.914
 16 0 16  6  5.821
 16 0 16  7  5.765
 16 0 16  8  5.150
 16 0 16  9  5.212
 16 0 16 10  5.325
 16 0 16 11  5.192
 16 0 16 12  5.290
 16 0 16 13  5.139
 16 0 16 14  5.068
 16 0 16 15  5.092
 16 0 16 16  5.207
 16 0 16 17  5.332
 16 0 16 18  5.127
 16 0 16 19  5.258
 16 0 16 20  5.130
 16 0 16 21  5.249
 16 0 16 22  5.042
 16 0 16 23  5.264
 16 0 16 24  5.825
 16 0 16 25  5.679
 16 0 16 26  5.480
 16 0 16 27  5.738
 16 0 16 28  5.707
 16 0 16 29  5.815
 16 0 16 30  5.921
 16 0 16 31  6.101
 16 0 17  0  5.887
 16 0 17  1  5.830
 16 0 17  2  6.164
 16 0 17  3  5.696
 16 0 17  4  5.596
 16 0 17  5  5.775
 16 0 17  6  5.709
 16 0 17  7  5.759
 16 0 17  8  5.295
 16 0 17  9  5.328
 16 0 17 10  5.495
 16 0 17 11  5.235
 16 0 17 12  5.336
 16 0 17 13  5.065
 16 0 17 14  5.299
 16 0 17 15  5.223
 16 0 17 16  5.378
 16 0 17 17  5.191
 16 0 17 18  5.294
 16 0 17 19  5.400
 16 0 17 20  5.262
 16 0 17 21  5.251
 16 0 17 22  5.179
 16 0 17 23  5.247
 16 0 17 24  5.683
 16 0 17 25  5.394
 16 0 17 26  5.554
 16 0 17 27  5.713
 16 0 17 28  5.697
 16 0 17 29  5.728
 16 0 17 30  5.858
 16 0 17 31  5.984
 16 1  0  0  5.768
 16 1  0  1  6.226
 16 1  0  2  6.116
 16 1  0  3  5.958
 16 1  0  4  6.082
 16 1  0  5  6.364
 16 1  0  6  6.311
 16 1  0  7  6.133
 16 1  0  8  5.971
 16 1  0  9  6.443
 16 1  0 10  6.290
 16 1  0 11  6.212
 16 1  0 12  6.459
 16 1  0 13  6.274
 16 1  0 14  6.850
 16 1  0 15  6.290
 16 1  0 16  6.255
 16 1  0 17  6.717
 16 1  0 18  6.612
 16 1  0 19  6.758
 16 1  0 20  6.385
 16 1  0 21  6.378
 16 1  0 22  6.456
 16 1  0 23  6.022
 16 1  1  0  5.923
 16 1  1  1  6.572
 16 1  1  2  6.137
 16 1  1  3  6.612
 16 1  1  4  6.422
 16 1  1  5  6.667
 16 1  1  6  6.881
 16 1  1  7  6.320
 16 1  1  8  6.670
 16 1  1  9  6.324
 16 1  1 10  6.302
 16 1  1 11  6.622
 16 1  1 12  6.604
 16 1  1 13  6.758
 16 1  1 14  6.220
 16 1  1 15  6.521
 16 1  1 16  6.914
 16 1  1 17  6.664
 16 1  1 18  6.687
 16 1  1 19  6.411
 16 1  1 20  6.846
 16 1  1 21  7.052
 16 1  1 22  6.878
 16 1  1 23  6.883
 16 1  1 24  6.711
 16 1  1 25  6.537
 16 1  1 26  6.817
 16 1  1 27  6.978
 16 1  1 28  6.575
 16 1  1 29  6.725
 16 1  1 30  7.287
 16 1  1 31  6.649
 16 1  2  0  6.293
 16 1  2  1  6.344
 16 1  2  2  6.392
 16 1  2  3  6.209
 16 1  2  4  6.465
 16 1  2  5  6.475
 16 1  2  6  6.601
 16 1  2  7  6.370
 16 1  2  8  6.469
 16 1  2  9  6.220
 16 1  2 10  6.274
 16 1  2 11  6.271
 16 1  2 12  6.360
 16 1  2 13  6.371
 16 1  2 14  6.259
 16 1  2 15  6.337
 16 1  2 16  6.762
 16 1  2 17  6.767
 16 1  2 18  6.907
 16 1  2 19  6.585
 16 1  2 20  6.725
 16 1  2 21  7.243
 16 1  2 22  6.796
 16 1  2 23  6.737
 16 1  2 24  6.811
 16 1  2 25  6.796
 16 1  2 26  7.175
 16 1  2 27  6.861
 16 1  2 28  6.815
 16 1  2 29  7.266
 16 1  2 30  6.884
 16 1  2 31  7.475
 16 1  3  0  6.472
 16 1  3  1  6.704
 16 1  3  2  6.118
 16 1  3  3  6.747
 16 1  3  4  6.265
 16 1  3  5  6.425
 16 1  3  6  6.578
 16 1  3  7  6.336
 16 1  3  8  6.510
 16 1  3  9  6.336
 16 1  3 10  6.636
 16 1  3 11  6.208
 16 1  3 12  6.223
 16 1  3 13  6.761
 16 1  3 14  6.791
 16 1  3 15  6.410
 16 1  3 16  7.107
 16 1  3 17  7.027
 16 1  3 18  6.810
 16 1  3 19  7.229
 16 1  3 20  6.558
 16 1  3 21  6.463
 16 1  3 22  6.727
 16 1  3 23  6.930
 16 1  3 24  7.238
 16 1  3 25  6.673
 16 1  3 26  6.763
 16 1  3 27  7.046
 16 1  3 28  7.054
 16 1  3 29  6.971
 16 1  3 30  6.782
 16 1  3 31  6.822
 16 1  4  0  6.334
 16 1  4  1  6.336
 16 1  4  2  6.053
 16 1  4  3  6.464
 16 1  4  4  6.606
 16 1  4  5  6.287
 16 1  4  6  6.679
 16 1  4  7  6.533
 16 1  4  8  6.269
 16 1  4  9  6.262
 16 1  4 10  6.391
 16 1  4 11  6.843
 16 1  4 12  6.738
 16 1  4 13  6.720
 16 1  4 14  6.278
 16 1  4 15  6.643
 16 1  4 16  6.567
 16 1  4 17  6.709
 16 1  4 18  6.794
 16 1  4 19  6.959
 16 1  4 20  6.639
 16 1  4 21  6.928
 16 1  4 22  6.892
 16 1  4 23  7.114
 16 1  4 24  6.856
 16 1  4 25  6.917
 16 1  4 26  6.770
 16 1  4 27  6.695
 16 1  4 28  6.778
 16 1  4 29  6.988
 16 1  4 30  7.172
 16 1  4 31  6.948
 16 1  5  0  6.282
 16 1  5  1  6.462
 16 1  5  2  6.055
 16 1  5  3  6.200
 16 1  5  4  6.336
 16 1  5  5  6.504
 16 1  5  6  6.542
 16 1  5  7  6.206
 16 1  5  8  6.622
 16 1  5  9  6.545
 16 1  5 10  6.317
 16 1  5 11  6.408
 16 1  5 12  6.429
 16 1  5 13  6.761
 16 1  5 14  6.600
 16 1  5 15  6.388
 16 1  5 16  6.661
 16 1  5 17  6.518
 16 1  5 18  6.871
 16 1  5 19  6.802
 16 1  5 20  7.180
 16 1  5 21  6.713
 16 1  5 22  6.836
 16 1  5 23  6.795
 16 1  5 24  7.061
 16 1  5 25  6.668
 16 1  5 26  6.427
 16 1  5 27  6.812
 16 1  5 28  6.756
 16 1  5 29  7.099
 16 1  5 30  6.744
 16 1  5 31  6.541
 16 1  6  0  6.342
 16 1  6  1  6.244
 16 1  6  2  6.078
 16 1  6  3  6.400
 16 1  6  4  6.206
 16 1  6  5  6.532
 16 1  6  6  6.384
 16 1  6  7  6.310
 16 1  6  8  6.476
 16 1  6  9  6.012
 16 1  6 10  6.651
 16 1  6 11  6.287
 16 1  6 12  6.801
 16 1  6 13  6.769
 16 1  6 14  6.852
 16 1  6 15  6.793
 16 1  6 16  6.379
 16 1  6 17  6.808
 16 1  6 18  6.555
 16 1  6 19  7.306
 16 1  6 20  6.582
 16 1  6 21  6.771
 16 1  6 22  6.954
 16 1  6 23  6.495
 16 1  6 24  6.802
 16 1  6 25  6.514
 16 1  6 26  6.697
 16 1  6 27  7.024
 16 1  6 28  7.298
 16 1  6 29  6.482
 16 1  6 30  7.029
 16 1  6 31  6.951
 16 1  7  0  5.928
 16 1  7  1  5.991
 16 1  7  2  6.405
 16 1  7  3  6.129
 16 1  7  4  6.326
 16 1  7  5  6.174
 16 1  7  6  6.162
 16 1  7  7  6.253
 16 1  7  8  6.497
 16 1  7  9  6.275
 16 1  7 10  6.246
 16 1  7 11  6.692
 16 1  7 12  6.797
 16 1  7 13  6.215
 16 1  7 14  6.670
 16 1  7 15  6.722
 16 1  7 16  6.727
 16 1  7 17  6.388
 16 1  7 18  6.495
 16 1  7 19  6.299
 16 1  7 20  6.960
 16 1  7 21  6.384
 16 1  7 22  6.475
 16 1  7 23  6.455
 16 1  7 24  6.713
 16 1  7 25  6.811
 16 1  7 26  6.623
 16 1  7 27  7.160
 16 1  7 28  6.720
 16 1  7 29  6.967
 16 1  7 30  6.759
 16 1  7 31  6.820
 16 1  8  0  5.819
 16 1  8  1  6.323
 16 1  8  2  6.099
 16 1  8  3  6.296
 16 1  8  4  6.572
 16 1  8  5  6.375
 16 1  8  6  6.478
 16 1  8  7  6.222
 16 1  8  8  6.244
 16 1  8  9  6.168
 16 1  8 10  6.387
 16 1  8 11  6.597
 16 1  8 12  6.231
 16 1  8 13  6.192
 16 1  8 14  6.443
 16 1  8 15  6.630
 16 1  8 16  6.632
 16 1  8 17  6.857
 16 1  8 18  6.330
 16 1  8 19  6.586
 16 1  8 20  6.406
 16 1  8 21  6.567
 16 1  8 22  6.692
 16 1  8 23  6.464
 16 1  8 24  6.533
 16 1  8 25  6.777
 16 1  8 26  6.722
 16 1  8 27  6.818
 16 1  8 28  6.671
 16 1  8 29  6.693
 16 1  8 30  6.528
 16 1  8 31  6.996
 16 1  9  0  5.850
 16 1  9  1  6.411
 16 1  9  2  6.152
 16 1  9  3  6.400
 16 1  9  4  6.139
 16 1  9  5  6.445
 16 1  9  6  6.287
 16 1  9  7  6.277
 16 1  9  8  6.487
 16 1  9  9  6.342
 16 1  9 10  6.309
 16 1  9 11  6.180
 16 1  9 12  6.391
 16 1  9 13  6.598
 16 1  9 14  6.781
 16 1  9 15  6.187
 16 1  9 16  6.441
 16 1  9 17  6.402
 16 1  9 18  6.680
 16 1  9 19  6.716
 16 1  9 20  6.518
 16 1  9 21  0.010
 16 1  9 22  6.438
 16 1  9 23  7.201
 16 1  9 24  6.512
 16 1  9 25  6.756
 16 1  9 26  6.499
 16 1  9 27  6.938
 16 1  9 28  6.950
 16 1  9 29  6.725
 16 1  9 30  6.853
 16 1  9 31  6.813
 16 1 10  0  6.101
 16 1 10  1  6.300
 16 1 10  2  6.176
 16 1 10  3  6.406
 16 1 10  4  5.929
 16 1 10  5  6.396
 16 1 10  6  6.046
 16 1 10  7  6.243
 16 1 10  8  6.325
 16 1 10  9  6.250
 16 1 10 10  6.311
 16 1 10 11  6.187
 16 1 10 12  6.094
 16 1 10 13  6.281
 16 1 10 14  6.715
 16 1 10 15  6.398
 16 1 10 16  6.660
 16 1 10 17  6.648
 16 1 10 18  6.302
 16 1 10 19  6.834
 16 1 10 20  6.439
 16 1 10 21  6.787
 16 1 10 22  6.623
 16 1 10 23  6.833
 16 1 10 24  6.541
 16 1 10 25  6.613
 16 1 10 26  6.562
 16 1 10 27  6.707
 16 1 10 28  6.362
 16 1 10 29  6.364
 16 1 10 30  6.730
 16 1 10 31  6.551
 16 1 11  0  5.847
 16 1 11  1  6.216
 16 1 11  2  6.150
 16 1 11  3  6.032
 16 1 11  4  6.036
 16 1 11  5  6.094
 16 1 11  6  6.238
 16 1 11  7  6.083
 16 1 11  8  6.149
 16 1 11  9  6.019
 16 1 11 10  6.349
 16 1 11 11  6.308
 16 1 11 12  6.418
 16 1 11 13  6.141
 16 1 11 14  6.328
 16 1 11 15  6.498
 16 1 11 16  6.208
 16 1 11 17  6.529
 16 1 11 18  6.360
 16 1 11 19  6.651
 16 1 11 20  6.707
 16 1 11 21  6.351
 16 1 11 22  6.440
 16 1 11 23  6.753
 16 1 11 24  6.724
 16 1 11 25  6.865
 16 1 11 26  6.527
 16 1 11 27  6.885
 16 1 11 28  6.811
 16 1 11 29  6.447
 16 1 11 30  6.931
 16 1 11 31  6.637
 16 1 12  0  5.834
 16 1 12  1  5.950
 16 1 12  2  6.142
 16 1 12  3  6.144
 16 1 12  4  6.040
 16 1 12  5  6.148
 16 1 12  6  6.198
 16 1 12  7  6.116
 16 1 12  8  5.990
 16 1 12  9  6.548
 16 1 12 10  6.149
 16 1 12 11  6.238
 16 1 12 12  6.193
 16 1 12 13  6.249
 16 1 12 14  6.373
 16 1 12 15  6.560
 16 1 12 16  6.054
 16 1 12 17  6.376
 16 1 12 18  6.560
 16 1 12 19  6.379
 16 1 12 20  7.035
 16 1 12 21  6.680
 16 1 12 22  6.481
 16 1 12 23  6.579
 16 1 12 24  6.775
 16 1 12 25  6.474
 16 1 12 26  6.361
 16 1 12 27  6.848
 16 1 12 28  6.835
 16 1 12 29  6.824
 16 1 12 30  6.567
 16 1 12 31  6.498
 16 1 13  0  6.321
 16 1 13  1  6.043
 16 1 13  2  6.288
 16 1 13  3  6.096
 16 1 13  4  5.936
 16 1 13  5  6.266
 16 1 13  6  6.263
 16 1 13  7  6.231
 16 1 13  8  5.890
 16 1 13  9  6.430
 16 1 13 10  5.960
 16 1 13 11  6.242
 16 1 13 12  6.360
 16 1 13 13  6.095
 16 1 13 14  6.106
 16 1 13 15  6.263
 16 1 13 16  6.270
 16 1 13 17  6.451
 16 1 13 18  6.562
 16 1 13 19  6.345
 16 1 13 20  6.670
 16 1 13 21  6.684
 16 1 13 22  6.588
 16 1 13 23  6.755
 16 1 13 24  6.478
 16 1 13 25  6.307
 16 1 13 26  6.926
 16 1 13 27  6.551
 16 1 13 28  6.512
 16 1 13 29  6.806
 16 1 13 30  6.736
 16 1 13 31  6.894
 16 1 14  0  6.066
 16 1 14  1  6.369
 16 1 14  2  5.908
 16 1 14  3  5.907
 16 1 14  4  6.175
 16 1 14  5  6.389
 16 1 14  6  6.043
 16 1 14  7  6.007
 16 1 14  8  6.081
 16 1 14  9  6.187
 16 1 14 10  6.125
 16 1 14 11  6.436
 16 1 14 12  6.208
 16 1 14 13  6.186
 16 1 14 14  6.013
 16 1 14 15  6.238
 16 1 14 16  6.485
 16 1 14 17  6.433
 16 1 14 18  6.564
 16 1 14 19  6.560
 16 1 14 20  6.270
 16 1 14 21  6.304
 16 1 14 22  6.332
 16 1 14 23  6.282
 16 1 14 24  6.725
 16 1 14 25  6.794
 16 1 14 26  6.329
 16 1 14 27  6.497
 16 1 14 28  6.594
 16 1 14 29  6.658
 16 1 14 30  6.470
 16 1 14 31  6.836
 16 1 15  0  6.150
 16 1 15  1  6.183
 16 1 15  2  5.932
 16 1 15  3  6.066
 16 1 15  4  5.966
 16 1 15  5  6.199
 16 1 15  6  6.258
 16 1 15  7  5.947
 16 1 15  8  6.118
 16 1 15  9  6.394
 16 1 15 10  6.137
 16 1 15 11  6.155
 16 1 15 12  6.395
 16 1 15 13  6.079
 16 1 15 14  6.323
 16 1 15 15  5.726
 16 1 15 16  6.165
 16 1 15 17  6.527
 16 1 15 18  6.535
 16 1 15 19  6.164
 16 1 15 20  6.494
 16 1 15 21  6.556
 16 1 15 22  6.353
 16 1 15 23  6.087
 16 1 15 24  6.489
 16 1 15 25  6.312
 16 1 15 26  6.781
 16 1 15 27  6.409
 16 1 15 28  6.506
 16 1 15 29  6.373
 16 1 15 30  6.725
 16 1 15 31  7.060
 16 1 16  0  6.266
 16 1 16  1  6.359
 16 1 16  2  6.027
 16 1 16  3  5.956
 16 1 16  4  5.898
 16 1 16  5  5.970
 16 1 16  6  5.970
 16 1 16  7  5.947
 16 1 16  8  6.008
 16 1 16  9  6.359
 16 1 16 10  6.083
 16 1 16 11  6.285
 16 1 16 12  6.143
 16 1 16 13  5.815
 16 1 16 14  6.339
 16 1 16 15  6.122
 16 1 16 16  6.426
 16 1 16 17  6.483
 16 1 16 18  6.627
 16 1 16 19  6.437
 16 1 16 20  6.838
 16 1 16 21  6.188
 16 1 16 22  6.570
 16 1 16 23  6.325
 16 1 16 24  6.144
 16 1 16 25  6.231
 16 1 16 26  6.692
 16 1 16 27  6.626
 16 1 16 28  6.274
 16 1 16 29  6.509
 16 1 16 30  6.298
 16 1 16 31  6.797
 16 1 17  0  6.838
 16 1 17  1  6.055
 16 1 17  2  6.077
 16 1 17  3  5.885
 16 1 17  4  6.015
 16 1 17  5  6.003
 16 1 17  6  6.066
 16 1 17  7  6.211
 16 1 17  8  6.128
 16 1 17  9  6.154
 16 1 17 10  6.055
 16 1 17 11  6.211
 16 1 17 12  6.137
 16 1 17 13  6.179
 16 1 17 14  6.132
 16 1 17 15  6.054
 16 1 17 16  5.864
 16 1 17 17  6.496
 16 1 17 18  6.377
 16 1 17 19  6.405
 16 1 17 20  6.229
 16 1 17 21  5.999
 16 1 17 22  6.510
 16 1 17 23  6.258
 16 1 17 24  6.431
 16 1 17 25  6.396
 16 1 17 26  6.219
 16 1 17 27  6.266
 16 1 17 28  6.421
 16 1 17 29  6.030
 16 1 17 30  6.331
 16 1 17 31  6.488
 14 0  0  0  5.299
 14 0  0  1  4.812
 14 0  0  2  5.093
 14 0  0  3  5.179
 14 0  0  4  5.321
 14 0  0  5  5.308
 14 0  0  6  4.711
 14 0  0  7  5.121
 14 0  0  8  5.127
 14 0  0  9  4.701
 14 0  0 10  4.720
 14 0  0 11  4.974
 14 0  0 12  5.251
 14 0  0 13  4.723
 14 0  0 14  4.819
 14 0  0 15  4.735
 14 0  0 16  4.848
 14 0  0 17  4.907
 14 0  0 18  4.683
 14 0  0 19  5.195
 14 0  0 20  5.043
 14 0  0 21  5.103
 14 0  0 22  5.279
 14 0  0 23  0.010
 14 0  1  0  5.133
 14 0  1  1  6.069
 14 0  1  2  5.298
 14 0  1  3  5.205
 14 0  1  4  5.076
 14 0  1  5  5.086
 14 0  1  6  5.549
 14 0  1  7  5.106
 14 0  1  8  5.251
 14 0  1  9  0.010
 14 0  1 10  5.103
 14 0  1 11  5.266
 14 0  1 12  5.347
 14 0  1 13  5.282
 14 0  1 14  5.022
 14 0  1 15  5.146
 14 0  1 16  5.270
 14 0  1 17  5.240
 14 0  1 18  5.123
 14 0  1 19  5.147
 14 0  1 20  4.995
 14 0  1 21  5.119
 14 0  1 22  5.314
 14 0  1 23  5.264
 14 0  2  0  5.476
 14 0  2  1  5.657
 14 0  2  2  5.243
 14 0  2  3  5.419
 14 0  2  4  5.463
 14 0  2  5  5.502
 14 0  2  6  5.249
 14 0  2  7  5.340
 14 0  2  8  5.227
 14 0  2  9  5.425
 14 0  2 10  4.978
 14 0  2 11  5.318
 14 0  2 12  5.235
 14 0  2 13  5.449
 14 0  2 14  4.956
 14 0  2 15  5.120
 14 0  2 16  5.074
 14 0  2 17  5.101
 14 0  2 18  5.385
 14 0  2 19  5.009
 14 0  2 20  4.852
 14 0  2 21  5.126
 14 0  2 22  4.981
 14 0  2 23  5.134
 14 0  3  0  5.342
 14 0  3  1  5.334
 14 0  3  2  5.032
 14 0  3  3  5.366
 14 0  3  4  5.403
 14 0  3  5  5.143
 14 0  3  6  5.364
 14 0  3  7  5.175
 14 0  3  8  5.056
 14 0  3  9  5.327
 14 0  3 10  5.234
 14 0  3 11  5.074
 14 0  3 12  5.264
 14 0  3 13  4.952
 14 0  3 14  4.960
 14 0  3 15  4.952
 14 0  3 16  4.960
 14 0  3 17  5.410
 14 0  3 18  5.020
 14 0  3 19  5.020
 14 0  3 20  5.487
 14 0  3 21  4.981
 14 0  3 22  5.353
 14 0  3 23  5.115
 14 0  4  0  5.481
 14 0  4  1  5.797
 14 0  4  2  5.195
 14 0  4  3  0.010
 14 0  4  4  5.581
 14 0  4  5  5.026
 14 0  4  6  5.069
 14 0  4  7  5.171
 14 0  4  8  5.268
 14 0  4  9  5.296
 14 0  4 10  5.364
 14 0  4 11  5.324
 14 0  4 12  5.181
 14 0  4 13  5.283
 14 0  4 14  5.067
 14 0  4 15  5.035
 14 0  4 16  5.215
 14 0  4 17  4.988
 14 0  4 18  5.204
 14 0  4 19  5.218
 14 0  4 20  5.183
 14 0  4 21  5.176
 14 0  4 22  4.925
 14 0  4 23  5.128
 14 0  5  0  5.427
 14 0  5  1  5.457
 14 0  5  2  5.353
 14 0  5  3  5.200
 14 0  5  4  5.378
 14 0  5  5  5.070
 14 0  5  6  5.358
 14 0  5  7  5.706
 14 0  5  8  5.046
 14 0  5  9  4.717
 14 0  5 10  4.999
 14 0  5 11  5.517
 14 0  5 12  5.082
 14 0  5 13  5.263
 14 0  5 14  4.922
 14 0  5 15  5.239
 14 0  5 16  5.105
 14 0  5 17  4.979
 14 0  5 18  5.144
 14 0  5 19  5.113
 14 0  5 20  5.392
 14 0  5 21  5.146
 14 0  5 22  5.014
 14 0  5 23  5.128
 14 0  6  0  5.510
 14 0  6  1  5.469
 14 0  6  2  5.377
 14 0  6  3  5.558
 14 0  6  4  5.233
 14 0  6  5  5.105
 14 0  6  6  5.115
 14 0  6  7  5.272
 14 0  6  8  5.225
 14 0  6  9  5.026
 14 0  6 10  4.977
 14 0  6 11  5.133
 14 0  6 12  5.072
 14 0  6 13  4.998
 14 0  6 14  5.192
 14 0  6 15  5.156
 14 0  6 16  5.056
 14 0  6 17  5.171
 14 0  6 18  5.176
 14 0  6 19  5.274
 14 0  6 20  5.294
 14 0  6 21  5.203
 14 0  6 22  5.254
 14 0  6 23  5.192
 14 0  7  0  5.422
 14 0  7  1  5.434
 14 0  7  2  5.365
 14 0  7  3  5.338
 14 0  7  4  5.262
 14 0  7  5  5.723
 14 0  7  6  5.413
 14 0  7  7  5.517
 14 0  7  8  5.418
 14 0  7  9  5.306
 14 0  7 10  5.103
 14 0  7 11  5.400
 14 0  7 12  5.304
 14 0  7 13  5.250
 14 0  7 14  4.991
 14 0  7 15  5.060
 14 0  7 16  4.973
 14 0  7 17  5.261
 14 0  7 18  5.084
 14 0  7 19  5.098
 14 0  7 20  5.050
 14 0  7 21  5.551
 14 0  7 22  5.273
 14 0  7 23  5.351
 14 0  8  0  5.460
 14 0  8  1  5.912
 14 0  8  2  5.594
 14 0  8  3  5.627
 14 0  8  4  5.633
 14 0  8  5  5.481
 14 0  8  6  5.451
 14 0  8  7  5.046
 14 0  8  8  5.315
 14 0  8  9  0.010
 14 0  8 10  5.385
 14 0  8 11  5.012
 14 0  8 12  5.002
 14 0  8 13  5.273
 14 0  8 14  5.316
 14 0  8 15  5.139
 14 0  8 16  5.203
 14 0  8 17  5.213
 14 0  8 18  5.064
 14 0  8 19  5.136
 14 0  8 20  5.048
 14 0  8 21  5.290
 14 0  8 22  5.641
 14 0  8 23  5.124
 14 0  9  0  5.270
 14 0  9  1  4.963
 14 0  9  2  5.233
 14 0  9  3  5.435
 14 0  9  4  5.732
 14 0  9  5  5.129
 14 0  9  6  5.245
 14 0  9  7  5.367
 14 0  9  8  5.288
 14 0  9  9  5.454
 14 0  9 10  5.230
 14 0  9 11  5.317
 14 0  9 12  4.944
 14 0  9 13  5.311
 14 0  9 14  5.060
 14 0  9 15  5.190
 14 0  9 16  5.156
 14 0  9 17  4.978
 14 0  9 18  5.383
 14 0  9 19  5.206
 14 0  9 20  5.205
 14 0  9 21  5.585
 14 0  9 22  5.456
 14 0  9 23  5.249
 14 0 10  0  5.048
 14 0 10  1  5.109
 14 0 10  2  5.369
 14 0 10  3  4.903
 14 0 10  4  5.567
 14 0 10  5  4.916
 14 0 10  6  5.452
 14 0 10  7  5.253
 14 0 10  8  4.885
 14 0 10  9  5.049
 14 0 10 10  4.756
 14 0 10 11  4.871
 14 0 10 12  4.965
 14 0 10 13  4.719
 14 0 10 14  4.743
 14 0 10 15  4.782
 14 0 10 16  4.929
 14 0 10 17  5.125
 14 0 10 18  4.983
 14 0 10 19  5.160
 14 0 10 20  5.127
 14 0 10 21  5.447
 14 0 10 22  5.572
 14 0 10 23  5.183
 14 1  0  0  5.309
 14 1  0  1  5.237
 14 1  0  2  5.244
 14 1  0  3  5.279
 14 1  0  4  5.361
 14 1  0  5  5.120
 14 1  0  6  5.280
 14 1  0  7  5.247
 14 1  0  8  5.256
 14 1  0  9  5.732
 14 1  0 10  5.329
 14 1  0 11  5.265
 14 1  0 12  5.514
 14 1  0 13  5.369
 14 1  0 14  5.018
 14 1  0 15  5.502
 14 1  0 16  5.290
 14 1  0 17  5.240
 14 1  0 18  4.966
 14 1  0 19  5.507
 14 1  0 20  5.235
 14 1  0 21  6.097
 14 1  0 22  5.425
 14 1  0 23  5.188
 14 1  1  0  5.684
 14 1  1  1  5.153
 14 1  1  2  5.460
 14 1  1  3  5.289
 14 1  1  4  5.268
 14 1  1  5  5.364
 14 1  1  6  5.448
 14 1  1  7  5.622
 14 1  1  8  5.284
 14 1  1  9  5.329
 14 1  1 10  5.528
 14 1  1 11  5.373
 14 1  1 12  5.730
 14 1  1 13  5.872
 14 1  1 14  5.678
 14 1  1 15  5.755
 14 1  1 16  0.010
 14 1  1 17  5.588
 14 1  1 18  6.144
 14 1  1 19  5.529
 14 1  1 20  6.046
 14 1  1 21  5.890
 14 1  1 22  7.010
 14 1  1 23  6.672
 14 1  2  0  5.009
 14 1  2  1  5.355
 14 1  2  2  5.126
 14 1  2  3  5.249
 14 1  2  4  5.649
 14 1  2  5  5.497
 14 1  2  6  5.409
 14 1  2  7  5.358
 14 1  2  8  5.687
 14 1  2  9  5.511
 14 1  2 10  5.698
 14 1  2 11  5.475
 14 1  2 12  5.491
 14 1  2 13  5.411
 14 1  2 14  5.713
 14 1  2 15  5.841
 14 1  2 16  6.096
 14 1  2 17  5.722
 14 1  2 18  5.778
 14 1  2 19  5.657
 14 1  2 20  5.562
 14 1  2 21  6.296
 14 1  2 22  6.025
 14 1  2 23  6.217
 14 1  3  0  5.146
 14 1  3  1  5.401
 14 1  3  2  5.491
 14 1  3  3  5.546
 14 1  3  4  5.488
 14 1  3  5  5.531
 14 1  3  6  5.103
 14 1  3  7  5.528
 14 1  3  8  5.396
 14 1  3  9  5.353
 14 1  3 10  5.332
 14 1  3 11  5.381
 14 1  3 12  5.460
 14 1  3 13  5.494
 14 1  3 14  5.565
 14 1  3 15  5.516
 14 1  3 16  5.834
 14 1  3 17  5.929
 14 1  3 18  5.726
 14 1  3 19  5.980
 14 1  3 20  6.315
 14 1  3 21  5.482
 14 1  3 22  6.720
 14 1  3 23  5.457
 14 1  4  0  5.290
 14 1  4  1  5.361
 14 1  4  2  5.383
 14 1  4  3  5.508
 14 1  4  4  5.300
 14 1  4  5  5.398
 14 1  4  6  5.623
 14 1  4  7  5.368
 14 1  4  8  5.443
 14 1  4  9  5.340
 14 1  4 10  5.379
 14 1  4 11  5.526
 14 1  4 12  5.867
 14 1  4 13  5.934
 14 1  4 14  5.796
 14 1  4 15  5.631
 14 1  4 16  5.511
 14 1  4 17  5.713
 14 1  4 18  5.881
 14 1  4 19  5.862
 14 1  4 20  6.227
 14 1  4 21  5.782
 14 1  4 22  5.030
 14 1  4 23  5.428
 14 1  5  0  5.086
 14 1  5  1  5.173
 14 1  5  2  5.170
 14 1  5  3  5.310
 14 1  5  4  5.409
 14 1  5  5  5.222
 14 1  5  6  5.443
 14 1  5  7  5.418
 14 1  5  8  0.010
 14 1  5  9  5.616
 14 1  5 10  0.010
 14 1  5 11  5.611
 14 1  5 12  5.461
 14 1  5 13  0.010
 14 1  5 14  5.817
 14 1  5 15  5.715
 14 1  5 16  5.832
 14 1  5 17  5.776
 14 1  5 18  5.927
 14 1  5 19  5.752
 14 1  5 20  5.977
 14 1  5 21  5.864
 14 1  5 22  5.744
 14 1  5 23  5.954
 14 1  6  0  5.491
 14 1  6  1  5.330
 14 1  6  2  5.225
 14 1  6  3  5.421
 14 1  6  4  5.564
 14 1  6  5  5.158
 14 1  6  6  5.572
 14 1  6  7  5.322
 14 1  6  8  5.681
 14 1  6  9  5.309
 14 1  6 10  5.601
 14 1  6 11  5.586
 14 1  6 12  5.403
 14 1  6 13  6.094
 14 1  6 14  6.114
 14 1  6 15  5.623
 14 1  6 16  5.283
 14 1  6 17  5.666
 14 1  6 18  5.925
 14 1  6 19  5.925
 14 1  6 20  6.506
 14 1  6 21  6.026
 14 1  6 22  5.838
 14 1  6 23  5.702
 14 1  7  0  5.838
 14 1  7  1  5.296
 14 1  7  2  5.576
 14 1  7  3  5.655
 14 1  7  4  5.475
 14 1  7  5  5.535
 14 1  7  6  5.452
 14 1  7  7  5.670
 14 1  7  8  5.705
 14 1  7  9  5.599
 14 1  7 10  5.844
 14 1  7 11  5.921
 14 1  7 12  5.693
 14 1  7 13  0.010
 14 1  7 14  5.949
 14 1  7 15  5.692
 14 1  7 16  6.010
 14 1  7 17  6.036
 14 1  7 18  5.903
 14 1  7 19  5.666
 14 1  7 20  5.869
 14 1  7 21  5.840
 14 1  7 22  6.011
 14 1  7 23  6.429
 14 1  8  0  5.248
 14 1  8  1  5.355
 14 1  8  2  5.305
 14 1  8  3  5.463
 14 1  8  4  5.636
 14 1  8  5  5.638
 14 1  8  6  5.856
 14 1  8  7  5.713
 14 1  8  8  0.010
 14 1  8  9  5.628
 14 1  8 10  5.845
 14 1  8 11  5.332
 14 1  8 12  5.808
 14 1  8 13  6.034
 14 1  8 14  5.897
 14 1  8 15  6.335
 14 1  8 16  5.665
 14 1  8 17  6.319
 14 1  8 18  5.878
 14 1  8 19  5.540
 14 1  8 20  0.010
 14 1  8 21  6.557
 14 1  8 22  6.241
 14 1  8 23  5.850
 14 1  9  0  5.203
 14 1  9  1  5.664
 14 1  9  2  5.174
 14 1  9  3  5.848
 14 1  9  4  5.202
 14 1  9  5  5.596
 14 1  9  6  5.784
 14 1  9  7  5.389
 14 1  9  8  5.588
 14 1  9  9  5.494
 14 1  9 10  5.676
 14 1  9 11  6.145
 14 1  9 12  6.026
 14 1  9 13  5.838
 14 1  9 14  5.925
 14 1  9 15  5.703
 14 1  9 16  5.984
 14 1  9 17  5.576
 14 1  9 18  5.887
 14 1  9 19  5.071
 14 1  9 20  5.895
 14 1  9 21  5.683
 14 1  9 22  5.447
 14 1  9 23  5.625
 14 1 10  0  5.485
 14 1 10  1  5.382
 14 1 10  2  5.356
 14 1 10  3  5.213
 14 1 10  4  5.114
 14 1 10  5  5.392
 14 1 10  6  5.422
 14 1 10  7  5.368
 14 1 10  8  5.191
 14 1 10  9  5.057
 14 1 10 10  5.952
 14 1 10 11  5.699
 14 1 10 12  6.139
 14 1 10 13  5.424
 14 1 10 14  0.010
 14 1 10 15  5.512
 14 1 10 16  5.559
 14 1 10 17  5.244
 14 1 10 18  5.802
 14 1 10 19  5.366
 14 1 10 20  5.622
 14 1 10 21  6.339
 14 1 10 22  0.010
 14 1 10 23  5.538
