  3 0  0  0  2.858
  3 0  0  1  2.879
  3 0  0  2  2.741
  3 0  0  3  2.812
  3 0  0  4  2.928
  3 0  0  5  2.834
  3 0  0  6  2.843
  3 0  0  7  3.128
  3 0  0  8  3.084
  3 0  0  9  3.356
  3 0  0 10  3.208
  3 0  0 11  3.207
  3 0  0 12  3.285
  3 0  0 13  3.259
  3 0  0 14  3.103
  3 0  0 15  3.324
  3 0  0 16  3.236
  3 0  0 17  3.353
  3 0  0 18  3.210
  3 0  0 19  3.370
  3 0  0 20  3.258
  3 0  0 21  2.962
  3 0  0 22  2.940
  3 0  0 23  3.181
  3 0  1  0  3.069
  3 0  1  1  3.027
  3 0  1  2  3.065
  3 0  1  3  2.954
  3 0  1  4  3.249
  3 0  1  5  3.152
  3 0  1  6  3.242
  3 0  1  7  3.127
  3 0  1  8  3.162
  3 0  1  9  3.190
  3 0  1 10  2.982
  3 0  1 11  3.144
  3 0  1 12  3.360
  3 0  1 13  3.410
  3 0  1 14  3.258
  3 0  1 15  3.258
  3 0  1 16  3.536
  3 0  1 17  3.283
  3 0  1 18  3.624
  3 0  1 19  3.480
  3 0  1 20  3.510
  3 0  1 21  3.491
  3 0  1 22  3.388
  3 0  1 23  3.407
  3 0  2  0  3.002
  3 0  2  1  2.878
  3 0  2  2  3.085
  3 0  2  3  3.080
  3 0  2  4  3.035
  3 0  2  5  3.133
  3 0  2  6  3.263
  3 0  2  7  3.194
  3 0  2  8  3.125
  3 0  2  9  3.139
  3 0  2 10  3.101
  3 0  2 11  3.147
  3 0  2 12  3.156
  3 0  2 13  3.224
  3 0  2 14  3.256
  3 0  2 15  3.322
  3 0  2 16  3.454
  3 0  2 17  3.243
  3 0  2 18  3.345
  3 0  2 19  3.537
  3 0  2 20  3.328
  3 0  2 21  3.358
  3 0  2 22  3.248
  3 0  2 23  3.293
  3 0  3  0  3.024
  3 0  3  1  3.038
  3 0  3  2  2.939
  3 0  3  3  3.095
  3 0  3  4  3.051
  3 0  3  5  3.032
  3 0  3  6  3.338
  3 0  3  7  3.092
  3 0  3  8  3.186
  3 0  3  9  3.128
  3 0  3 10  3.321
  3 0  3 11  3.249
  3 0  3 12  3.274
  3 0  3 13  3.241
  3 0  3 14  3.357
  3 0  3 15  3.270
  3 0  3 16  3.230
  3 0  3 17  3.322
  3 0  3 18  3.233
  3 0  3 19  3.407
  3 0  3 20  3.262
  3 0  3 21  3.384
  3 0  3 22  3.305
  3 0  3 23  3.291
  3 0  4  0  2.994
  3 0  4  1  2.924
  3 0  4  2  3.003
  3 0  4  3  3.328
  3 0  4  4  3.064
  3 0  4  5  3.224
  3 0  4  6  0.010
  3 0  4  7  3.205
  3 0  4  8  2.991
  3 0  4  9  3.260
  3 0  4 10  3.262
  3 0  4 11  3.176
  3 0  4 12  3.183
  3 0  4 13  3.191
  3 0  4 14  3.191
  3 0  4 15  3.249
  3 0  4 16  3.331
  3 0  4 17  3.353
  3 0  4 18  3.333
  3 0  4 19  3.335
  3 0  4 20  3.312
  3 0  4 21  3.317
  3 0  4 22  3.479
  3 0  4 23  3.238
  3 0  5  0  2.914
  3 0  5  1  3.111
  3 0  5  2  3.091
  3 0  5  3  2.893
  3 0  5  4  3.133
  3 0  5  5  3.191
  3 0  5  6  3.162
  3 0  5  7  3.172
  3 0  5  8  3.154
  3 0  5  9  3.192
  3 0  5 10  3.110
  3 0  5 11  3.220
  3 0  5 12  3.069
  3 0  5 13  3.282
  3 0  5 14  3.245
  3 0  5 15  3.281
  3 0  5 16  3.437
  3 0  5 17  3.354
  3 0  5 18  3.406
  3 0  5 19  3.365
  3 0  5 20  3.257
  3 0  5 21  3.169
  3 0  5 22  3.218
  3 0  5 23  3.213
  3 0  6  0  2.911
  3 0  6  1  3.114
  3 0  6  2  3.038
  3 0  6  3  3.196
  3 0  6  4  3.306
  3 0  6  5  3.211
  3 0  6  6  3.128
  3 0  6  7  3.256
  3 0  6  8  3.112
  3 0  6  9  3.012
  3 0  6 10  3.314
  3 0  6 11  3.126
  3 0  6 12  3.000
  3 0  6 13  3.134
  3 0  6 14  3.116
  3 0  6 15  3.295
  3 0  6 16  3.053
  3 0  6 17  3.260
  3 0  6 18  3.292
  3 0  6 19  3.403
  3 0  6 20  3.356
  3 0  6 21  3.254
  3 0  6 22  3.154
  3 0  6 23  3.307
  3 0  7  0  2.956
  3 0  7  1  3.058
  3 0  7  2  3.155
  3 0  7  3  3.069
  3 0  7  4  3.230
  3 0  7  5  3.106
  3 0  7  6  3.033
  3 0  7  7  3.029
  3 0  7  8  3.099
  3 0  7  9  3.074
  3 0  7 10  3.150
  3 0  7 11  3.131
  3 0  7 12  3.140
  3 0  7 13  3.255
  3 0  7 14  3.157
  3 0  7 15  3.192
  3 0  7 16  3.132
  3 0  7 17  3.329
  3 0  7 18  3.184
  3 0  7 19  3.308
  3 0  7 20  3.486
  3 0  7 21  3.447
  3 0  7 22  3.335
  3 0  7 23  3.316
  3 0  8  0  3.018
  3 0  8  1  3.023
  3 0  8  2  3.109
  3 0  8  3  2.987
  3 0  8  4  3.280
  3 0  8  5  3.016
  3 0  8  6  3.185
  3 0  8  7  0.010
  3 0  8  8  3.004
  3 0  8  9  3.088
  3 0  8 10  3.022
  3 0  8 11  3.143
  3 0  8 12  3.097
  3 0  8 13  3.267
  3 0  8 14  3.220
  3 0  8 15  3.250
  3 0  8 16  3.081
  3 0  8 17  3.162
  3 0  8 18  3.131
  3 0  8 19  3.177
  3 0  8 20  3.382
  3 0  8 21  3.274
  3 0  8 22  3.379
  3 0  8 23  3.257
  3 0  9  0  3.034
  3 0  9  1  3.327
  3 0  9  2  2.890
  3 0  9  3  3.183
  3 0  9  4  3.094
  3 0  9  5  2.906
  3 0  9  6  3.044
  3 0  9  7  2.983
  3 0  9  8  3.027
  3 0  9  9  3.075
  3 0  9 10  3.164
  3 0  9 11  3.069
  3 0  9 12  3.043
  3 0  9 13  3.057
  3 0  9 14  3.087
  3 0  9 15  3.117
  3 0  9 16  3.228
  3 0  9 17  3.225
  3 0  9 18  3.372
  3 0  9 19  3.269
  3 0  9 20  3.240
  3 0  9 21  3.211
  3 0  9 22  3.206
  3 0  9 23  3.457
  3 0 10  0  2.777
  3 0 10  1  2.981
  3 0 10  2  3.104
  3 0 10  3  3.084
  3 0 10  4  3.017
  3 0 10  5  2.923
  3 0 10  6  2.936
  3 0 10  7  2.976
  3 0 10  8  3.012
  3 0 10  9  3.231
  3 0 10 10  3.114
  3 0 10 11  2.990
  3 0 10 12  3.157
  3 0 10 13  3.243
  3 0 10 14  0.010
  3 0 10 15  3.135
  3 0 10 16  3.197
  3 0 10 17  3.164
  3 0 10 18  3.367
  3 0 10 19  3.128
  3 0 10 20  3.003
  3 0 10 21  2.989
  3 0 10 22  3.162
  3 0 10 23  2.991
  3 1  0  0  2.766
  3 1  0  1  2.760
  3 1  0  2  2.708
  3 1  0  3  2.792
  3 1  0  4  2.872
  3 1  0  5  2.663
  3 1  0  6  2.758
  3 1  0  7  2.688
  3 1  0  8  2.684
  3 1  0  9  2.753
  3 1  0 10  2.643
  3 1  0 11  2.706
  3 1  0 12  2.664
  3 1  0 13  2.578
  3 1  0 14  2.603
  3 1  0 15  2.554
  3 1  0 16  2.595
  3 1  0 17  2.637
  3 1  0 18  2.677
  3 1  0 19  2.567
  3 1  0 20  2.376
  3 1  0 21  2.461
  3 1  0 22  2.418
  3 1  0 23  2.486
  3 1  1  0  3.372
  3 1  1  1  2.765
  3 1  1  2  2.748
  3 1  1  3  2.826
  3 1  1  4  2.802
  3 1  1  5  2.908
  3 1  1  6  2.950
  3 1  1  7  2.834
  3 1  1  8  2.746
  3 1  1  9  2.952
  3 1  1 10  2.797
  3 1  1 11  2.711
  3 1  1 12  2.567
  3 1  1 13  2.887
  3 1  1 14  2.866
  3 1  1 15  2.940
  3 1  1 16  2.683
  3 1  1 17  2.571
  3 1  1 18  2.750
  3 1  1 19  2.609
  3 1  1 20  2.498
  3 1  1 21  2.451
  3 1  1 22  2.422
  3 1  1 23  2.423
  3 1  2  0  3.054
  3 1  2  1  2.969
  3 1  2  2  2.951
  3 1  2  3  2.971
  3 1  2  4  2.700
  3 1  2  5  2.927
  3 1  2  6  2.980
  3 1  2  7  2.716
  3 1  2  8  2.718
  3 1  2  9  2.619
  3 1  2 10  2.702
  3 1  2 11  2.729
  3 1  2 12  2.598
  3 1  2 13  2.720
  3 1  2 14  2.900
  3 1  2 15  2.638
  3 1  2 16  3.008
  3 1  2 17  2.733
  3 1  2 18  2.521
  3 1  2 19  2.737
  3 1  2 20  2.433
  3 1  2 21  2.604
  3 1  2 22  2.659
  3 1  2 23  2.466
  3 1  3  0  2.920
  3 1  3  1  2.990
  3 1  3  2  2.900
  3 1  3  3  2.978
  3 1  3  4  2.921
  3 1  3  5  2.718
  3 1  3  6  2.947
  3 1  3  7  2.774
  3 1  3  8  2.703
  3 1  3  9  2.874
  3 1  3 10  2.775
  3 1  3 11  2.608
  3 1  3 12  2.656
  3 1  3 13  2.639
  3 1  3 14  2.656
  3 1  3 15  2.780
  3 1  3 16  2.685
  3 1  3 17  2.738
  3 1  3 18  2.924
  3 1  3 19  2.489
  3 1  3 20  2.625
  3 1  3 21  2.873
  3 1  3 22  2.538
  3 1  3 23  2.304
  3 1  4  0  3.044
  3 1  4  1  2.946
  3 1  4  2  2.962
  3 1  4  3  2.878
  3 1  4  4  2.901
  3 1  4  5  2.968
  3 1  4  6  3.021
  3 1  4  7  2.761
  3 1  4  8  2.895
  3 1  4  9  2.773
  3 1  4 10  2.898
  3 1  4 11  2.750
  3 1  4 12  2.638
  3 1  4 13  2.802
  3 1  4 14  2.703
  3 1  4 15  2.573
  3 1  4 16  2.608
  3 1  4 17  2.718
  3 1  4 18  2.624
  3 1  4 19  2.617
  3 1  4 20  2.665
  3 1  4 21  2.381
  3 1  4 22  2.612
  3 1  4 23  2.556
  3 1  5  0  2.970
  3 1  5  1  2.875
  3 1  5  2  2.883
  3 1  5  3  2.971
  3 1  5  4  2.912
  3 1  5  5  2.890
  3 1  5  6  2.824
  3 1  5  7  2.890
  3 1  5  8  2.823
  3 1  5  9  2.759
  3 1  5 10  2.661
  3 1  5 11  2.748
  3 1  5 12  2.611
  3 1  5 13  2.896
  3 1  5 14  2.667
  3 1  5 15  2.623
  3 1  5 16  2.699
  3 1  5 17  2.885
  3 1  5 18  2.701
  3 1  5 19  2.519
  3 1  5 20  2.753
  3 1  5 21  2.400
  3 1  5 22  2.490
  3 1  5 23  3.028
  3 1  6  0  2.885
  3 1  6  1  3.004
  3 1  6  2  2.977
  3 1  6  3  2.957
  3 1  6  4  2.880
  3 1  6  5  2.839
  3 1  6  6  2.703
  3 1  6  7  2.840
  3 1  6  8  2.771
  3 1  6  9  2.802
  3 1  6 10  2.739
  3 1  6 11  2.891
  3 1  6 12  2.573
  3 1  6 13  2.672
  3 1  6 14  2.730
  3 1  6 15  2.627
  3 1  6 16  2.577
  3 1  6 17  2.717
  3 1  6 18  2.848
  3 1  6 19  2.520
  3 1  6 20  2.839
  3 1  6 21  2.499
  3 1  6 22  2.660
  3 1  6 23  2.686
  3 1  7  0  2.896
  3 1  7  1  2.949
  3 1  7  2  2.859
  3 1  7  3  2.908
  3 1  7  4  2.804
  3 1  7  5  2.888
  3 1  7  6  2.696
  3 1  7  7  2.840
  3 1  7  8  2.809
  3 1  7  9  2.784
  3 1  7 10  2.781
  3 1  7 11  2.543
  3 1  7 12  2.682
  3 1  7 13  2.517
  3 1  7 14  2.629
  3 1  7 15  2.635
  3 1  7 16  2.702
  3 1  7 17  2.667
  3 1  7 18  2.644
  3 1  7 19  2.476
  3 1  7 20  2.562
  3 1  7 21  2.741
  3 1  7 22  2.586
  3 1  7 23  2.647
  3 1  8  0  3.161
  3 1  8  1  3.031
  3 1  8  2  2.847
  3 1  8  3  2.808
  3 1  8  4  2.853
  3 1  8  5  2.752
  3 1  8  6  2.745
  3 1  8  7  2.691
  3 1  8  8  2.688
  3 1  8  9  2.697
  3 1  8 10  2.640
  3 1  8 11  2.625
  3 1  8 12  2.603
  3 1  8 13  2.687
  3 1  8 14  2.632
  3 1  8 15  2.565
  3 1  8 16  2.760
  3 1  8 17  2.607
  3 1  8 18  2.478
  3 1  8 19  2.435
  3 1  8 20  2.708
  3 1  8 21  2.630
  3 1  8 22  2.644
  3 1  8 23  2.734
  3 1  9  0  2.993
  3 1  9  1  2.950
  3 1  9  2  2.674
  3 1  9  3  2.714
  3 1  9  4  2.802
  3 1  9  5  2.814
  3 1  9  6  2.669
  3 1  9  7  2.746
  3 1  9  8  2.660
  3 1  9  9  2.594
  3 1  9 10  2.650
  3 1  9 11  2.670
  3 1  9 12  2.653
  3 1  9 13  2.627
  3 1  9 14  2.467
  3 1  9 15  2.516
  3 1  9 16  2.547
  3 1  9 17  2.479
  3 1  9 18  2.678
  3 1  9 19  2.654
  3 1  9 20  2.654
  3 1  9 21  2.502
  3 1  9 22  2.274
  3 1  9 23  2.739
  3 1 10  0  2.586
  3 1 10  1  2.738
  3 1 10  2  2.780
  3 1 10  3  3.243
  3 1 10  4  2.861
  3 1 10  5  2.619
  3 1 10  6  2.712
  3 1 10  7  2.906
  3 1 10  8  2.738
  3 1 10  9  2.931
  3 1 10 10  2.573
  3 1 10 11  2.721
  3 1 10 12  2.592
  3 1 10 13  2.543
  3 1 10 14  2.593
  3 1 10 15  2.631
  3 1 10 16  2.840
  3 1 10 17  2.482
  3 1 10 18  2.479
  3 1 10 19  2.467
  3 1 10 20  2.684
  3 1 10 21  2.412
  3 1 10 22  2.580
  3 1 10 23  2.594
 15 0  0  0  2.551
 15 0  0  1  2.346
 15 0  0  2  2.730
 15 0  0  3  2.657
 15 0  0  4  2.687
 15 0  0  5  2.375
 15 0  0  6  2.493
 15 0  0  7  2.176
 15 0  0  8  2.674
 15 0  0  9  2.495
 15 0  0 10  2.578
 15 0  0 11  2.614
 15 0  0 12  2.894
 15 0  0 13  2.388
 15 0  0 14  2.723
 15 0  0 15  2.920
 15 0  0 16  2.647
 15 0  0 17  2.757
 15 0  0 18  2.601
 15 0  0 19  2.449
 15 0  0 20  2.493
 15 0  0 21  0.010
 15 0  0 22  2.504
 15 0  0 23  2.728
 15 0  0 24  2.561
 15 0  0 25  2.825
 15 0  0 26  0.010
 15 0  0 27  0.010
 15 0  0 28  0.010
 15 0  0 29  0.010
 15 0  0 30  0.010
 15 0  0 31  2.642
 15 0  0 32  3.107
 15 0  0 33  2.598
 15 0  0 34  2.680
 15 0  0 35  2.691
 15 0  0 36  3.239
 15 0  0 37  2.218
 15 0  0 38  2.762
 15 0  0 39  2.753
 15 0  1  0  2.785
 15 0  1  1  2.455
 15 0  1  2  2.979
 15 0  1  3  2.914
 15 0  1  4  2.880
 15 0  1  5  2.633
 15 0  1  6  2.548
 15 0  1  7  2.885
 15 0  1  8  2.524
 15 0  1  9  2.728
 15 0  1 10  2.798
 15 0  1 11  2.802
 15 0  1 12  2.874
 15 0  1 13  2.697
 15 0  1 14  2.833
 15 0  1 15  2.687
 15 0  1 16  2.863
 15 0  1 17  2.669
 15 0  1 18  2.570
 15 0  1 19  2.772
 15 0  1 20  2.630
 15 0  1 21  2.528
 15 0  1 22  2.521
 15 0  1 23  2.662
 15 0  1 24  2.763
 15 0  1 25  2.792
 15 0  1 26  2.893
 15 0  1 27  2.640
 15 0  1 28  2.715
 15 0  1 29  2.845
 15 0  1 30  2.544
 15 0  1 31  2.627
 15 0  1 32  2.391
 15 0  1 33  2.721
 15 0  1 34  2.598
 15 0  1 35  2.916
 15 0  1 36  2.592
 15 0  1 37  3.033
 15 0  1 38  2.867
 15 0  1 39  3.091
 15 0  2  0  2.874
 15 0  2  1  2.797
 15 0  2  2  2.915
 15 0  2  3  2.792
 15 0  2  4  2.665
 15 0  2  5  2.647
 15 0  2  6  2.842
 15 0  2  7  2.778
 15 0  2  8  2.819
 15 0  2  9  2.982
 15 0  2 10  2.842
 15 0  2 11  2.732
 15 0  2 12  2.664
 15 0  2 13  2.615
 15 0  2 14  2.817
 15 0  2 15  2.628
 15 0  2 16  2.943
 15 0  2 17  2.636
 15 0  2 18  2.801
 15 0  2 19  2.734
 15 0  2 20  2.788
 15 0  2 21  2.772
 15 0  2 22  2.729
 15 0  2 23  3.025
 15 0  2 24  2.820
 15 0  2 25  2.934
 15 0  2 26  2.814
 15 0  2 27  2.839
 15 0  2 28  2.779
 15 0  2 29  2.682
 15 0  2 30  2.624
 15 0  2 31  2.703
 15 0  2 32  2.830
 15 0  2 33  2.716
 15 0  2 34  2.695
 15 0  2 35  3.114
 15 0  2 36  2.842
 15 0  2 37  2.845
 15 0  2 38  2.991
 15 0  2 39  2.771
 15 0  3  0  2.824
 15 0  3  1  2.730
 15 0  3  2  2.693
 15 0  3  3  2.678
 15 0  3  4  2.677
 15 0  3  5  2.461
 15 0  3  6  2.754
 15 0  3  7  2.883
 15 0  3  8  2.869
 15 0  3  9  2.745
 15 0  3 10  2.518
 15 0  3 11  2.755
 15 0  3 12  2.796
 15 0  3 13  2.937
 15 0  3 14  2.768
 15 0  3 15  2.783
 15 0  3 16  2.812
 15 0  3 17  2.724
 15 0  3 18  2.678
 15 0  3 19  2.423
 15 0  3 20  2.795
 15 0  3 21  2.893
 15 0  3 22  3.091
 15 0  3 23  2.692
 15 0  3 24  2.853
 15 0  3 25  3.031
 15 0  3 26  2.964
 15 0  3 27  2.804
 15 0  3 28  2.920
 15 0  3 29  2.886
 15 0  3 30  2.765
 15 0  3 31  2.773
 15 0  3 32  2.689
 15 0  3 33  2.715
 15 0  3 34  2.618
 15 0  3 35  2.880
 15 0  3 36  2.840
 15 0  3 37  2.986
 15 0  3 38  2.672
 15 0  3 39  2.738
 15 0  4  0  2.711
 15 0  4  1  2.573
 15 0  4  2  2.751
 15 0  4  3  2.352
 15 0  4  4  2.734
 15 0  4  5  2.658
 15 0  4  6  2.868
 15 0  4  7  2.853
 15 0  4  8  2.981
 15 0  4  9  2.834
 15 0  4 10  2.571
 15 0  4 11  2.731
 15 0  4 12  2.637
 15 0  4 13  2.654
 15 0  4 14  2.851
 15 0  4 15  2.881
 15 0  4 16  2.812
 15 0  4 17  2.692
 15 0  4 18  2.717
 15 0  4 19  2.771
 15 0  4 20  2.555
 15 0  4 21  2.828
 15 0  4 22  2.856
 15 0  4 23  2.982
 15 0  4 24  2.813
 15 0  4 25  2.961
 15 0  4 26  2.873
 15 0  4 27  2.874
 15 0  4 28  2.822
 15 0  4 29  2.652
 15 0  4 30  2.930
 15 0  4 31  2.667
 15 0  4 32  2.695
 15 0  4 33  2.841
 15 0  4 34  2.714
 15 0  4 35  3.059
 15 0  4 36  2.693
 15 0  4 37  3.033
 15 0  4 38  2.958
 15 0  4 39  2.608
 15 0  5  0  2.716
 15 0  5  1  2.834
 15 0  5  2  2.733
 15 0  5  3  2.681
 15 0  5  4  2.638
 15 0  5  5  2.752
 15 0  5  6  2.632
 15 0  5  7  2.781
 15 0  5  8  2.767
 15 0  5  9  2.916
 15 0  5 10  2.726
 15 0  5 11  2.864
 15 0  5 12  2.670
 15 0  5 13  2.887
 15 0  5 14  2.647
 15 0  5 15  2.850
 15 0  5 16  2.691
 15 0  5 17  2.676
 15 0  5 18  2.768
 15 0  5 19  2.933
 15 0  5 20  2.844
 15 0  5 21  2.745
 15 0  5 22  2.819
 15 0  5 23  2.693
 15 0  5 24  2.738
 15 0  5 25  2.772
 15 0  5 26  3.013
 15 0  5 27  2.936
 15 0  5 28  2.564
 15 0  5 29  2.664
 15 0  5 30  3.103
 15 0  5 31  0.010
 15 0  5 32  2.843
 15 0  5 33  2.884
 15 0  5 34  2.602
 15 0  5 35  2.939
 15 0  5 36  2.614
 15 0  5 37  3.113
 15 0  5 38  2.756
 15 0  5 39  2.918
 15 0  6  0  2.902
 15 0  6  1  2.907
 15 0  6  2  2.443
 15 0  6  3  2.419
 15 0  6  4  2.939
 15 0  6  5  2.726
 15 0  6  6  2.663
 15 0  6  7  2.441
 15 0  6  8  2.791
 15 0  6  9  2.870
 15 0  6 10  2.873
 15 0  6 11  2.776
 15 0  6 12  2.797
 15 0  6 13  2.656
 15 0  6 14  2.802
 15 0  6 15  2.761
 15 0  6 16  2.693
 15 0  6 17  2.765
 15 0  6 18  2.680
 15 0  6 19  2.772
 15 0  6 20  3.000
 15 0  6 21  2.701
 15 0  6 22  2.699
 15 0  6 23  2.803
 15 0  6 24  2.698
 15 0  6 25  2.704
 15 0  6 26  2.801
 15 0  6 27  2.643
 15 0  6 28  2.930
 15 0  6 29  2.694
 15 0  6 30  2.906
 15 0  6 31  2.563
 15 0  6 32  2.938
 15 0  6 33  2.818
 15 0  6 34  2.609
 15 0  6 35  2.943
 15 0  6 36  3.057
 15 0  6 37  3.018
 15 0  6 38  2.843
 15 0  6 39  2.672
 15 0  7  0  3.494
 15 0  7  1  2.754
 15 0  7  2  3.027
 15 0  7  3  2.435
 15 0  7  4  3.073
 15 0  7  5  2.816
 15 0  7  6  2.709
 15 0  7  7  2.826
 15 0  7  8  2.686
 15 0  7  9  2.823
 15 0  7 10  2.631
 15 0  7 11  2.838
 15 0  7 12  2.899
 15 0  7 13  2.768
 15 0  7 14  2.722
 15 0  7 15  2.721
 15 0  7 16  2.822
 15 0  7 17  2.827
 15 0  7 18  2.566
 15 0  7 19  2.700
 15 0  7 20  2.647
 15 0  7 21  2.643
 15 0  7 22  2.732
 15 0  7 23  2.822
 15 0  7 24  2.598
 15 0  7 25  2.698
 15 0  7 26  2.613
 15 0  7 27  2.835
 15 0  7 28  2.762
 15 0  7 29  2.474
 15 0  7 30  2.727
 15 0  7 31  2.932
 15 0  7 32  2.878
 15 0  7 33  2.973
 15 0  7 34  2.880
 15 0  7 35  3.034
 15 0  7 36  2.837
 15 0  7 37  3.052
 15 0  7 38  2.837
 15 0  7 39  2.563
 15 1  0  0  2.545
 15 1  0  1  2.304
 15 1  0  2  2.479
 15 1  0  3  2.228
 15 1  0  4  2.331
 15 1  0  5  2.058
 15 1  0  6  2.309
 15 1  0  7  2.236
 15 1  0  8  2.170
 15 1  0  9  2.233
 15 1  0 10  2.336
 15 1  0 11  2.061
 15 1  0 12  2.307
 15 1  0 13  2.087
 15 1  0 14  2.186
 15 1  0 15  2.189
 15 1  0 16  2.287
 15 1  0 17  2.219
 15 1  0 18  2.058
 15 1  0 19  2.149
 15 1  0 20  2.213
 15 1  0 21  2.129
 15 1  0 22  2.259
 15 1  0 23  2.178
 15 1  0 24  2.011
 15 1  0 25  2.353
 15 1  0 26  2.251
 15 1  0 27  2.130
 15 1  0 28  2.373
 15 1  0 29  2.225
 15 1  0 30  2.205
 15 1  0 31  2.160
 15 1  0 32  2.256
 15 1  0 33  2.110
 15 1  0 34  2.314
 15 1  0 35  2.284
 15 1  0 36  2.247
 15 1  0 37  2.325
 15 1  0 38  2.210
 15 1  0 39  2.321
 15 1  1  0  2.142
 15 1  1  1  2.094
 15 1  1  2  2.510
 15 1  1  3  2.182
 15 1  1  4  2.095
 15 1  1  5  2.362
 15 1  1  6  2.382
 15 1  1  7  2.316
 15 1  1  8  2.159
 15 1  1  9  2.310
 15 1  1 10  2.477
 15 1  1 11  2.007
 15 1  1 12  2.184
 15 1  1 13  2.227
 15 1  1 14  2.369
 15 1  1 15  2.232
 15 1  1 16  2.480
 15 1  1 17  2.323
 15 1  1 18  2.269
 15 1  1 19  2.369
 15 1  1 20  2.321
 15 1  1 21  2.257
 15 1  1 22  2.504
 15 1  1 23  2.366
 15 1  1 24  2.173
 15 1  1 25  2.108
 15 1  1 26  2.041
 15 1  1 27  2.015
 15 1  1 28  2.248
 15 1  1 29  2.286
 15 1  1 30  2.525
 15 1  1 31  2.227
 15 1  1 32  2.227
 15 1  1 33  2.308
 15 1  1 34  2.148
 15 1  1 35  2.116
 15 1  1 36  2.340
 15 1  1 37  2.494
 15 1  1 38  2.384
 15 1  1 39  2.217
 15 1  2  0  2.477
 15 1  2  1  2.460
 15 1  2  2  2.094
 15 1  2  3  2.177
 15 1  2  4  2.166
 15 1  2  5  2.327
 15 1  2  6  2.402
 15 1  2  7  2.439
 15 1  2  8  2.338
 15 1  2  9  2.451
 15 1  2 10  2.321
 15 1  2 11  2.357
 15 1  2 12  2.283
 15 1  2 13  2.341
 15 1  2 14  2.258
 15 1  2 15  2.320
 15 1  2 16  2.393
 15 1  2 17  0.010
 15 1  2 18  2.237
 15 1  2 19  2.279
 15 1  2 20  2.193
 15 1  2 21  2.306
 15 1  2 22  2.587
 15 1  2 23  2.329
 15 1  2 24  2.218
 15 1  2 25  2.439
 15 1  2 26  2.159
 15 1  2 27  2.283
 15 1  2 28  2.181
 15 1  2 29  2.158
 15 1  2 30  2.159
 15 1  2 31  2.244
 15 1  2 32  2.175
 15 1  2 33  2.537
 15 1  2 34  2.632
 15 1  2 35  2.099
 15 1  2 36  2.289
 15 1  2 37  2.078
 15 1  2 38  2.519
 15 1  2 39  2.348
 15 1  3  0  2.423
 15 1  3  1  2.399
 15 1  3  2  2.229
 15 1  3  3  2.458
 15 1  3  4  2.103
 15 1  3  5  2.349
 15 1  3  6  2.276
 15 1  3  7  2.300
 15 1  3  8  2.373
 15 1  3  9  2.457
 15 1  3 10  2.537
 15 1  3 11  2.288
 15 1  3 12  2.371
 15 1  3 13  2.504
 15 1  3 14  2.421
 15 1  3 15  2.483
 15 1  3 16  2.385
 15 1  3 17  2.447
 15 1  3 18  2.486
 15 1  3 19  2.386
 15 1  3 20  2.191
 15 1  3 21  2.207
 15 1  3 22  2.020
 15 1  3 23  2.348
 15 1  3 24  2.367
 15 1  3 25  2.185
 15 1  3 26  2.241
 15 1  3 27  2.544
 15 1  3 28  2.210
 15 1  3 29  2.331
 15 1  3 30  2.244
 15 1  3 31  2.321
 15 1  3 32  2.413
 15 1  3 33  2.058
 15 1  3 34  2.255
 15 1  3 35  2.661
 15 1  3 36  2.460
 15 1  3 37  2.121
 15 1  3 38  2.291
 15 1  3 39  2.445
 15 1  4  0  2.423
 15 1  4  1  2.262
 15 1  4  2  2.389
 15 1  4  3  2.395
 15 1  4  4  2.198
 15 1  4  5  2.283
 15 1  4  6  2.284
 15 1  4  7  2.395
 15 1  4  8  2.358
 15 1  4  9  2.485
 15 1  4 10  2.175
 15 1  4 11  2.333
 15 1  4 12  2.261
 15 1  4 13  2.204
 15 1  4 14  2.285
 15 1  4 15  2.322
 15 1  4 16  2.344
 15 1  4 17  2.237
 15 1  4 18  2.559
 15 1  4 19  0.010
 15 1  4 20  2.331
 15 1  4 21  2.405
 15 1  4 22  2.322
 15 1  4 23  2.153
 15 1  4 24  2.485
 15 1  4 25  2.232
 15 1  4 26  2.513
 15 1  4 27  2.489
 15 1  4 28  2.081
 15 1  4 29  2.447
 15 1  4 30  2.271
 15 1  4 31  2.326
 15 1  4 32  2.415
 15 1  4 33  2.156
 15 1  4 34  2.417
 15 1  4 35  2.077
 15 1  4 36  2.353
 15 1  4 37  2.437
 15 1  4 38  2.339
 15 1  4 39  2.565
 15 1  5  0  2.213
 15 1  5  1  2.342
 15 1  5  2  2.184
 15 1  5  3  2.306
 15 1  5  4  2.371
 15 1  5  5  2.450
 15 1  5  6  2.417
 15 1  5  7  2.357
 15 1  5  8  2.302
 15 1  5  9  2.164
 15 1  5 10  2.243
 15 1  5 11  2.400
 15 1  5 12  2.184
 15 1  5 13  2.273
 15 1  5 14  2.510
 15 1  5 15  2.369
 15 1  5 16  2.251
 15 1  5 17  2.295
 15 1  5 18  2.442
 15 1  5 19  2.403
 15 1  5 20  2.411
 15 1  5 21  2.349
 15 1  5 22  2.298
 15 1  5 23  2.401
 15 1  5 24  2.382
 15 1  5 25  2.414
 15 1  5 26  2.402
 15 1  5 27  2.436
 15 1  5 28  2.461
 15 1  5 29  2.428
 15 1  5 30  2.333
 15 1  5 31  2.270
 15 1  5 32  2.349
 15 1  5 33  2.453
 15 1  5 34  2.242
 15 1  5 35  2.296
 15 1  5 36  2.094
 15 1  5 37  2.301
 15 1  5 38  2.552
 15 1  5 39  2.458
 15 1  6  0  2.410
 15 1  6  1  2.198
 15 1  6  2  2.275
 15 1  6  3  2.191
 15 1  6  4  2.207
 15 1  6  5  2.381
 15 1  6  6  2.264
 15 1  6  7  2.471
 15 1  6  8  2.281
 15 1  6  9  2.406
 15 1  6 10  2.460
 15 1  6 11  2.235
 15 1  6 12  2.267
 15 1  6 13  2.399
 15 1  6 14  2.180
 15 1  6 15  2.213
 15 1  6 16  2.281
 15 1  6 17  2.156
 15 1  6 18  2.607
 15 1  6 19  2.341
 15 1  6 20  2.269
 15 1  6 21  2.117
 15 1  6 22  2.396
 15 1  6 23  2.452
 15 1  6 24  2.406
 15 1  6 25  2.236
 15 1  6 26  2.446
 15 1  6 27  2.411
 15 1  6 28  2.301
 15 1  6 29  2.414
 15 1  6 30  2.336
 15 1  6 31  2.391
 15 1  6 32  2.120
 15 1  6 33  2.244
 15 1  6 34  2.525
 15 1  6 35  2.375
 15 1  6 36  2.224
 15 1  6 37  2.490
 15 1  6 38  2.460
 15 1  6 39  2.648
 15 1  7  0  2.559
 15 1  7  1  2.267
 15 1  7  2  2.343
 15 1  7  3  2.129
 15 1  7  4  2.117
 15 1  7  5  2.363
 15 1  7  6  2.371
 15 1  7  7  2.623
 15 1  7  8  2.421
 15 1  7  9  2.470
 15 1  7 10  2.199
 15 1  7 11  2.336
 15 1  7 12  2.289
 15 1  7 13  2.517
 15 1  7 14  2.323
 15 1  7 15  2.176
 15 1  7 16  2.532
 15 1  7 17  2.363
 15 1  7 18  2.657
 15 1  7 19  2.411
 15 1  7 20  2.312
 15 1  7 21  2.502
 15 1  7 22  2.417
 15 1  7 23  2.323
 15 1  7 24  0.010
 15 1  7 25  2.509
 15 1  7 26  2.438
 15 1  7 27  2.411
 15 1  7 28  2.479
 15 1  7 29  2.699
 15 1  7 30  2.334
 15 1  7 31  2.323
 15 1  7 32  0.010
 15 1  7 33  2.196
 15 1  7 34  2.406
 15 1  7 35  1.984
 15 1  7 36  2.609
 15 1  7 37  2.643
 15 1  7 38  2.496
 15 1  7 39  2.276
 15 0  0 40  2.515
 15 0  0 41  2.971
 15 0  0 42  2.671
 15 0  0 43  2.386
 15 0  0 44  3.051
 15 0  0 45  2.481
 15 0  0 46  2.504
 15 0  0 47  2.550
 15 0  0 48  2.796
 15 0  0 49  2.878
 15 0  0 50  2.516
 15 0  0 51  2.510
 15 0  0 52  2.535
 15 0  0 53  2.224
 15 0  0 54  0.010
 15 0  0 55  0.010
 15 0  0 56  2.293
 15 0  0 57  2.224
 15 0  0 58  1.984
 15 0  0 59  2.318
 15 0  0 60  2.898
 15 0  0 61  2.747
 15 0  0 62  2.663
 15 0  0 63  2.766
 15 0  0 64  2.703
 15 0  0 65  2.649
 15 0  0 66  2.473
 15 0  0 67  2.581
 15 0  0 68  3.074
 15 0  0 69  2.688
 15 0  0 70  2.869
 15 0  0 71  2.667
 15 0  0 72  2.544
 15 0  0 73  2.656
 15 0  0 74  2.539
 15 0  0 75  2.577
 15 0  0 76  2.360
 15 0  0 77  2.286
 15 0  0 78  0.010
 15 0  0 79  2.203
 15 0  1 40  2.586
 15 0  1 41  2.731
 15 0  1 42  2.723
 15 0  1 43  2.685
 15 0  1 44  2.739
 15 0  1 45  2.788
 15 0  1 46  2.987
 15 0  1 47  2.858
 15 0  1 48  2.653
 15 0  1 49  2.587
 15 0  1 50  2.899
 15 0  1 51  2.638
 15 0  1 52  2.739
 15 0  1 53  2.509
 15 0  1 54  2.643
 15 0  1 55  2.478
 15 0  1 56  2.525
 15 0  1 57  2.392
 15 0  1 58  2.129
 15 0  1 59  2.113
 15 0  1 60  2.729
 15 0  1 61  2.619
 15 0  1 62  2.836
 15 0  1 63  2.579
 15 0  1 64  3.020
 15 0  1 65  2.718
 15 0  1 66  2.876
 15 0  1 67  2.669
 15 0  1 68  3.023
 15 0  1 69  2.635
 15 0  1 70  2.598
 15 0  1 71  2.683
 15 0  1 72  2.789
 15 0  1 73  2.760
 15 0  1 74  2.929
 15 0  1 75  2.324
 15 0  1 76  2.370
 15 0  1 77  2.644
 15 0  1 78  2.308
 15 0  1 79  2.417
 15 0  2 40  2.399
 15 0  2 41  2.802
 15 0  2 42  2.729
 15 0  2 43  2.884
 15 0  2 44  2.653
 15 0  2 45  2.696
 15 0  2 46  2.862
 15 0  2 47  2.609
 15 0  2 48  2.981
 15 0  2 49  2.850
 15 0  2 50  2.703
 15 0  2 51  2.720
 15 0  2 52  2.687
 15 0  2 53  2.578
 15 0  2 54  2.549
 15 0  2 55  2.838
 15 0  2 56  2.646
 15 0  2 57  2.657
 15 0  2 58  2.427
 15 0  2 59  2.563
 15 0  2 60  2.482
 15 0  2 61  2.808
 15 0  2 62  2.947
 15 0  2 63  2.746
 15 0  2 64  2.860
 15 0  2 65  2.711
 15 0  2 66  2.621
 15 0  2 67  2.629
 15 0  2 68  2.863
 15 0  2 69  2.670
 15 0  2 70  2.622
 15 0  2 71  2.854
 15 0  2 72  2.736
 15 0  2 73  2.531
 15 0  2 74  2.837
 15 0  2 75  2.760
 15 0  2 76  2.610
 15 0  2 77  2.648
 15 0  2 78  2.497
 15 0  2 79  2.393
 15 0  3 40  2.726
 15 0  3 41  2.689
 15 0  3 42  2.974
 15 0  3 43  2.657
 15 0  3 44  2.819
 15 0  3 45  2.771
 15 0  3 46  2.870
 15 0  3 47  2.441
 15 0  3 48  2.791
 15 0  3 49  2.686
 15 0  3 50  2.538
 15 0  3 51  2.603
 15 0  3 52  2.792
 15 0  3 53  2.625
 15 0  3 54  2.567
 15 0  3 55  2.569
 15 0  3 56  2.738
 15 0  3 57  2.716
 15 0  3 58  2.500
 15 0  3 59  2.382
 15 0  3 60  2.661
 15 0  3 61  2.652
 15 0  3 62  3.117
 15 0  3 63  2.748
 15 0  3 64  2.904
 15 0  3 65  2.746
 15 0  3 66  2.743
 15 0  3 67  2.736
 15 0  3 68  2.676
 15 0  3 69  2.730
 15 0  3 70  2.685
 15 0  3 71  2.951
 15 0  3 72  2.610
 15 0  3 73  2.452
 15 0  3 74  2.668
 15 0  3 75  2.759
 15 0  3 76  2.620
 15 0  3 77  2.658
 15 0  3 78  2.686
 15 0  3 79  2.510
 15 0  4 40  0.010
 15 0  4 41  2.738
 15 0  4 42  2.685
 15 0  4 43  2.809
 15 0  4 44  2.697
 15 0  4 45  2.740
 15 0  4 46  2.926
 15 0  4 47  2.666
 15 0  4 48  2.736
 15 0  4 49  2.622
 15 0  4 50  2.712
 15 0  4 51  2.706
 15 0  4 52  2.595
 15 0  4 53  2.617
 15 0  4 54  2.691
 15 0  4 55  2.533
 15 0  4 56  2.627
 15 0  4 57  2.556
 15 0  4 58  2.603
 15 0  4 59  2.402
 15 0  4 60  2.566
 15 0  4 61  2.523
 15 0  4 62  2.857
 15 0  4 63  2.518
 15 0  4 64  2.757
 15 0  4 65  2.890
 15 0  4 66  2.636
 15 0  4 67  2.617
 15 0  4 68  2.824
 15 0  4 69  2.479
 15 0  4 70  2.464
 15 0  4 71  2.863
 15 0  4 72  2.654
 15 0  4 73  2.614
 15 0  4 74  2.978
 15 0  4 75  2.593
 15 0  4 76  2.527
 15 0  4 77  2.831
 15 0  4 78  2.466
 15 0  4 79  2.487
 15 0  5 40  2.742
 15 0  5 41  2.611
 15 0  5 42  2.629
 15 0  5 43  2.849
 15 0  5 44  2.725
 15 0  5 45  2.793
 15 0  5 46  2.752
 15 0  5 47  2.572
 15 0  5 48  2.655
 15 0  5 49  2.993
 15 0  5 50  2.874
 15 0  5 51  2.782
 15 0  5 52  2.625
 15 0  5 53  2.453
 15 0  5 54  2.901
 15 0  5 55  2.565
 15 0  5 56  2.589
 15 0  5 57  2.725
 15 0  5 58  2.616
 15 0  5 59  2.677
 15 0  5 60  2.672
 15 0  5 61  2.496
 15 0  5 62  2.828
 15 0  5 63  2.713
 15 0  5 64  2.649
 15 0  5 65  2.671
 15 0  5 66  2.742
 15 0  5 67  2.511
 15 0  5 68  2.727
 15 0  5 69  2.814
 15 0  5 70  2.891
 15 0  5 71  2.534
 15 0  5 72  2.506
 15 0  5 73  2.581
 15 0  5 74  2.794
 15 0  5 75  2.572
 15 0  5 76  2.464
 15 0  5 77  2.602
 15 0  5 78  2.462
 15 0  5 79  2.072
 15 0  6 40  2.012
 15 0  6 41  2.755
 15 0  6 42  2.598
 15 0  6 43  2.944
 15 0  6 44  2.919
 15 0  6 45  2.618
 15 0  6 46  2.879
 15 0  6 47  2.517
 15 0  6 48  2.408
 15 0  6 49  2.759
 15 0  6 50  2.789
 15 0  6 51  2.671
 15 0  6 52  2.580
 15 0  6 53  2.660
 15 0  6 54  2.602
 15 0  6 55  2.702
 15 0  6 56  2.475
 15 0  6 57  2.326
 15 0  6 58  2.225
 15 0  6 59  2.186
 15 0  6 60  2.143
 15 0  6 61  2.349
 15 0  6 62  2.568
 15 0  6 63  2.779
 15 0  6 64  2.423
 15 0  6 65  2.407
 15 0  6 66  2.791
 15 0  6 67  2.642
 15 0  6 68  2.650
 15 0  6 69  2.757
 15 0  6 70  2.808
 15 0  6 71  2.782
 15 0  6 72  2.597
 15 0  6 73  2.852
 15 0  6 74  2.517
 15 0  6 75  2.595
 15 0  6 76  2.607
 15 0  6 77  2.580
 15 0  6 78  2.320
 15 0  6 79  2.669
 15 0  7 40  2.304
 15 0  7 41  2.327
 15 0  7 42  2.212
 15 0  7 43  2.510
 15 0  7 44  2.632
 15 0  7 45  2.701
 15 0  7 46  2.833
 15 0  7 47  2.542
 15 0  7 48  2.842
 15 0  7 49  2.665
 15 0  7 50  2.427
 15 0  7 51  2.550
 15 0  7 52  2.708
 15 0  7 53  2.555
 15 0  7 54  2.633
 15 0  7 55  2.468
 15 0  7 56  2.634
 15 0  7 57  2.425
 15 0  7 58  2.299
 15 0  7 59  2.639
 15 0  7 60  2.024
 15 0  7 61  0.010
 15 0  7 62  2.804
 15 0  7 63  2.566
 15 0  7 64  2.390
 15 0  7 65  2.328
 15 0  7 66  2.773
 15 0  7 67  2.636
 15 0  7 68  2.870
 15 0  7 69  2.900
 15 0  7 70  2.493
 15 0  7 71  2.590
 15 0  7 72  2.612
 15 0  7 73  2.367
 15 0  7 74  2.711
 15 0  7 75  0.010
 15 0  7 76  2.489
 15 0  7 77  2.607
 15 0  7 78  2.335
 15 0  7 79  0.010
 15 1  0 40  1.438
 15 1  0 41  1.526
 15 1  0 42  1.425
 15 1  0 43  1.528
 15 1  0 44  1.356
 15 1  0 45  1.402
 15 1  0 46  1.430
 15 1  0 47  1.470
 15 1  0 48  1.497
 15 1  0 49  1.467
 15 1  0 50  1.379
 15 1  0 51  1.390
 15 1  0 52  1.421
 15 1  0 53  1.487
 15 1  0 54  1.403
 15 1  0 55  1.464
 15 1  0 56  1.337
 15 1  0 57  1.507
 15 1  0 58  1.199
 15 1  0 59  1.464
 15 1  0 60  1.396
 15 1  0 61  1.512
 15 1  0 62  1.498
 15 1  0 63  1.518
 15 1  0 64  1.423
 15 1  0 65  1.444
 15 1  0 66  1.378
 15 1  0 67  1.425
 15 1  0 68  1.544
 15 1  0 69  1.457
 15 1  0 70  1.488
 15 1  0 71  1.459
 15 1  0 72  1.918
 15 1  0 73  1.475
 15 1  0 74  0.010
 15 1  0 75  1.417
 15 1  0 76  1.402
 15 1  0 77  1.389
 15 1  0 78  1.391
 15 1  0 79  1.531
 15 1  1 40  1.539
 15 1  1 41  1.414
 15 1  1 42  1.459
 15 1  1 43  1.678
 15 1  1 44  1.332
 15 1  1 45  1.412
 15 1  1 46  1.514
 15 1  1 47  1.459
 15 1  1 48  1.480
 15 1  1 49  1.365
 15 1  1 50  1.505
 15 1  1 51  1.514
 15 1  1 52  1.491
 15 1  1 53  1.343
 15 1  1 54  1.583
 15 1  1 55  1.451
 15 1  1 56  1.479
 15 1  1 57  1.279
 15 1  1 58  1.300
 15 1  1 59  1.303
 15 1  1 60  1.409
 15 1  1 61  1.488
 15 1  1 62  1.465
 15 1  1 63  1.421
 15 1  1 64  1.505
 15 1  1 65  1.546
 15 1  1 66  1.437
 15 1  1 67  1.402
 15 1  1 68  1.528
 15 1  1 69  1.457
 15 1  1 70  1.575
 15 1  1 71  1.379
 15 1  1 72  1.503
 15 1  1 73  1.448
 15 1  1 74  1.465
 15 1  1 75  1.523
 15 1  1 76  1.455
 15 1  1 77  1.429
 15 1  1 78  1.537
 15 1  1 79  1.485
 15 1  2 40  0.010
 15 1  2 41  1.405
 15 1  2 42  1.611
 15 1  2 43  1.415
 15 1  2 44  1.461
 15 1  2 45  1.478
 15 1  2 46  1.418
 15 1  2 47  1.496
 15 1  2 48  1.336
 15 1  2 49  1.432
 15 1  2 50  0.010
 15 1  2 51  1.464
 15 1  2 52  1.502
 15 1  2 53  1.494
 15 1  2 54  1.636
 15 1  2 55  1.531
 15 1  2 56  1.408
 15 1  2 57  1.435
 15 1  2 58  1.363
 15 1  2 59  1.453
 15 1  2 60  1.388
 15 1  2 61  1.516
 15 1  2 62  1.382
 15 1  2 63  1.531
 15 1  2 64  1.423
 15 1  2 65  1.542
 15 1  2 66  1.407
 15 1  2 67  1.566
 15 1  2 68  1.483
 15 1  2 69  1.532
 15 1  2 70  1.525
 15 1  2 71  1.476
 15 1  2 72  1.498
 15 1  2 73  1.427
 15 1  2 74  1.426
 15 1  2 75  0.010
 15 1  2 76  1.488
 15 1  2 77  1.591
 15 1  2 78  1.425
 15 1  2 79  1.402
 15 1  3 40  1.415
 15 1  3 41  1.433
 15 1  3 42  1.466
 15 1  3 43  1.498
 15 1  3 44  1.428
 15 1  3 45  1.406
 15 1  3 46  1.486
 15 1  3 47  1.505
 15 1  3 48  1.620
 15 1  3 49  1.521
 15 1  3 50  0.010
 15 1  3 51  1.450
 15 1  3 52  1.499
 15 1  3 53  1.502
 15 1  3 54  1.564
 15 1  3 55  1.476
 15 1  3 56  1.409
 15 1  3 57  1.565
 15 1  3 58  1.444
 15 1  3 59  1.486
 15 1  3 60  1.344
 15 1  3 61  1.441
 15 1  3 62  1.511
 15 1  3 63  1.456
 15 1  3 64  1.659
 15 1  3 65  1.619
 15 1  3 66  1.481
 15 1  3 67  0.010
 15 1  3 68  1.469
 15 1  3 69  1.507
 15 1  3 70  1.537
 15 1  3 71  1.462
 15 1  3 72  1.447
 15 1  3 73  1.531
 15 1  3 74  1.411
 15 1  3 75  1.580
 15 1  3 76  1.420
 15 1  3 77  1.557
 15 1  3 78  1.501
 15 1  3 79  1.529
 15 1  4 40  1.418
 15 1  4 41  1.449
 15 1  4 42  1.494
 15 1  4 43  1.494
 15 1  4 44  1.529
 15 1  4 45  1.393
 15 1  4 46  1.496
 15 1  4 47  1.487
 15 1  4 48  1.403
 15 1  4 49  1.517
 15 1  4 50  1.534
 15 1  4 51  1.482
 15 1  4 52  1.329
 15 1  4 53  1.472
 15 1  4 54  1.369
 15 1  4 55  1.462
 15 1  4 56  1.452
 15 1  4 57  1.512
 15 1  4 58  1.490
 15 1  4 59  1.439
 15 1  4 60  1.338
 15 1  4 61  1.365
 15 1  4 62  1.450
 15 1  4 63  1.426
 15 1  4 64  1.468
 15 1  4 65  1.509
 15 1  4 66  1.552
 15 1  4 67  1.524
 15 1  4 68  1.503
 15 1  4 69  1.621
 15 1  4 70  1.547
 15 1  4 71  1.483
 15 1  4 72  1.478
 15 1  4 73  1.510
 15 1  4 74  1.473
 15 1  4 75  1.485
 15 1  4 76  1.408
 15 1  4 77  1.566
 15 1  4 78  1.513
 15 1  4 79  1.461
 15 1  5 40  1.403
 15 1  5 41  1.391
 15 1  5 42  1.438
 15 1  5 43  1.414
 15 1  5 44  1.575
 15 1  5 45  1.393
 15 1  5 46  1.464
 15 1  5 47  1.453
 15 1  5 48  1.419
 15 1  5 49  1.587
 15 1  5 50  1.480
 15 1  5 51  1.574
 15 1  5 52  1.459
 15 1  5 53  1.526
 15 1  5 54  1.502
 15 1  5 55  1.526
 15 1  5 56  1.424
 15 1  5 57  1.454
 15 1  5 58  1.529
 15 1  5 59  1.460
 15 1  5 60  1.324
 15 1  5 61  1.537
 15 1  5 62  1.449
 15 1  5 63  1.422
 15 1  5 64  1.525
 15 1  5 65  1.581
 15 1  5 66  1.488
 15 1  5 67  1.376
 15 1  5 68  1.393
 15 1  5 69  1.482
 15 1  5 70  1.514
 15 1  5 71  1.586
 15 1  5 72  1.420
 15 1  5 73  1.496
 15 1  5 74  1.482
 15 1  5 75  1.458
 15 1  5 76  1.472
 15 1  5 77  1.569
 15 1  5 78  1.433
 15 1  5 79  1.458
 15 1  6 40  1.335
 15 1  6 41  1.435
 15 1  6 42  1.491
 15 1  6 43  1.492
 15 1  6 44  1.507
 15 1  6 45  1.471
 15 1  6 46  1.406
 15 1  6 47  1.587
 15 1  6 48  1.500
 15 1  6 49  1.386
 15 1  6 50  1.573
 15 1  6 51  1.472
 15 1  6 52  1.398
 15 1  6 53  1.565
 15 1  6 54  1.517
 15 1  6 55  1.528
 15 1  6 56  1.599
 15 1  6 57  1.444
 15 1  6 58  1.396
 15 1  6 59  1.373
 15 1  6 60  1.336
 15 1  6 61  1.424
 15 1  6 62  1.446
 15 1  6 63  1.445
 15 1  6 64  1.429
 15 1  6 65  1.521
 15 1  6 66  1.491
 15 1  6 67  1.450
 15 1  6 68  1.461
 15 1  6 69  1.484
 15 1  6 70  1.629
 15 1  6 71  1.448
 15 1  6 72  1.475
 15 1  6 73  1.585
 15 1  6 74  1.460
 15 1  6 75  1.445
 15 1  6 76  1.379
 15 1  6 77  1.468
 15 1  6 78  1.574
 15 1  6 79  1.562
 15 1  7 40  1.318
 15 1  7 41  1.326
 15 1  7 42  1.450
 15 1  7 43  1.406
 15 1  7 44  1.483
 15 1  7 45  1.556
 15 1  7 46  1.396
 15 1  7 47  1.476
 15 1  7 48  1.507
 15 1  7 49  1.541
 15 1  7 50  1.420
 15 1  7 51  1.622
 15 1  7 52  1.458
 15 1  7 53  1.611
 15 1  7 54  1.474
 15 1  7 55  1.461
 15 1  7 56  1.481
 15 1  7 57  1.443
 15 1  7 58  1.609
 15 1  7 59  1.574
 15 1  7 60  1.422
 15 1  7 61  1.477
 15 1  7 62  1.456
 15 1  7 63  1.466
 15 1  7 64  0.010
 15 1  7 65  1.536
 15 1  7 66  1.531
 15 1  7 67  1.535
 15 1  7 68  1.400
 15 1  7 69  1.504
 15 1  7 70  1.642
 15 1  7 71  0.010
 15 1  7 72  1.659
 15 1  7 73  1.372
 15 1  7 74  1.513
 15 1  7 75  0.010
 15 1  7 76  1.381
 15 1  7 77  1.550
 15 1  7 78  1.580
 15 1  7 79  1.586
 21 0  0  0 13.088
 21 0  0  1 12.891
 21 0  0  2 13.265
 21 0  0  3 13.129
 21 0  0  4 13.109
 21 0  0  5 13.338
 21 0  0  6 13.056
 21 0  0  7 13.055
 21 0  0  8 13.365
 21 0  0  9 13.263
 21 0  0 10 13.437
 21 0  0 11 12.882
 21 0  0 12 13.300
 21 0  0 13 12.916
 21 0  0 14 13.080
 21 0  0 15 13.111
 21 0  0 16 13.161
 21 0  0 17 13.134
 21 0  0 18 13.141
 21 0  0 19 12.970
 21 0  0 20 13.195
 21 0  0 21 12.953
 21 0  0 22 13.037
 21 0  0 23 13.236
 21 0  0 24 13.268
 21 0  0 25 13.076
 21 0  0 26 13.132
 21 0  0 27 13.073
 21 0  0 28 12.866
 21 0  0 29 12.799
 21 0  0 30 12.918
 21 0  0 31 12.840
 21 0  0 32 13.057
 21 0  0 33 13.202
 21 0  0 34 12.964
 21 0  0 35 13.072
 21 0  0 36 13.043
 21 0  0 37 13.017
 21 0  0 38 12.941
 21 0  0 39 13.351
 21 0  1  0 13.571
 21 0  1  1 13.782
 21 0  1  2 13.929
 21 0  1  3 13.643
 21 0  1  4 13.372
 21 0  1  5 13.853
 21 0  1  6 13.864
 21 0  1  7 13.525
 21 0  1  8 13.739
 21 0  1  9 13.717
 21 0  1 10 13.831
 21 0  1 11 13.689
 21 0  1 12 13.547
 21 0  1 13 13.824
 21 0  1 14 13.540
 21 0  1 15 13.821
 21 0  1 16 13.849
 21 0  1 17 13.716
 21 0  1 18 13.617
 21 0  1 19 13.720
 21 0  1 20 13.809
 21 0  1 21 13.534
 21 0  1 22 13.595
 21 0  1 23 13.784
 21 0  1 24 13.843
 21 0  1 25 13.719
 21 0  1 26 13.770
 21 0  1 27 13.715
 21 0  1 28 13.872
 21 0  1 29 13.549
 21 0  1 30 13.819
 21 0  1 31 13.565
 21 0  1 32 13.534
 21 0  1 33 13.720
 21 0  1 34 13.653
 21 0  1 35 13.520
 21 0  1 36  0.010
 21 0  1 37 13.588
 21 0  1 38 13.597
 21 0  1 39 14.044
 21 0  2  0 13.309
 21 0  2  1 13.752
 21 0  2  2 13.897
 21 0  2  3 14.044
 21 0  2  4 13.831
 21 0  2  5 13.708
 21 0  2  6 13.661
 21 0  2  7 13.818
 21 0  2  8 13.805
 21 0  2  9 13.993
 21 0  2 10 13.817
 21 0  2 11 13.739
 21 0  2 12 13.700
 21 0  2 13 13.731
 21 0  2 14 13.652
 21 0  2 15 13.875
 21 0  2 16 13.621
 21 0  2 17 13.862
 21 0  2 18 13.882
 21 0  2 19 13.673
 21 0  2 20 13.703
 21 0  2 21 13.670
 21 0  2 22 13.852
 21 0  2 23 13.733
 21 0  2 24 13.701
 21 0  2 25 13.922
 21 0  2 26 13.826
 21 0  2 27 14.031
 21 0  2 28 13.841
 21 0  2 29 13.549
 21 0  2 30 13.934
 21 0  2 31 13.950
 21 0  2 32 13.834
 21 0  2 33 13.450
 21 0  2 34 13.441
 21 0  2 35 13.792
 21 0  2 36 13.769
 21 0  2 37 13.717
 21 0  2 38 13.912
 21 0  2 39 13.888
 21 0  3  0 13.488
 21 0  3  1 13.733
 21 0  3  2 13.758
 21 0  3  3 13.979
 21 0  3  4 13.826
 21 0  3  5 14.104
 21 0  3  6 13.726
 21 0  3  7 13.921
 21 0  3  8 13.889
 21 0  3  9 13.552
 21 0  3 10 13.885
 21 0  3 11 13.901
 21 0  3 12 13.970
 21 0  3 13 13.956
 21 0  3 14 13.829
 21 0  3 15 13.771
 21 0  3 16 13.605
 21 0  3 17 13.683
 21 0  3 18 13.722
 21 0  3 19 13.829
 21 0  3 20 13.583
 21 0  3 21 13.785
 21 0  3 22 14.001
 21 0  3 23 13.584
 21 0  3 24 13.902
 21 0  3 25 13.642
 21 0  3 26 13.604
 21 0  3 27 13.867
 21 0  3 28 13.931
 21 0  3 29 13.755
 21 0  3 30 14.102
 21 0  3 31 13.598
 21 0  3 32 13.654
 21 0  3 33 13.732
 21 0  3 34 13.767
 21 0  3 35 13.977
 21 0  3 36 13.856
 21 0  3 37 13.765
 21 0  3 38 13.938
 21 0  3 39 13.989
 21 0  4  0 13.639
 21 0  4  1 13.896
 21 0  4  2 14.063
 21 0  4  3 13.802
 21 0  4  4 13.597
 21 0  4  5 13.634
 21 0  4  6 13.880
 21 0  4  7 13.830
 21 0  4  8 13.587
 21 0  4  9 13.829
 21 0  4 10 13.736
 21 0  4 11 14.042
 21 0  4 12 13.960
 21 0  4 13 13.878
 21 0  4 14 13.913
 21 0  4 15 13.885
 21 0  4 16 13.814
 21 0  4 17 13.848
 21 0  4 18 13.674
 21 0  4 19 13.736
 21 0  4 20 13.720
 21 0  4 21 13.529
 21 0  4 22 13.858
 21 0  4 23 13.913
 21 0  4 24 13.975
 21 0  4 25 13.778
 21 0  4 26 13.746
 21 0  4 27 13.878
 21 0  4 28 13.833
 21 0  4 29 13.807
 21 0  4 30 13.718
 21 0  4 31 13.768
 21 0  4 32 13.871
 21 0  4 33 14.012
 21 0  4 34 13.693
 21 0  4 35 13.781
 21 0  4 36 13.704
 21 0  4 37 13.474
 21 0  4 38 13.680
 21 0  4 39 13.753
 21 0  5  0 14.079
 21 0  5  1 13.324
 21 0  5  2 13.815
 21 0  5  3 13.823
 21 0  5  4 13.738
 21 0  5  5 13.958
 21 0  5  6 13.771
 21 0  5  7 13.609
 21 0  5  8 13.762
 21 0  5  9 13.975
 21 0  5 10 13.755
 21 0  5 11 13.684
 21 0  5 12 13.567
 21 0  5 13 14.000
 21 0  5 14 13.751
 21 0  5 15 13.849
 21 0  5 16 13.794
 21 0  5 17 13.669
 21 0  5 18 13.907
 21 0  5 19 13.935
 21 0  5 20 13.950
 21 0  5 21 13.633
 21 0  5 22 13.574
 21 0  5 23 13.821
 21 0  5 24 13.973
 21 0  5 25 13.970
 21 0  5 26 13.715
 21 0  5 27 13.706
 21 0  5 28 13.756
 21 0  5 29 13.568
 21 0  5 30 13.759
 21 0  5 31 13.758
 21 0  5 32 13.916
 21 0  5 33 13.678
 21 0  5 34 13.676
 21 0  5 35 13.690
 21 0  5 36 14.151
 21 0  5 37 13.910
 21 0  5 38 13.770
 21 0  5 39 14.000
 21 0  6  0 13.410
 21 0  6  1 13.744
 21 0  6  2 13.690
 21 0  6  3 13.691
 21 0  6  4 13.962
 21 0  6  5 14.073
 21 0  6  6 13.924
 21 0  6  7 13.651
 21 0  6  8 13.689
 21 0  6  9 13.936
 21 0  6 10 13.794
 21 0  6 11 13.908
 21 0  6 12 13.872
 21 0  6 13 13.612
 21 0  6 14 13.537
 21 0  6 15 13.522
 21 0  6 16 13.795
 21 0  6 17 13.885
 21 0  6 18 14.006
 21 0  6 19 13.997
 21 0  6 20 14.017
 21 0  6 21 13.780
 21 0  6 22 13.579
 21 0  6 23 13.722
 21 0  6 24 13.637
 21 0  6 25 13.798
 21 0  6 26 13.613
 21 0  6 27 13.854
 21 0  6 28 13.672
 21 0  6 29 13.452
 21 0  6 30 13.879
 21 0  6 31 13.540
 21 0  6 32 13.627
 21 0  6 33 14.003
 21 0  6 34 13.766
 21 0  6 35 13.676
 21 0  6 36 14.058
 21 0  6 37 13.690
 21 0  6 38 13.925
 21 0  6 39 14.031
 21 0  7  0 13.821
 21 0  7  1 13.486
 21 0  7  2 13.483
 21 0  7  3 13.717
 21 0  7  4 13.509
 21 0  7  5 13.608
 21 0  7  6 13.981
 21 0  7  7 13.876
 21 0  7  8 13.655
 21 0  7  9 13.669
 21 0  7 10 13.752
 21 0  7 11 13.796
 21 0  7 12 13.350
 21 0  7 13 13.881
 21 0  7 14 13.558
 21 0  7 15 13.978
 21 0  7 16 13.849
 21 0  7 17 13.695
 21 0  7 18 13.646
 21 0  7 19 14.012
 21 0  7 20 13.773
 21 0  7 21 13.654
 21 0  7 22 13.630
 21 0  7 23 13.653
 21 0  7 24 13.629
 21 0  7 25 13.854
 21 0  7 26 14.124
 21 0  7 27 14.012
 21 0  7 28 13.803
 21 0  7 29 13.564
 21 0  7 30 13.533
 21 0  7 31 13.870
 21 0  7 32 13.835
 21 0  7 33 13.596
 21 0  7 34 14.067
 21 0  7 35 13.787
 21 0  7 36 13.728
 21 0  7 37 13.968
 21 0  7 38 13.583
 21 0  7 39 13.767
 21 1  0  0 13.413
 21 1  0  1 12.949
 21 1  0  2 13.229
 21 1  0  3 13.205
 21 1  0  4 13.161
 21 1  0  5 13.544
 21 1  0  6 13.274
 21 1  0  7 13.414
 21 1  0  8 13.260
 21 1  0  9 13.192
 21 1  0 10 13.275
 21 1  0 11 13.391
 21 1  0 12 13.269
 21 1  0 13 13.509
 21 1  0 14 13.351
 21 1  0 15 13.464
 21 1  0 16 13.627
 21 1  0 17 13.642
 21 1  0 18 13.487
 21 1  0 19 13.394
 21 1  0 20 13.524
 21 1  0 21 13.641
 21 1  0 22 13.106
 21 1  0 23 13.196
 21 1  0 24 13.268
 21 1  0 25 13.397
 21 1  0 26 13.149
 21 1  0 27 13.303
 21 1  0 28 13.363
 21 1  0 29 13.288
 21 1  0 30 13.026
 21 1  0 31 13.169
 21 1  0 32 13.337
 21 1  0 33 13.384
 21 1  0 34 13.747
 21 1  0 35 13.484
 21 1  0 36 13.549
 21 1  0 37 13.380
 21 1  0 38 13.178
 21 1  0 39 13.937
 21 1  1  0 13.649
 21 1  1  1 13.384
 21 1  1  2 13.366
 21 1  1  3 13.652
 21 1  1  4 13.541
 21 1  1  5 13.581
 21 1  1  6 13.680
 21 1  1  7 13.669
 21 1  1  8 13.448
 21 1  1  9 13.608
 21 1  1 10 13.568
 21 1  1 11 13.692
 21 1  1 12 13.635
 21 1  1 13 13.527
 21 1  1 14 13.302
 21 1  1 15 13.422
 21 1  1 16 13.593
 21 1  1 17 13.307
 21 1  1 18 13.656
 21 1  1 19 13.426
 21 1  1 20 13.571
 21 1  1 21 13.663
 21 1  1 22 13.711
 21 1  1 23 13.381
 21 1  1 24 13.490
 21 1  1 25 13.272
 21 1  1 26 13.394
 21 1  1 27 13.554
 21 1  1 28 13.416
 21 1  1 29 13.413
 21 1  1 30 13.361
 21 1  1 31 13.663
 21 1  1 32 13.600
 21 1  1 33 13.743
 21 1  1 34 13.507
 21 1  1 35 13.302
 21 1  1 36 13.518
 21 1  1 37 13.707
 21 1  1 38 13.172
 21 1  1 39 13.815
 21 1  2  0 13.551
 21 1  2  1 13.436
 21 1  2  2 13.476
 21 1  2  3 13.478
 21 1  2  4 13.375
 21 1  2  5 13.345
 21 1  2  6 13.460
 21 1  2  7 13.525
 21 1  2  8 13.631
 21 1  2  9 13.646
 21 1  2 10 13.364
 21 1  2 11 13.261
 21 1  2 12 13.499
 21 1  2 13 13.576
 21 1  2 14 13.646
 21 1  2 15 13.583
 21 1  2 16 13.230
 21 1  2 17 13.249
 21 1  2 18 13.672
 21 1  2 19 13.804
 21 1  2 20 13.357
 21 1  2 21 13.744
 21 1  2 22 13.662
 21 1  2 23 13.791
 21 1  2 24 13.485
 21 1  2 25 13.489
 21 1  2 26 13.555
 21 1  2 27 13.571
 21 1  2 28 13.307
 21 1  2 29 13.754
 21 1  2 30 13.476
 21 1  2 31 13.440
 21 1  2 32 13.356
 21 1  2 33 13.284
 21 1  2 34 13.509
 21 1  2 35 13.450
 21 1  2 36 13.361
 21 1  2 37 13.448
 21 1  2 38 13.741
 21 1  2 39 13.730
 21 1  3  0 13.597
 21 1  3  1 13.635
 21 1  3  2 13.610
 21 1  3  3 13.355
 21 1  3  4 13.669
 21 1  3  5 13.315
 21 1  3  6 13.580
 21 1  3  7 13.488
 21 1  3  8 13.497
 21 1  3  9 13.314
 21 1  3 10 13.692
 21 1  3 11 13.429
 21 1  3 12 13.725
 21 1  3 13 13.796
 21 1  3 14 13.862
 21 1  3 15 13.649
 21 1  3 16 13.506
 21 1  3 17 13.593
 21 1  3 18 13.851
 21 1  3 19 13.579
 21 1  3 20 13.522
 21 1  3 21 13.650
 21 1  3 22 13.432
 21 1  3 23 13.662
 21 1  3 24 13.149
 21 1  3 25 13.411
 21 1  3 26 13.843
 21 1  3 27 13.702
 21 1  3 28 13.390
 21 1  3 29 13.373
 21 1  3 30 13.710
 21 1  3 31 13.245
 21 1  3 32 13.733
 21 1  3 33 13.604
 21 1  3 34 13.830
 21 1  3 35 13.670
 21 1  3 36 13.488
 21 1  3 37 13.809
 21 1  3 38 13.821
 21 1  3 39 13.470
 21 1  4  0 13.479
 21 1  4  1 13.768
 21 1  4  2 13.754
 21 1  4  3 13.625
 21 1  4  4 13.355
 21 1  4  5 13.534
 21 1  4  6 13.580
 21 1  4  7 13.346
 21 1  4  8 13.194
 21 1  4  9 13.681
 21 1  4 10 13.499
 21 1  4 11 13.391
 21 1  4 12 13.545
 21 1  4 13 13.671
 21 1  4 14 13.662
 21 1  4 15 13.655
 21 1  4 16 13.339
 21 1  4 17 13.482
 21 1  4 18 13.413
 21 1  4 19 13.594
 21 1  4 20 13.538
 21 1  4 21 13.624
 21 1  4 22 13.471
 21 1  4 23 13.850
 21 1  4 24 13.527
 21 1  4 25 13.697
 21 1  4 26 13.306
 21 1  4 27 13.646
 21 1  4 28 13.221
 21 1  4 29 13.186
 21 1  4 30 13.522
 21 1  4 31 13.449
 21 1  4 32 13.223
 21 1  4 33 13.699
 21 1  4 34 13.420
 21 1  4 35 13.158
 21 1  4 36 13.539
 21 1  4 37 13.431
 21 1  4 38 13.594
 21 1  4 39 13.671
 21 1  5  0 13.511
 21 1  5  1 13.207
 21 1  5  2 13.458
 21 1  5  3 13.524
 21 1  5  4 13.814
 21 1  5  5 13.531
 21 1  5  6 13.734
 21 1  5  7 13.374
 21 1  5  8 13.485
 21 1  5  9 13.861
 21 1  5 10 13.701
 21 1  5 11 13.662
 21 1  5 12 13.655
 21 1  5 13 13.748
 21 1  5 14 13.550
 21 1  5 15 13.799
 21 1  5 16 13.642
 21 1  5 17 13.347
 21 1  5 18 13.352
 21 1  5 19 13.596
 21 1  5 20 13.892
 21 1  5 21 13.461
 21 1  5 22 13.765
 21 1  5 23 13.493
 21 1  5 24 13.613
 21 1  5 25 13.641
 21 1  5 26 13.348
 21 1  5 27 13.311
 21 1  5 28 13.293
 21 1  5 29 13.536
 21 1  5 30 13.311
 21 1  5 31 13.445
 21 1  5 32 13.786
 21 1  5 33 13.612
 21 1  5 34 13.466
 21 1  5 35 13.441
 21 1  5 36 13.694
 21 1  5 37 13.549
 21 1  5 38 13.735
 21 1  5 39 13.768
 21 1  6  0 13.759
 21 1  6  1 13.421
 21 1  6  2 13.418
 21 1  6  3 13.359
 21 1  6  4 13.552
 21 1  6  5 13.752
 21 1  6  6 13.644
 21 1  6  7 13.495
 21 1  6  8 13.466
 21 1  6  9 13.376
 21 1  6 10 13.476
 21 1  6 11 13.937
 21 1  6 12 13.577
 21 1  6 13 13.711
 21 1  6 14 13.727
 21 1  6 15 13.694
 21 1  6 16 13.562
 21 1  6 17 13.557
 21 1  6 18 13.810
 21 1  6 19 13.381
 21 1  6 20 13.569
 21 1  6 21 13.625
 21 1  6 22 13.600
 21 1  6 23 13.382
 21 1  6 24 13.658
 21 1  6 25 13.453
 21 1  6 26 13.369
 21 1  6 27 13.457
 21 1  6 28 13.709
 21 1  6 29 13.734
 21 1  6 30 13.599
 21 1  6 31 13.705
 21 1  6 32 13.771
 21 1  6 33 13.701
 21 1  6 34 13.621
 21 1  6 35 13.396
 21 1  6 36 13.832
 21 1  6 37 13.474
 21 1  6 38 13.521
 21 1  6 39 13.671
 21 1  7  0 13.200
 21 1  7  1 13.716
 21 1  7  2 13.564
 21 1  7  3 13.474
 21 1  7  4 13.443
 21 1  7  5 13.610
 21 1  7  6 13.579
 21 1  7  7 13.457
 21 1  7  8 13.616
 21 1  7  9 13.302
 21 1  7 10 13.373
 21 1  7 11 13.458
 21 1  7 12 13.486
 21 1  7 13 13.970
 21 1  7 14 13.571
 21 1  7 15 13.535
 21 1  7 16 13.787
 21 1  7 17 13.739
 21 1  7 18 13.747
 21 1  7 19 13.699
 21 1  7 20 13.738
 21 1  7 21 13.828
 21 1  7 22 13.884
 21 1  7 23 13.690
 21 1  7 24 13.733
 21 1  7 25 13.701
 21 1  7 26 13.390
 21 1  7 27 13.827
 21 1  7 28 13.723
 21 1  7 29 13.488
 21 1  7 30 13.524
 21 1  7 31 13.608
 21 1  7 32 13.774
 21 1  7 33 13.400
 21 1  7 34 13.581
 21 1  7 35 13.361
 21 1  7 36 13.367
 21 1  7 37 13.797
 21 1  7 38 13.426
 21 1  7 39 13.530
 21 0  0 40 13.016
 21 0  0 41 13.209
 21 0  0 42 13.583
 21 0  0 43 13.305
 21 0  0 44 13.214
 21 0  0 45 13.070
 21 0  0 46 13.356
 21 0  0 47 13.050
 21 0  0 48 13.321
 21 0  0 49 13.249
 21 0  0 50 13.776
 21 0  0 51 12.976
 21 0  0 52 13.379
 21 0  0 53 13.016
 21 0  0 54 13.197
 21 0  0 55 13.107
 21 0  0 56 12.477
 21 0  0 57 12.636
 21 0  0 58 13.137
 21 0  0 59 12.253
 21 0  0 60 12.850
 21 0  0 61 13.416
 21 0  0 62 13.217
 21 0  0 63 12.994
 21 0  0 64 13.350
 21 0  0 65 13.223
 21 0  0 66 13.391
 21 0  0 67 13.446
 21 0  0 68 13.387
 21 0  0 69 13.438
 21 0  0 70 13.518
 21 0  0 71 13.270
 21 0  0 72 13.390
 21 0  0 73 13.163
 21 0  0 74 12.885
 21 0  0 75 13.737
 21 0  0 76 13.068
 21 0  0 77 12.747
 21 0  0 78 13.027
 21 0  0 79 13.187
 21 0  1 40 13.078
 21 0  1 41 13.329
 21 0  1 42 13.434
 21 0  1 43 13.402
 21 0  1 44 13.494
 21 0  1 45 13.464
 21 0  1 46 13.458
 21 0  1 47 13.298
 21 0  1 48 13.379
 21 0  1 49 13.175
 21 0  1 50 13.743
 21 0  1 51 13.081
 21 0  1 52 13.221
 21 0  1 53 13.452
 21 0  1 54 13.113
 21 0  1 55 13.476
 21 0  1 56 13.599
 21 0  1 57 13.294
 21 0  1 58 13.114
 21 0  1 59 12.949
 21 0  1 60 13.209
 21 0  1 61 13.515
 21 0  1 62 13.321
 21 0  1 63 13.383
 21 0  1 64 13.524
 21 0  1 65 13.416
 21 0  1 66 13.619
 21 0  1 67 13.539
 21 0  1 68 13.264
 21 0  1 69 13.491
 21 0  1 70 13.693
 21 0  1 71 13.210
 21 0  1 72 13.685
 21 0  1 73 13.683
 21 0  1 74 13.404
 21 0  1 75 13.533
 21 0  1 76 13.323
 21 0  1 77 12.950
 21 0  1 78 13.209
 21 0  1 79 13.638
 21 0  2 40 12.815
 21 0  2 41 13.052
 21 0  2 42 13.453
 21 0  2 43 13.527
 21 0  2 44 13.381
 21 0  2 45 13.375
 21 0  2 46 13.333
 21 0  2 47 13.567
 21 0  2 48 13.300
 21 0  2 49 13.471
 21 0  2 50 13.358
 21 0  2 51 13.445
 21 0  2 52 13.605
 21 0  2 53 13.463
 21 0  2 54 13.505
 21 0  2 55 13.148
 21 0  2 56 13.570
 21 0  2 57 13.111
 21 0  2 58 13.154
 21 0  2 59 13.468
 21 0  2 60 13.172
 21 0  2 61 13.437
 21 0  2 62 13.193
 21 0  2 63 13.329
 21 0  2 64 13.617
 21 0  2 65 13.216
 21 0  2 66 13.229
 21 0  2 67 13.440
 21 0  2 68 13.442
 21 0  2 69 13.396
 21 0  2 70 13.594
 21 0  2 71 13.382
 21 0  2 72 13.292
 21 0  2 73 13.385
 21 0  2 74 13.409
 21 0  2 75 13.401
 21 0  2 76 13.310
 21 0  2 77 13.662
 21 0  2 78 13.493
 21 0  2 79 13.119
 21 0  3 40 13.149
 21 0  3 41 13.296
 21 0  3 42 13.678
 21 0  3 43 13.294
 21 0  3 44 13.190
 21 0  3 45 12.814
 21 0  3 46 13.550
 21 0  3 47 13.415
 21 0  3 48 13.448
 21 0  3 49 13.620
 21 0  3 50 13.405
 21 0  3 51 13.196
 21 0  3 52 13.234
 21 0  3 53 13.391
 21 0  3 54 13.434
 21 0  3 55 13.376
 21 0  3 56 13.739
 21 0  3 57 13.424
 21 0  3 58 13.350
 21 0  3 59 13.527
 21 0  3 60 13.106
 21 0  3 61 13.391
 21 0  3 62 13.266
 21 0  3 63 13.211
 21 0  3 64 13.348
 21 0  3 65 13.342
 21 0  3 66 13.709
 21 0  3 67 13.660
 21 0  3 68 13.392
 21 0  3 69 13.228
 21 0  3 70 13.640
 21 0  3 71 13.341
 21 0  3 72 13.631
 21 0  3 73 13.359
 21 0  3 74 13.418
 21 0  3 75 13.453
 21 0  3 76 13.051
 21 0  3 77 13.363
 21 0  3 78 13.901
 21 0  3 79 13.257
 21 0  4 40 13.467
 21 0  4 41 13.299
 21 0  4 42 13.372
 21 0  4 43 13.414
 21 0  4 44 13.688
 21 0  4 45 13.443
 21 0  4 46 13.458
 21 0  4 47 13.032
 21 0  4 48 13.424
 21 0  4 49 13.321
 21 0  4 50 13.620
 21 0  4 51 13.274
 21 0  4 52 13.468
 21 0  4 53 13.515
 21 0  4 54 13.461
 21 0  4 55 13.419
 21 0  4 56 13.341
 21 0  4 57 13.508
 21 0  4 58  0.010
 21 0  4 59 13.242
 21 0  4 60 13.080
 21 0  4 61 13.213
 21 0  4 62 13.518
 21 0  4 63 13.395
 21 0  4 64 13.850
 21 0  4 65 13.087
 21 0  4 66 13.234
 21 0  4 67 13.832
 21 0  4 68 13.206
 21 0  4 69 13.618
 21 0  4 70 13.174
 21 0  4 71 13.273
 21 0  4 72 13.440
 21 0  4 73 13.325
 21 0  4 74 13.172
 21 0  4 75 13.377
 21 0  4 76 13.561
 21 0  4 77 13.263
 21 0  4 78 13.538
 21 0  4 79 13.595
 21 0  5 40 13.488
 21 0  5 41 13.388
 21 0  5 42 13.183
 21 0  5 43 13.580
 21 0  5 44 13.211
 21 0  5 45 13.057
 21 0  5 46 13.658
 21 0  5 47 13.399
 21 0  5 48 13.396
 21 0  5 49 13.183
 21 0  5 50 13.240
 21 0  5 51 13.053
 21 0  5 52 13.507
 21 0  5 53 13.568
 21 0  5 54 13.296
 21 0  5 55 13.637
 21 0  5 56 13.510
 21 0  5 57 13.602
 21 0  5 58 13.661
 21 0  5 59 13.125
 21 0  5 60 12.828
 21 0  5 61 13.099
 21 0  5 62 12.957
 21 0  5 63 13.573
 21 0  5 64 13.277
 21 0  5 65 13.500
 21 0  5 66 13.268
 21 0  5 67 13.519
 21 0  5 68 13.351
 21 0  5 69 13.273
 21 0  5 70 13.474
 21 0  5 71 13.424
 21 0  5 72 13.506
 21 0  5 73 13.531
 21 0  5 74 13.495
 21 0  5 75 13.640
 21 0  5 76 13.248
 21 0  5 77 13.410
 21 0  5 78 13.052
 21 0  5 79 13.242
 21 0  6 40 12.926
 21 0  6 41 13.359
 21 0  6 42 13.088
 21 0  6 43 13.308
 21 0  6 44 13.342
 21 0  6 45 13.357
 21 0  6 46 13.180
 21 0  6 47 13.256
 21 0  6 48 13.402
 21 0  6 49 13.408
 21 0  6 50 13.597
 21 0  6 51 13.619
 21 0  6 52 13.361
 21 0  6 53 13.220
 21 0  6 54 13.300
 21 0  6 55 13.076
 21 0  6 56 13.404
 21 0  6 57 13.095
 21 0  6 58 13.258
 21 0  6 59 13.400
 21 0  6 60 13.116
 21 0  6 61 13.429
 21 0  6 62 13.334
 21 0  6 63 13.497
 21 0  6 64 13.803
 21 0  6 65 13.314
 21 0  6 66 13.091
 21 0  6 67 13.402
 21 0  6 68 13.681
 21 0  6 69 13.180
 21 0  6 70 13.355
 21 0  6 71 13.153
 21 0  6 72 13.505
 21 0  6 73 13.296
 21 0  6 74 13.177
 21 0  6 75 13.210
 21 0  6 76 13.170
 21 0  6 77 13.144
 21 0  6 78 13.088
 21 0  6 79 13.324
 21 0  7 40 12.826
 21 0  7 41 13.597
 21 0  7 42 13.438
 21 0  7 43 13.529
 21 0  7 44 13.200
 21 0  7 45 13.517
 21 0  7 46 13.616
 21 0  7 47 13.344
 21 0  7 48 13.358
 21 0  7 49 13.676
 21 0  7 50 13.533
 21 0  7 51 13.866
 21 0  7 52 13.961
 21 0  7 53 13.383
 21 0  7 54 13.716
 21 0  7 55 13.272
 21 0  7 56 13.220
 21 0  7 57 13.378
 21 0  7 58 13.388
 21 0  7 59 13.137
 21 0  7 60 12.768
 21 0  7 61 13.497
 21 0  7 62 13.079
 21 0  7 63 13.404
 21 0  7 64 12.781
 21 0  7 65 13.462
 21 0  7 66 13.275
 21 0  7 67 13.419
 21 0  7 68 13.375
 21 0  7 69 13.651
 21 0  7 70 13.632
 21 0  7 71 13.474
 21 0  7 72 13.401
 21 0  7 73 13.935
 21 0  7 74 13.110
 21 0  7 75 13.470
 21 0  7 76 13.056
 21 0  7 77 13.226
 21 0  7 78 13.365
 21 0  7 79 13.165
 21 1  0 40 10.634
 21 1  0 41 11.261
 21 1  0 42 11.282
 21 1  0 43 11.191
 21 1  0 44 11.011
 21 1  0 45 11.227
 21 1  0 46 11.027
 21 1  0 47 11.636
 21 1  0 48 11.234
 21 1  0 49 11.243
 21 1  0 50 11.252
 21 1  0 51 11.652
 21 1  0 52 11.342
 21 1  0 53 11.352
 21 1  0 54 11.373
 21 1  0 55 11.442
 21 1  0 56 11.358
 21 1  0 57 10.974
 21 1  0 58 11.422
 21 1  0 59 10.143
 21 1  0 60 10.818
 21 1  0 61 11.096
 21 1  0 62 11.535
 21 1  0 63 10.758
 21 1  0 64 11.550
 21 1  0 65 11.337
 21 1  0 66 10.751
 21 1  0 67 11.139
 21 1  0 68 11.222
 21 1  0 69 11.477
 21 1  0 70 11.492
 21 1  0 71 11.490
 21 1  0 72 11.504
 21 1  0 73 11.015
 21 1  0 74 11.297
 21 1  0 75 11.180
 21 1  0 76 11.224
 21 1  0 77 11.399
 21 1  0 78 11.679
 21 1  0 79 10.565
 21 1  1 40 10.800
 21 1  1 41 11.514
 21 1  1 42 11.117
 21 1  1 43 11.301
 21 1  1 44 11.370
 21 1  1 45 11.015
 21 1  1 46 11.049
 21 1  1 47 11.251
 21 1  1 48 11.048
 21 1  1 49 11.327
 21 1  1 50 11.603
 21 1  1 51 10.950
 21 1  1 52 11.425
 21 1  1 53 10.766
 21 1  1 54 11.455
 21 1  1 55 11.373
 21 1  1 56 11.279
 21 1  1 57 11.224
 21 1  1 58 11.441
 21 1  1 59 11.211
 21 1  1 60 10.492
 21 1  1 61 11.444
 21 1  1 62 11.289
 21 1  1 63 11.538
 21 1  1 64 11.451
 21 1  1 65 10.971
 21 1  1 66 11.453
 21 1  1 67 11.429
 21 1  1 68 11.274
 21 1  1 69 11.002
 21 1  1 70 11.487
 21 1  1 71 11.312
 21 1  1 72 11.425
 21 1  1 73 11.153
 21 1  1 74 11.724
 21 1  1 75 10.945
 21 1  1 76 11.077
 21 1  1 77 11.092
 21 1  1 78 11.174
 21 1  1 79 11.340
 21 1  2 40 10.881
 21 1  2 41 11.114
 21 1  2 42 11.101
 21 1  2 43 11.344
 21 1  2 44 11.316
 21 1  2 45 10.872
 21 1  2 46 11.365
 21 1  2 47 11.471
 21 1  2 48 11.247
 21 1  2 49 11.090
 21 1  2 50 11.132
 21 1  2 51 11.161
 21 1  2 52 11.146
 21 1  2 53 11.565
 21 1  2 54 11.495
 21 1  2 55 11.619
 21 1  2 56 10.859
 21 1  2 57 11.091
 21 1  2 58 10.992
 21 1  2 59 10.711
 21 1  2 60 11.057
 21 1  2 61 10.863
 21 1  2 62 11.058
 21 1  2 63 11.092
 21 1  2 64 11.404
 21 1  2 65 11.278
 21 1  2 66 11.075
 21 1  2 67 11.142
 21 1  2 68 11.237
 21 1  2 69 11.374
 21 1  2 70 11.052
 21 1  2 71 11.152
 21 1  2 72 11.248
 21 1  2 73 11.293
 21 1  2 74 11.035
 21 1  2 75 11.655
 21 1  2 76 10.879
 21 1  2 77 11.141
 21 1  2 78 11.258
 21 1  2 79 11.149
 21 1  3 40 10.927
 21 1  3 41 11.181
 21 1  3 42 10.891
 21 1  3 43 11.231
 21 1  3 44 10.898
 21 1  3 45 11.456
 21 1  3 46 11.186
 21 1  3 47 11.079
 21 1  3 48 11.483
 21 1  3 49 11.737
 21 1  3 50 11.462
 21 1  3 51 11.274
 21 1  3 52 11.196
 21 1  3 53 11.245
 21 1  3 54 11.137
 21 1  3 55 11.394
 21 1  3 56 11.192
 21 1  3 57 11.314
 21 1  3 58 10.666
 21 1  3 59 10.713
 21 1  3 60 10.689
 21 1  3 61 10.766
 21 1  3 62 11.501
 21 1  3 63 10.943
 21 1  3 64 11.624
 21 1  3 65 11.158
 21 1  3 66 11.190
 21 1  3 67 11.278
 21 1  3 68 11.105
 21 1  3 69 11.307
 21 1  3 70 11.323
 21 1  3 71 11.166
 21 1  3 72 11.080
 21 1  3 73 11.401
 21 1  3 74 11.406
 21 1  3 75 11.170
 21 1  3 76 10.951
 21 1  3 77 11.174
 21 1  3 78 10.998
 21 1  3 79 10.665
 21 1  4 40 11.323
 21 1  4 41 10.995
 21 1  4 42 11.336
 21 1  4 43 11.444
 21 1  4 44 11.082
 21 1  4 45 11.475
 21 1  4 46 11.005
 21 1  4 47 11.257
 21 1  4 48 11.298
 21 1  4 49 11.586
 21 1  4 50 11.368
 21 1  4 51 11.095
 21 1  4 52 11.336
 21 1  4 53 11.225
 21 1  4 54 11.420
 21 1  4 55 11.176
 21 1  4 56 11.244
 21 1  4 57 11.015
 21 1  4 58 11.383
 21 1  4 59 10.747
 21 1  4 60 10.457
 21 1  4 61 10.838
 21 1  4 62 11.474
 21 1  4 63 11.530
 21 1  4 64 11.081
 21 1  4 65 10.790
 21 1  4 66 10.972
 21 1  4 67 11.126
 21 1  4 68 11.207
 21 1  4 69 11.911
 21 1  4 70 11.592
 21 1  4 71 11.295
 21 1  4 72 11.126
 21 1  4 73 11.216
 21 1  4 74 11.497
 21 1  4 75 11.351
 21 1  4 76 11.205
 21 1  4 77 11.614
 21 1  4 78 11.114
 21 1  4 79 10.888
 21 1  5 40 11.438
 21 1  5 41 10.672
 21 1  5 42 11.563
 21 1  5 43 11.108
 21 1  5 44 11.180
 21 1  5 45 11.148
 21 1  5 46 11.537
 21 1  5 47 11.275
 21 1  5 48 11.405
 21 1  5 49 11.344
 21 1  5 50 11.359
 21 1  5 51 11.324
 21 1  5 52 11.554
 21 1  5 53 11.299
 21 1  5 54 10.846
 21 1  5 55 11.616
 21 1  5 56  0.010
 21 1  5 57 11.094
 21 1  5 58 10.936
 21 1  5 59 10.821
 21 1  5 60 10.302
 21 1  5 61 11.292
 21 1  5 62 11.225
 21 1  5 63 11.073
 21 1  5 64 10.871
 21 1  5 65 11.170
 21 1  5 66 11.312
 21 1  5 67 11.211
 21 1  5 68 11.196
 21 1  5 69 11.133
 21 1  5 70 11.440
 21 1  5 71 11.001
 21 1  5 72 11.499
 21 1  5 73 11.258
 21 1  5 74 10.929
 21 1  5 75 11.401
 21 1  5 76 10.854
 21 1  5 77 11.535
 21 1  5 78 11.306
 21 1  5 79 11.038
 21 1  6 40 10.475
 21 1  6 41 10.667
 21 1  6 42 11.650
 21 1  6 43 11.297
 21 1  6 44 10.771
 21 1  6 45 11.223
 21 1  6 46 11.539
 21 1  6 47 11.434
 21 1  6 48 11.096
 21 1  6 49 10.860
 21 1  6 50 11.072
 21 1  6 51 11.135
 21 1  6 52 11.664
 21 1  6 53 11.455
 21 1  6 54 11.280
 21 1  6 55 10.970
 21 1  6 56 11.370
 21 1  6 57 11.246
 21 1  6 58 11.319
 21 1  6 59 10.692
 21 1  6 60  9.962
 21 1  6 61 11.290
 21 1  6 62 11.193
 21 1  6 63 11.227
 21 1  6 64 11.290
 21 1  6 65 11.411
 21 1  6 66 11.311
 21 1  6 67 11.466
 21 1  6 68 11.266
 21 1  6 69 11.152
 21 1  6 70 11.078
 21 1  6 71 11.165
 21 1  6 72 11.030
 21 1  6 73 11.443
 21 1  6 74 11.064
 21 1  6 75 11.227
 21 1  6 76 11.056
 21 1  6 77 11.220
 21 1  6 78 11.310
 21 1  6 79 10.421
 21 1  7 40 10.289
 21 1  7 41 11.246
 21 1  7 42 10.589
 21 1  7 43 11.469
 21 1  7 44 11.249
 21 1  7 45 11.231
 21 1  7 46 11.317
 21 1  7 47 11.585
 21 1  7 48 11.185
 21 1  7 49 11.097
 21 1  7 50 11.496
 21 1  7 51 11.041
 21 1  7 52 11.466
 21 1  7 53 10.956
 21 1  7 54 11.262
 21 1  7 55 11.041
 21 1  7 56 11.447
 21 1  7 57 11.325
 21 1  7 58 11.553
 21 1  7 59 10.588
 21 1  7 60 10.384
 21 1  7 61 11.326
 21 1  7 62 11.259
 21 1  7 63 11.131
 21 1  7 64 11.488
 21 1  7 65 10.973
 21 1  7 66 11.311
 21 1  7 67 11.100
 21 1  7 68 11.628
 21 1  7 69 11.134
 21 1  7 70 10.934
 21 1  7 71 11.421
 21 1  7 72 11.496
 21 1  7 73 11.718
 21 1  7 74 11.788
 21 1  7 75 11.290
 21 1  7 76 11.107
 21 1  7 77 10.993
 21 1  7 78 10.926
 21 1  7 79 10.827
 16 0  0  0  3.137
 16 0  0  1  3.192
 16 0  0  2  3.100
 16 0  0  3  3.237
 16 0  0  4  3.353
 16 0  0  5  3.320
 16 0  0  6  3.381
 16 0  0  7  3.192
 16 0  0  8  3.313
 16 0  0  9  3.304
 16 0  0 10  3.236
 16 0  0 11  3.210
 16 0  0 12  3.429
 16 0  0 13  3.415
 16 0  0 14  3.417
 16 0  0 15  3.212
 16 0  0 16  3.189
 16 0  0 17  3.353
 16 0  0 18  3.573
 16 0  0 19  3.244
 16 0  0 20  3.441
 16 0  0 21  3.386
 16 0  0 22  3.323
 16 0  0 23  3.204
 16 0  1  0  3.259
 16 0  1  1  3.349
 16 0  1  2  3.516
 16 0  1  3  3.267
 16 0  1  4  3.391
 16 0  1  5  3.372
 16 0  1  6  3.404
 16 0  1  7  3.375
 16 0  1  8  3.367
 16 0  1  9  3.367
 16 0  1 10  3.211
 16 0  1 11  3.313
 16 0  1 12  3.298
 16 0  1 13  3.409
 16 0  1 14  3.458
 16 0  1 15  3.412
 16 0  1 16  3.428
 16 0  1 17  3.254
 16 0  1 18  3.356
 16 0  1 19  3.234
 16 0  1 20  3.312
 16 0  1 21  3.405
 16 0  1 22  3.360
 16 0  1 23  3.407
 16 0  1 24  3.510
 16 0  1 25  3.449
 16 0  1 26  3.370
 16 0  1 27  3.484
 16 0  1 28  3.591
 16 0  1 29  3.515
 16 0  1 30  3.553
 16 0  1 31  3.593
 16 0  2  0  3.237
 16 0  2  1  3.445
 16 0  2  2  3.468
 16 0  2  3  3.464
 16 0  2  4  3.479
 16 0  2  5  3.418
 16 0  2  6  3.485
 16 0  2  7  3.321
 16 0  2  8  3.409
 16 0  2  9  3.276
 16 0  2 10  3.364
 16 0  2 11  3.440
 16 0  2 12  3.344
 16 0  2 13  3.440
 16 0  2 14  3.372
 16 0  2 15  3.371
 16 0  2 16  3.370
 16 0  2 17  3.305
 16 0  2 18  3.400
 16 0  2 19  3.420
 16 0  2 20  3.474
 16 0  2 21  3.332
 16 0  2 22  3.461
 16 0  2 23  3.348
 16 0  2 24  3.477
 16 0  2 25  3.431
 16 0  2 26  3.594
 16 0  2 27  3.456
 16 0  2 28  3.709
 16 0  2 29  3.785
 16 0  2 30  3.478
 16 0  2 31  3.425
 16 0  3  0  3.226
 16 0  3  1  3.530
 16 0  3  2  3.387
 16 0  3  3  3.507
 16 0  3  4  3.479
 16 0  3  5  3.524
 16 0  3  6  3.546
 16 0  3  7  3.487
 16 0  3  8  3.360
 16 0  3  9  3.340
 16 0  3 10  3.279
 16 0  3 11  3.296
 16 0  3 12  3.376
 16 0  3 13  3.382
 16 0  3 14  3.248
 16 0  3 15  3.377
 16 0  3 16  3.436
 16 0  3 17  3.427
 16 0  3 18  3.460
 16 0  3 19  3.357
 16 0  3 20  3.388
 16 0  3 21  3.449
 16 0  3 22  3.469
 16 0  3 23  3.349
 16 0  3 24  3.590
 16 0  3 25  3.641
 16 0  3 26  3.600
 16 0  3 27  3.480
 16 0  3 28  3.642
 16 0  3 29  3.773
 16 0  3 30  3.535
 16 0  3 31  3.463
 16 0  4  0  3.514
 16 0  4  1  3.433
 16 0  4  2  3.507
 16 0  4  3  3.461
 16 0  4  4  3.676
 16 0  4  5  3.583
 16 0  4  6  3.696
 16 0  4  7  3.507
 16 0  4  8  3.301
 16 0  4  9  3.339
 16 0  4 10  3.326
 16 0  4 11  3.478
 16 0  4 12  3.554
 16 0  4 13  3.479
 16 0  4 14  3.252
 16 0  4 15  3.474
 16 0  4 16  3.410
 16 0  4 17  3.410
 16 0  4 18  3.451
 16 0  4 19  3.340
 16 0  4 20  3.342
 16 0  4 21  3.431
 16 0  4 22  3.468
 16 0  4 23  3.340
 16 0  4 24  3.542
 16 0  4 25  3.632
 16 0  4 26  3.437
 16 0  4 27  3.613
 16 0  4 28  3.789
 16 0  4 29  3.623
 16 0  4 30  3.645
 16 0  4 31  3.611
 16 0  5  0  3.312
 16 0  5  1  3.382
 16 0  5  2  3.536
 16 0  5  3  3.530
 16 0  5  4  3.749
 16 0  5  5  3.578
 16 0  5  6  3.577
 16 0  5  7  3.551
 16 0  5  8  3.377
 16 0  5  9  3.449
 16 0  5 10  3.294
 16 0  5 11  3.489
 16 0  5 12  3.623
 16 0  5 13  3.379
 16 0  5 14  3.385
 16 0  5 15  3.455
 16 0  5 16  3.527
 16 0  5 17  3.435
 16 0  5 18  3.338
 16 0  5 19  3.427
 16 0  5 20  3.417
 16 0  5 21  3.453
 16 0  5 22  3.464
 16 0  5 23  3.422
 16 0  5 24  3.573
 16 0  5 25  3.564
 16 0  5 26  3.628
 16 0  5 27  3.671
 16 0  5 28  3.732
 16 0  5 29  3.703
 16 0  5 30  3.648
 16 0  5 31  3.396
 16 0  6  0  3.429
 16 0  6  1  3.465
 16 0  6  2  3.584
 16 0  6  3  3.456
 16 0  6  4  3.609
 16 0  6  5  3.725
 16 0  6  6  3.514
 16 0  6  7  3.622
 16 0  6  8  3.365
 16 0  6  9  3.438
 16 0  6 10  3.370
 16 0  6 11  3.385
 16 0  6 12  3.372
 16 0  6 13  3.396
 16 0  6 14  3.466
 16 0  6 15  3.427
 16 0  6 16  3.447
 16 0  6 17  3.394
 16 0  6 18  3.463
 16 0  6 19  3.380
 16 0  6 20  3.498
 16 0  6 21  3.483
 16 0  6 22  3.527
 16 0  6 23  3.426
 16 0  6 24  3.664
 16 0  6 25  3.621
 16 0  6 26  3.617
 16 0  6 27  3.581
 16 0  6 28  3.682
 16 0  6 29  3.793
 16 0  6 30  3.617
 16 0  6 31  3.523
 16 0  7  0  3.412
 16 0  7  1  3.644
 16 0  7  2  3.558
 16 0  7  3  3.636
 16 0  7  4  3.630
 16 0  7  5  3.608
 16 0  7  6  3.538
 16 0  7  7  3.536
 16 0  7  8  3.397
 16 0  7  9  3.338
 16 0  7 10  3.317
 16 0  7 11  3.270
 16 0  7 12  3.460
 16 0  7 13  3.411
 16 0  7 14  3.322
 16 0  7 15  3.482
 16 0  7 16  3.466
 16 0  7 17  3.555
 16 0  7 18  3.571
 16 0  7 19  3.435
 16 0  7 20  3.549
 16 0  7 21  3.362
 16 0  7 22  3.388
 16 0  7 23  3.333
 16 0  7 24  3.575
 16 0  7 25  3.663
 16 0  7 26  3.812
 16 0  7 27  3.681
 16 0  7 28  3.643
 16 0  7 29  3.850
 16 0  7 30  3.588
 16 0  7 31  3.461
 16 0  8  0  3.455
 16 0  8  1  3.604
 16 0  8  2  3.542
 16 0  8  3  3.587
 16 0  8  4  3.666
 16 0  8  5  3.736
 16 0  8  6  3.611
 16 0  8  7  3.637
 16 0  8  8  3.446
 16 0  8  9  3.440
 16 0  8 10  3.377
 16 0  8 11  3.522
 16 0  8 12  3.434
 16 0  8 13  3.418
 16 0  8 14  3.341
 16 0  8 15  3.465
 16 0  8 16  3.537
 16 0  8 17  3.612
 16 0  8 18  3.464
 16 0  8 19  3.321
 16 0  8 20  3.409
 16 0  8 21  3.394
 16 0  8 22  3.471
 16 0  8 23  3.311
 16 0  8 24  3.712
 16 0  8 25  3.766
 16 0  8 26  3.678
 16 0  8 27  3.712
 16 0  8 28  3.716
 16 0  8 29  3.653
 16 0  8 30  3.586
 16 0  8 31  3.422
 16 0  9  0  3.386
 16 0  9  1  3.503
 16 0  9  2  3.553
 16 0  9  3  3.696
 16 0  9  4  3.600
 16 0  9  5  3.565
 16 0  9  6  3.714
 16 0  9  7  3.555
 16 0  9  8  3.529
 16 0  9  9  3.396
 16 0  9 10  3.507
 16 0  9 11  3.397
 16 0  9 12  3.432
 16 0  9 13  3.555
 16 0  9 14  3.579
 16 0  9 15  3.501
 16 0  9 16  3.411
 16 0  9 17  3.521
 16 0  9 18  3.386
 16 0  9 19  3.366
 16 0  9 20  3.496
 16 0  9 21  3.512
 16 0  9 22  3.438
 16 0  9 23  3.370
 16 0  9 24  3.796
 16 0  9 25  3.611
 16 0  9 26  3.706
 16 0  9 27  3.765
 16 0  9 28  3.748
 16 0  9 29  3.646
 16 0  9 30  3.491
 16 0  9 31  3.448
 16 0 10  0  3.451
 16 0 10  1  3.572
 16 0 10  2  3.668
 16 0 10  3  3.619
 16 0 10  4  3.500
 16 0 10  5  3.601
 16 0 10  6  3.630
 16 0 10  7  3.613
 16 0 10  8  3.479
 16 0 10  9  3.467
 16 0 10 10  3.607
 16 0 10 11  3.548
 16 0 10 12  3.521
 16 0 10 13  3.435
 16 0 10 14  3.391
 16 0 10 15  3.481
 16 0 10 16  3.516
 16 0 10 17  3.395
 16 0 10 18  3.591
 16 0 10 19  3.407
 16 0 10 20  3.435
 16 0 10 21  3.553
 16 0 10 22  3.570
 16 0 10 23  3.540
 16 0 10 24  3.596
 16 0 10 25  3.724
 16 0 10 26  3.741
 16 0 10 27  3.710
 16 0 10 28  3.689
 16 0 10 29  3.674
 16 0 10 30  3.575
 16 0 10 31  3.421
 16 0 11  0  3.435
 16 0 11  1  3.482
 16 0 11  2  3.593
 16 0 11  3  3.673
 16 0 11  4  3.643
 16 0 11  5  3.701
 16 0 11  6  3.734
 16 0 11  7  3.667
 16 0 11  8  3.491
 16 0 11  9  3.462
 16 0 11 10  3.478
 16 0 11 11  3.546
 16 0 11 12  3.560
 16 0 11 13  3.509
 16 0 11 14  3.431
 16 0 11 15  3.476
 16 0 11 16  3.511
 16 0 11 17  3.432
 16 0 11 18  3.514
 16 0 11 19  3.503
 16 0 11 20  3.409
 16 0 11 21  3.532
 16 0 11 22  3.422
 16 0 11 23  3.527
 16 0 11 24  3.708
 16 0 11 25  3.728
 16 0 11 26  3.816
 16 0 11 27  3.704
 16 0 11 28  3.666
 16 0 11 29  3.664
 16 0 11 30  3.606
 16 0 11 31  3.591
 16 0 12  0  3.440
 16 0 12  1  3.529
 16 0 12  2  3.520
 16 0 12  3  3.593
 16 0 12  4  3.670
 16 0 12  5  3.570
 16 0 12  6  3.721
 16 0 12  7  3.645
 16 0 12  8  3.485
 16 0 12  9  3.502
 16 0 12 10  3.643
 16 0 12 11  3.504
 16 0 12 12  3.646
 16 0 12 13  3.508
 16 0 12 14  3.469
 16 0 12 15  3.600
 16 0 12 16  3.584
 16 0 12 17  3.542
 16 0 12 18  3.699
 16 0 12 19  3.506
 16 0 12 20  3.432
 16 0 12 21  3.539
 16 0 12 22  3.408
 16 0 12 23  3.565
 16 0 12 24  3.673
 16 0 12 25  3.712
 16 0 12 26  3.736
 16 0 12 27  3.716
 16 0 12 28  3.690
 16 0 12 29  3.745
 16 0 12 30  3.715
 16 0 12 31  3.493
 16 0 13  0  3.399
 16 0 13  1  3.467
 16 0 13  2  3.632
 16 0 13  3  3.635
 16 0 13  4  3.671
 16 0 13  5  3.641
 16 0 13  6  3.609
 16 0 13  7  3.678
 16 0 13  8  3.526
 16 0 13  9  3.415
 16 0 13 10  3.556
 16 0 13 11  3.469
 16 0 13 12  3.443
 16 0 13 13  3.466
 16 0 13 14  3.527
 16 0 13 15  3.535
 16 0 13 16  3.495
 16 0 13 17  3.559
 16 0 13 18  3.526
 16 0 13 19  3.519
 16 0 13 20  3.498
 16 0 13 21  3.535
 16 0 13 22  3.609
 16 0 13 23  3.543
 16 0 13 24  3.662
 16 0 13 25  3.863
 16 0 13 26  3.790
 16 0 13 27  3.778
 16 0 13 28  3.647
 16 0 13 29  3.603
 16 0 13 30  3.579
 16 0 13 31  3.484
 16 0 14  0  3.444
 16 0 14  1  3.521
 16 0 14  2  3.618
 16 0 14  3  3.773
 16 0 14  4  3.581
 16 0 14  5  3.596
 16 0 14  6  3.724
 16 0 14  7  3.632
 16 0 14  8  3.493
 16 0 14  9  3.445
 16 0 14 10  3.427
 16 0 14 11  3.450
 16 0 14 12  3.564
 16 0 14 13  3.524
 16 0 14 14  3.602
 16 0 14 15  3.608
 16 0 14 16  3.568
 16 0 14 17  3.511
 16 0 14 18  3.515
 16 0 14 19  3.630
 16 0 14 20  3.552
 16 0 14 21  3.536
 16 0 14 22  3.458
 16 0 14 23  3.525
 16 0 14 24  3.740
 16 0 14 25  3.791
 16 0 14 26  3.735
 16 0 14 27  3.717
 16 0 14 28  3.672
 16 0 14 29  3.688
 16 0 14 30  3.504
 16 0 14 31  3.307
 16 0 15  0  3.461
 16 0 15  1  3.623
 16 0 15  2  3.639
 16 0 15  3  3.559
 16 0 15  4  3.628
 16 0 15  5  3.616
 16 0 15  6  3.747
 16 0 15  7  3.601
 16 0 15  8  3.480
 16 0 15  9  3.469
 16 0 15 10  3.596
 16 0 15 11  3.478
 16 0 15 12  3.550
 16 0 15 13  3.635
 16 0 15 14  3.641
 16 0 15 15  3.504
 16 0 15 16  3.549
 16 0 15 17  3.530
 16 0 15 18  3.744
 16 0 15 19  3.576
 16 0 15 20  3.531
 16 0 15 21  3.529
 16 0 15 22  3.567
 16 0 15 23  3.482
 16 0 15 24  3.722
 16 0 15 25  3.720
 16 0 15 26  3.719
 16 0 15 27  3.726
 16 0 15 28  3.659
 16 0 15 29  3.707
 16 0 15 30  3.535
 16 0 15 31  3.534
 16 0 16  0  3.585
 16 0 16  1  3.615
 16 0 16  2  3.917
 16 0 16  3  3.729
 16 0 16  4  3.654
 16 0 16  5  3.719
 16 0 16  6  3.634
 16 0 16  7  3.631
 16 0 16  8  3.446
 16 0 16  9  3.487
 16 0 16 10  3.624
 16 0 16 11  3.514
 16 0 16 12  3.527
 16 0 16 13  3.458
 16 0 16 14  3.457
 16 0 16 15  3.495
 16 0 16 16  3.582
 16 0 16 17  3.676
 16 0 16 18  3.529
 16 0 16 19  3.555
 16 0 16 20  3.498
 16 0 16 21  3.618
 16 0 16 22  3.484
 16 0 16 23  3.598
 16 0 16 24  3.706
 16 0 16 25  3.727
 16 0 16 26  3.686
 16 0 16 27  3.766
 16 0 16 28  3.699
 16 0 16 29  3.735
 16 0 16 30  3.595
 16 0 16 31  3.557
 16 0 17  0  3.628
 16 0 17  1  3.409
 16 0 17  2  3.971
 16 0 17  3  3.670
 16 0 17  4  3.696
 16 0 17  5  3.775
 16 0 17  6  3.610
 16 0 17  7  3.653
 16 0 17  8  3.604
 16 0 17  9  3.672
 16 0 17 10  3.654
 16 0 17 11  3.587
 16 0 17 12  3.657
 16 0 17 13  3.473
 16 0 17 14  3.655
 16 0 17 15  3.515
 16 0 17 16  3.737
 16 0 17 17  3.530
 16 0 17 18  3.659
 16 0 17 19  3.709
 16 0 17 20  3.593
 16 0 17 21  3.619
 16 0 17 22  3.553
 16 0 17 23  3.653
 16 0 17 24  3.798
 16 0 17 25  3.580
 16 0 17 26  3.600
 16 0 17 27  3.704
 16 0 17 28  3.771
 16 0 17 29  3.616
 16 0 17 30  3.471
 16 0 17 31  3.450
 16 1  0  0  2.840
 16 1  0  1  2.886
 16 1  0  2  2.849
 16 1  0  3  2.793
 16 1  0  4  2.817
 16 1  0  5  2.798
 16 1  0  6  2.801
 16 1  0  7  2.897
 16 1  0  8  2.817
 16 1  0  9  2.912
 16 1  0 10  2.947
 16 1  0 11  2.988
 16 1  0 12  2.960
 16 1  0 13  2.942
 16 1  0 14  2.976
 16 1  0 15  2.860
 16 1  0 16  2.788
 16 1  0 17  2.801
 16 1  0 18  2.748
 16 1  0 19  2.936
 16 1  0 20  2.868
 16 1  0 21  2.713
 16 1  0 22  2.767
 16 1  0 23  2.812
 16 1  1  0  3.033
 16 1  1  1  2.975
 16 1  1  2  3.083
 16 1  1  3  3.042
 16 1  1  4  2.928
 16 1  1  5  3.117
 16 1  1  6  3.096
 16 1  1  7  3.094
 16 1  1  8  2.698
 16 1  1  9  2.783
 16 1  1 10  2.787
 16 1  1 11  2.816
 16 1  1 12  2.736
 16 1  1 13  2.834
 16 1  1 14  2.645
 16 1  1 15  2.748
 16 1  1 16  2.782
 16 1  1 17  2.828
 16 1  1 18  2.871
 16 1  1 19  2.723
 16 1  1 20  2.716
 16 1  1 21  2.740
 16 1  1 22  2.731
 16 1  1 23  2.712
 16 1  1 24  2.923
 16 1  1 25  2.971
 16 1  1 26  2.898
 16 1  1 27  2.997
 16 1  1 28  2.971
 16 1  1 29  2.823
 16 1  1 30  3.050
 16 1  1 31  2.799
 16 1  2  0  3.135
 16 1  2  1  2.999
 16 1  2  2  3.155
 16 1  2  3  2.981
 16 1  2  4  3.089
 16 1  2  5  2.999
 16 1  2  6  3.188
 16 1  2  7  3.080
 16 1  2  8  2.679
 16 1  2  9  2.698
 16 1  2 10  2.830
 16 1  2 11  2.716
 16 1  2 12  2.878
 16 1  2 13  2.803
 16 1  2 14  2.737
 16 1  2 15  2.706
 16 1  2 16  2.769
 16 1  2 17  2.933
 16 1  2 18  2.878
 16 1  2 19  2.651
 16 1  2 20  2.780
 16 1  2 21  2.819
 16 1  2 22  2.722
 16 1  2 23  2.638
 16 1  2 24  3.001
 16 1  2 25  3.071
 16 1  2 26  3.005
 16 1  2 27  2.946
 16 1  2 28  3.108
 16 1  2 29  3.079
 16 1  2 30  3.051
 16 1  2 31  3.059
 16 1  3  0  3.284
 16 1  3  1  3.364
 16 1  3  2  3.230
 16 1  3  3  3.246
 16 1  3  4  3.082
 16 1  3  5  3.065
 16 1  3  6  3.263
 16 1  3  7  3.075
 16 1  3  8  2.962
 16 1  3  9  2.781
 16 1  3 10  2.878
 16 1  3 11  2.802
 16 1  3 12  2.820
 16 1  3 13  2.869
 16 1  3 14  2.869
 16 1  3 15  2.722
 16 1  3 16  2.918
 16 1  3 17  2.814
 16 1  3 18  2.759
 16 1  3 19  2.983
 16 1  3 20  2.683
 16 1  3 21  2.747
 16 1  3 22  2.641
 16 1  3 23  2.894
 16 1  3 24  3.182
 16 1  3 25  3.118
 16 1  3 26  3.010
 16 1  3 27  3.084
 16 1  3 28  3.176
 16 1  3 29  3.102
 16 1  3 30  3.143
 16 1  3 31  2.964
 16 1  4  0  3.146
 16 1  4  1  3.148
 16 1  4  2  3.170
 16 1  4  3  3.188
 16 1  4  4  3.244
 16 1  4  5  3.157
 16 1  4  6  3.191
 16 1  4  7  3.187
 16 1  4  8  2.751
 16 1  4  9  2.911
 16 1  4 10  2.857
 16 1  4 11  2.988
 16 1  4 12  2.766
 16 1  4 13  2.956
 16 1  4 14  2.803
 16 1  4 15  2.785
 16 1  4 16  2.938
 16 1  4 17  2.920
 16 1  4 18  2.855
 16 1  4 19  2.882
 16 1  4 20  2.755
 16 1  4 21  2.813
 16 1  4 22  2.660
 16 1  4 23  2.866
 16 1  4 24  3.178
 16 1  4 25  3.172
 16 1  4 26  3.091
 16 1  4 27  3.113
 16 1  4 28  3.142
 16 1  4 29  3.252
 16 1  4 30  3.237
 16 1  4 31  3.046
 16 1  5  0  3.247
 16 1  5  1  3.189
 16 1  5  2  3.277
 16 1  5  3  3.173
 16 1  5  4  3.165
 16 1  5  5  3.196
 16 1  5  6  3.288
 16 1  5  7  3.163
 16 1  5  8  2.923
 16 1  5  9  2.856
 16 1  5 10  2.844
 16 1  5 11  2.927
 16 1  5 12  2.771
 16 1  5 13  2.875
 16 1  5 14  2.845
 16 1  5 15  2.816
 16 1  5 16  2.957
 16 1  5 17  2.806
 16 1  5 18  2.805
 16 1  5 19  2.954
 16 1  5 20  3.091
 16 1  5 21  2.841
 16 1  5 22  2.822
 16 1  5 23  2.738
 16 1  5 24  3.219
 16 1  5 25  3.078
 16 1  5 26  3.073
 16 1  5 27  3.101
 16 1  5 28  3.080
 16 1  5 29  3.272
 16 1  5 30  3.129
 16 1  5 31  2.981
 16 1  6  0  3.277
 16 1  6  1  3.266
 16 1  6  2  3.151
 16 1  6  3  3.373
 16 1  6  4  3.086
 16 1  6  5  3.202
 16 1  6  6  3.278
 16 1  6  7  3.253
 16 1  6  8  2.887
 16 1  6  9  2.916
 16 1  6 10  2.903
 16 1  6 11  2.876
 16 1  6 12  2.903
 16 1  6 13  3.013
 16 1  6 14  2.894
 16 1  6 15  2.893
 16 1  6 16  2.854
 16 1  6 17  2.848
 16 1  6 18  2.813
 16 1  6 19  2.960
 16 1  6 20  2.864
 16 1  6 21  2.818
 16 1  6 22  2.757
 16 1  6 23  2.844
 16 1  6 24  3.139
 16 1  6 25  3.106
 16 1  6 26  3.263
 16 1  6 27  3.274
 16 1  6 28  3.178
 16 1  6 29  3.107
 16 1  6 30  3.237
 16 1  6 31  3.285
 16 1  7  0  3.133
 16 1  7  1  3.267
 16 1  7  2  3.249
 16 1  7  3  3.307
 16 1  7  4  3.170
 16 1  7  5  3.166
 16 1  7  6  3.161
 16 1  7  7  3.200
 16 1  7  8  2.890
 16 1  7  9  2.822
 16 1  7 10  2.942
 16 1  7 11  2.947
 16 1  7 12  2.955
 16 1  7 13  2.885
 16 1  7 14  2.982
 16 1  7 15  2.830
 16 1  7 16  2.865
 16 1  7 17  2.814
 16 1  7 18  2.856
 16 1  7 19  2.835
 16 1  7 20  2.775
 16 1  7 21  2.823
 16 1  7 22  2.882
 16 1  7 23  2.868
 16 1  7 24  3.200
 16 1  7 25  3.165
 16 1  7 26  3.249
 16 1  7 27  3.168
 16 1  7 28  3.100
 16 1  7 29  3.318
 16 1  7 30  3.180
 16 1  7 31  3.126
 16 1  8  0  3.119
 16 1  8  1  3.262
 16 1  8  2  3.262
 16 1  8  3  3.206
 16 1  8  4  3.294
 16 1  8  5  3.212
 16 1  8  6  3.296
 16 1  8  7  3.286
 16 1  8  8  2.970
 16 1  8  9  2.839
 16 1  8 10  2.918
 16 1  8 11  2.947
 16 1  8 12  2.870
 16 1  8 13  2.914
 16 1  8 14  2.975
 16 1  8 15  3.016
 16 1  8 16  2.835
 16 1  8 17  2.942
 16 1  8 18  2.903
 16 1  8 19  2.904
 16 1  8 20  2.829
 16 1  8 21  2.867
 16 1  8 22  2.921
 16 1  8 23  2.814
 16 1  8 24  3.161
 16 1  8 25  3.244
 16 1  8 26  3.240
 16 1  8 27  3.135
 16 1  8 28  3.061
 16 1  8 29  3.245
 16 1  8 30  3.152
 16 1  8 31  3.216
 16 1  9  0  3.103
 16 1  9  1  3.272
 16 1  9  2  3.263
 16 1  9  3  3.212
 16 1  9  4  3.321
 16 1  9  5  3.295
 16 1  9  6  3.206
 16 1  9  7  3.292
 16 1  9  8  2.998
 16 1  9  9  2.961
 16 1  9 10  2.862
 16 1  9 11  2.931
 16 1  9 12  3.057
 16 1  9 13  2.958
 16 1  9 14  2.960
 16 1  9 15  2.879
 16 1  9 16  2.791
 16 1  9 17  2.923
 16 1  9 18  2.902
 16 1  9 19  2.842
 16 1  9 20  2.920
 16 1  9 21  0.010
 16 1  9 22  2.915
 16 1  9 23  3.047
 16 1  9 24  3.226
 16 1  9 25  3.243
 16 1  9 26  3.239
 16 1  9 27  3.201
 16 1  9 28  3.271
 16 1  9 29  3.239
 16 1  9 30  3.249
 16 1  9 31  3.220
 16 1 10  0  3.240
 16 1 10  1  3.261
 16 1 10  2  3.329
 16 1 10  3  3.277
 16 1 10  4  3.246
 16 1 10  5  3.284
 16 1 10  6  3.132
 16 1 10  7  3.335
 16 1 10  8  2.967
 16 1 10  9  2.909
 16 1 10 10  2.844
 16 1 10 11  2.968
 16 1 10 12  2.894
 16 1 10 13  2.919
 16 1 10 14  2.864
 16 1 10 15  2.894
 16 1 10 16  2.998
 16 1 10 17  2.892
 16 1 10 18  2.871
 16 1 10 19  2.986
 16 1 10 20  2.976
 16 1 10 21  2.870
 16 1 10 22  2.873
 16 1 10 23  2.887
 16 1 10 24  3.231
 16 1 10 25  3.201
 16 1 10 26  3.119
 16 1 10 27  3.171
 16 1 10 28  3.074
 16 1 10 29  3.079
 16 1 10 30  3.227
 16 1 10 31  3.242
 16 1 11  0  3.145
 16 1 11  1  3.320
 16 1 11  2  3.336
 16 1 11  3  3.237
 16 1 11  4  3.317
 16 1 11  5  3.213
 16 1 11  6  3.225
 16 1 11  7  3.224
 16 1 11  8  2.995
 16 1 11  9  2.841
 16 1 11 10  2.877
 16 1 11 11  2.953
 16 1 11 12  2.882
 16 1 11 13  2.764
 16 1 11 14  2.816
 16 1 11 15  2.868
 16 1 11 16  2.915
 16 1 11 17  2.950
 16 1 11 18  2.897
 16 1 11 19  3.015
 16 1 11 20  2.988
 16 1 11 21  2.776
 16 1 11 22  2.852
 16 1 11 23  2.839
 16 1 11 24  3.412
 16 1 11 25  3.321
 16 1 11 26  3.239
 16 1 11 27  3.319
 16 1 11 28  3.181
 16 1 11 29  3.198
 16 1 11 30  3.292
 16 1 11 31  3.032
 16 1 12  0  3.153
 16 1 12  1  3.199
 16 1 12  2  3.360
 16 1 12  3  3.284
 16 1 12  4  3.276
 16 1 12  5  3.284
 16 1 12  6  3.320
 16 1 12  7  3.308
 16 1 12  8  2.924
 16 1 12  9  2.925
 16 1 12 10  2.883
 16 1 12 11  2.915
 16 1 12 12  2.869
 16 1 12 13  2.924
 16 1 12 14  2.993
 16 1 12 15  2.953
 16 1 12 16  2.940
 16 1 12 17  2.932
 16 1 12 18  2.948
 16 1 12 19  2.915
 16 1 12 20  3.046
 16 1 12 21  2.864
 16 1 12 22  3.055
 16 1 12 23  2.889
 16 1 12 24  3.317
 16 1 12 25  3.286
 16 1 12 26  3.165
 16 1 12 27  3.236
 16 1 12 28  3.221
 16 1 12 29  3.168
 16 1 12 30  3.285
 16 1 12 31  3.174
 16 1 13  0  3.305
 16 1 13  1  3.317
 16 1 13  2  3.339
 16 1 13  3  3.233
 16 1 13  4  3.272
 16 1 13  5  3.239
 16 1 13  6  3.381
 16 1 13  7  3.418
 16 1 13  8  3.059
 16 1 13  9  2.891
 16 1 13 10  2.775
 16 1 13 11  3.029
 16 1 13 12  2.849
 16 1 13 13  2.863
 16 1 13 14  2.901
 16 1 13 15  2.930
 16 1 13 16  2.942
 16 1 13 17  2.947
 16 1 13 18  2.977
 16 1 13 19  2.884
 16 1 13 20  2.925
 16 1 13 21  2.988
 16 1 13 22  2.980
 16 1 13 23  3.015
 16 1 13 24  3.228
 16 1 13 25  3.290
 16 1 13 26  3.279
 16 1 13 27  3.248
 16 1 13 28  3.295
 16 1 13 29  3.228
 16 1 13 30  3.304
 16 1 13 31  3.226
 16 1 14  0  3.185
 16 1 14  1  3.409
 16 1 14  2  3.241
 16 1 14  3  3.236
 16 1 14  4  3.277
 16 1 14  5  3.353
 16 1 14  6  3.286
 16 1 14  7  3.349
 16 1 14  8  2.935
 16 1 14  9  2.901
 16 1 14 10  2.895
 16 1 14 11  3.032
 16 1 14 12  2.964
 16 1 14 13  2.932
 16 1 14 14  2.839
 16 1 14 15  2.887
 16 1 14 16  2.950
 16 1 14 17  2.967
 16 1 14 18  2.940
 16 1 14 19  2.975
 16 1 14 20  2.819
 16 1 14 21  2.885
 16 1 14 22  2.930
 16 1 14 23  3.120
 16 1 14 24  3.385
 16 1 14 25  3.304
 16 1 14 26  3.181
 16 1 14 27  3.272
 16 1 14 28  3.220
 16 1 14 29  3.176
 16 1 14 30  3.338
 16 1 14 31  3.276
 16 1 15  0  3.138
 16 1 15  1  3.257
 16 1 15  2  3.229
 16 1 15  3  3.251
 16 1 15  4  3.295
 16 1 15  5  3.299
 16 1 15  6  3.421
 16 1 15  7  3.373
 16 1 15  8  2.990
 16 1 15  9  2.937
 16 1 15 10  2.973
 16 1 15 11  2.908
 16 1 15 12  2.977
 16 1 15 13  2.913
 16 1 15 14  2.877
 16 1 15 15  2.756
 16 1 15 16  2.984
 16 1 15 17  2.835
 16 1 15 18  2.936
 16 1 15 19  2.795
 16 1 15 20  2.857
 16 1 15 21  3.053
 16 1 15 22  3.000
 16 1 15 23  2.864
 16 1 15 24  3.250
 16 1 15 25  3.132
 16 1 15 26  3.222
 16 1 15 27  3.231
 16 1 15 28  3.219
 16 1 15 29  3.261
 16 1 15 30  3.264
 16 1 15 31  3.183
 16 1 16  0  3.178
 16 1 16  1  3.302
 16 1 16  2  3.340
 16 1 16  3  3.175
 16 1 16  4  3.200
 16 1 16  5  3.171
 16 1 16  6  3.279
 16 1 16  7  3.427
 16 1 16  8  2.925
 16 1 16  9  3.026
 16 1 16 10  2.950
 16 1 16 11  2.830
 16 1 16 12  3.000
 16 1 16 13  2.872
 16 1 16 14  3.010
 16 1 16 15  2.863
 16 1 16 16  2.930
 16 1 16 17  2.950
 16 1 16 18  2.968
 16 1 16 19  2.953
 16 1 16 20  2.948
 16 1 16 21  2.772
 16 1 16 22  3.114
 16 1 16 23  3.029
 16 1 16 24  3.197
 16 1 16 25  3.196
 16 1 16 26  3.172
 16 1 16 27  3.364
 16 1 16 28  3.202
 16 1 16 29  3.401
 16 1 16 30  3.137
 16 1 16 31  3.219
 16 1 17  0  3.193
 16 1 17  1  3.095
 16 1 17  2  3.323
 16 1 17  3  3.189
 16 1 17  4  3.291
 16 1 17  5  3.179
 16 1 17  6  3.321
 16 1 17  7  3.426
 16 1 17  8  3.072
 16 1 17  9  3.008
 16 1 17 10  2.907
 16 1 17 11  2.977
 16 1 17 12  2.853
 16 1 17 13  2.955
 16 1 17 14  2.849
 16 1 17 15  2.870
 16 1 17 16  2.803
 16 1 17 17  2.956
 16 1 17 18  3.037
 16 1 17 19  2.845
 16 1 17 20  2.938
 16 1 17 21  2.863
 16 1 17 22  3.051
 16 1 17 23  2.873
 16 1 17 24  3.374
 16 1 17 25  3.257
 16 1 17 26  3.263
 16 1 17 27  3.128
 16 1 17 28  3.172
 16 1 17 29  3.103
 16 1 17 30  3.256
 16 1 17 31  3.293
 14 0  0  0  2.883
 14 0  0  1  2.751
 14 0  0  2  2.782
 14 0  0  3  3.097
 14 0  0  4  3.051
 14 0  0  5  2.921
 14 0  0  6  2.711
 14 0  0  7  3.163
 14 0  0  8  3.212
 14 0  0  9  3.040
 14 0  0 10  2.990
 14 0  0 11  3.232
 14 0  0 12  3.453
 14 0  0 13  3.183
 14 0  0 14  3.366
 14 0  0 15  3.231
 14 0  0 16  3.262
 14 0  0 17  3.446
 14 0  0 18  3.240
 14 0  0 19  3.400
 14 0  0 20  3.257
 14 0  0 21  3.089
 14 0  0 22  3.196
 14 0  0 23  0.010
 14 0  1  0  2.978
 14 0  1  1  3.306
 14 0  1  2  3.068
 14 0  1  3  3.033
 14 0  1  4  3.095
 14 0  1  5  3.197
 14 0  1  6  3.385
 14 0  1  7  3.064
 14 0  1  8  3.175
 14 0  1  9  0.010
 14 0  1 10  3.043
 14 0  1 11  3.212
 14 0  1 12  3.318
 14 0  1 13  3.243
 14 0  1 14  3.206
 14 0  1 15  3.324
 14 0  1 16  3.418
 14 0  1 17  3.540
 14 0  1 18  3.582
 14 0  1 19  3.664
 14 0  1 20  3.663
 14 0  1 21  3.560
 14 0  1 22  3.633
 14 0  1 23  3.106
 14 0  2  0  2.987
 14 0  2  1  3.110
 14 0  2  2  3.100
 14 0  2  3  3.246
 14 0  2  4  3.336
 14 0  2  5  3.224
 14 0  2  6  3.217
 14 0  2  7  3.280
 14 0  2  8  3.209
 14 0  2  9  3.210
 14 0  2 10  3.084
 14 0  2 11  3.209
 14 0  2 12  3.186
 14 0  2 13  3.461
 14 0  2 14  3.163
 14 0  2 15  3.343
 14 0  2 16  3.436
 14 0  2 17  3.369
 14 0  2 18  3.504
 14 0  2 19  3.413
 14 0  2 20  3.310
 14 0  2 21  3.355
 14 0  2 22  3.293
 14 0  2 23  3.319
 14 0  3  0  2.911
 14 0  3  1  3.054
 14 0  3  2  2.898
 14 0  3  3  3.197
 14 0  3  4  3.231
 14 0  3  5  3.123
 14 0  3  6  3.237
 14 0  3  7  3.223
 14 0  3  8  3.108
 14 0  3  9  3.294
 14 0  3 10  3.217
 14 0  3 11  3.141
 14 0  3 12  3.314
 14 0  3 13  3.135
 14 0  3 14  3.158
 14 0  3 15  3.221
 14 0  3 16  3.283
 14 0  3 17  3.534
 14 0  3 18  3.367
 14 0  3 19  3.426
 14 0  3 20  3.693
 14 0  3 21  3.378
 14 0  3 22  3.672
 14 0  3 23  3.522
 14 0  4  0  3.083
 14 0  4  1  3.316
 14 0  4  2  2.938
 14 0  4  3  0.010
 14 0  4  4  3.333
 14 0  4  5  3.141
 14 0  4  6  3.086
 14 0  4  7  3.241
 14 0  4  8  3.231
 14 0  4  9  3.314
 14 0  4 10  3.310
 14 0  4 11  3.223
 14 0  4 12  3.222
 14 0  4 13  3.377
 14 0  4 14  3.289
 14 0  4 15  3.233
 14 0  4 16  3.376
 14 0  4 17  3.436
 14 0  4 18  3.599
 14 0  4 19  3.426
 14 0  4 20  3.402
 14 0  4 21  3.415
 14 0  4 22  3.338
 14 0  4 23  3.502
 14 0  5  0  2.953
 14 0  5  1  3.102
 14 0  5  2  3.053
 14 0  5  3  3.074
 14 0  5  4  3.278
 14 0  5  5  2.994
 14 0  5  6  3.137
 14 0  5  7  3.367
 14 0  5  8  3.117
 14 0  5  9  2.912
 14 0  5 10  3.103
 14 0  5 11  3.303
 14 0  5 12  3.133
 14 0  5 13  3.274
 14 0  5 14  3.358
 14 0  5 15  3.318
 14 0  5 16  3.370
 14 0  5 17  3.299
 14 0  5 18  3.441
 14 0  5 19  3.386
 14 0  5 20  3.577
 14 0  5 21  3.512
 14 0  5 22  3.328
 14 0  5 23  3.438
 14 0  6  0  3.018
 14 0  6  1  3.062
 14 0  6  2  3.147
 14 0  6  3  3.194
 14 0  6  4  3.144
 14 0  6  5  2.988
 14 0  6  6  3.121
 14 0  6  7  3.179
 14 0  6  8  3.169
 14 0  6  9  3.095
 14 0  6 10  3.141
 14 0  6 11  3.174
 14 0  6 12  3.151
 14 0  6 13  3.073
 14 0  6 14  3.254
 14 0  6 15  3.299
 14 0  6 16  3.274
 14 0  6 17  3.342
 14 0  6 18  3.523
 14 0  6 19  3.480
 14 0  6 20  3.423
 14 0  6 21  3.564
 14 0  6 22  3.657
 14 0  6 23  3.425
 14 0  7  0  3.038
 14 0  7  1  3.033
 14 0  7  2  3.022
 14 0  7  3  3.122
 14 0  7  4  3.142
 14 0  7  5  3.383
 14 0  7  6  3.257
 14 0  7  7  3.301
 14 0  7  8  3.245
 14 0  7  9  3.164
 14 0  7 10  3.099
 14 0  7 11  3.217
 14 0  7 12  3.172
 14 0  7 13  3.164
 14 0  7 14  3.321
 14 0  7 15  3.185
 14 0  7 16  3.222
 14 0  7 17  3.357
 14 0  7 18  3.266
 14 0  7 19  3.311
 14 0  7 20  3.509
 14 0  7 21  3.542
 14 0  7 22  3.519
 14 0  7 23  3.426
 14 0  8  0  2.881
 14 0  8  1  3.106
 14 0  8  2  3.114
 14 0  8  3  3.160
 14 0  8  4  3.249
 14 0  8  5  3.187
 14 0  8  6  3.159
 14 0  8  7  3.040
 14 0  8  8  3.203
 14 0  8  9  0.010
 14 0  8 10  3.215
 14 0  8 11  3.013
 14 0  8 12  3.118
 14 0  8 13  3.246
 14 0  8 14  3.333
 14 0  8 15  3.261
 14 0  8 16  3.260
 14 0  8 17  3.284
 14 0  8 18  3.197
 14 0  8 19  3.256
 14 0  8 20  3.277
 14 0  8 21  3.392
 14 0  8 22  3.453
 14 0  8 23  3.402
 14 0  9  0  3.125
 14 0  9  1  2.886
 14 0  9  2  3.178
 14 0  9  3  3.277
 14 0  9  4  3.452
 14 0  9  5  3.185
 14 0  9  6  3.067
 14 0  9  7  3.145
 14 0  9  8  3.188
 14 0  9  9  3.186
 14 0  9 10  2.979
 14 0  9 11  3.010
 14 0  9 12  2.978
 14 0  9 13  3.112
 14 0  9 14  3.112
 14 0  9 15  3.205
 14 0  9 16  3.206
 14 0  9 17  3.219
 14 0  9 18  3.399
 14 0  9 19  3.639
 14 0  9 20  3.634
 14 0  9 21  3.781
 14 0  9 22  3.874
 14 0  9 23  3.368
 14 0 10  0  2.866
 14 0 10  1  2.955
 14 0 10  2  3.164
 14 0 10  3  2.800
 14 0 10  4  3.242
 14 0 10  5  3.066
 14 0 10  6  3.202
 14 0 10  7  3.120
 14 0 10  8  3.175
 14 0 10  9  3.218
 14 0 10 10  3.203
 14 0 10 11  3.005
 14 0 10 12  3.166
 14 0 10 13  3.140
 14 0 10 14  2.965
 14 0 10 15  3.081
 14 0 10 16  3.192
 14 0 10 17  3.081
 14 0 10 18  3.189
 14 0 10 19  3.464
 14 0 10 20  3.200
 14 0 10 21  3.236
 14 0 10 22  3.661
 14 0 10 23  3.318
 14 1  0  0  3.222
 14 1  0  1  2.862
 14 1  0  2  3.068
 14 1  0  3  2.887
 14 1  0  4  3.110
 14 1  0  5  2.899
 14 1  0  6  2.938
 14 1  0  7  2.837
 14 1  0  8  2.800
 14 1  0  9  2.814
 14 1  0 10  2.774
 14 1  0 11  2.655
 14 1  0 12  2.672
 14 1  0 13  2.864
 14 1  0 14  2.585
 14 1  0 15  2.678
 14 1  0 16  2.571
 14 1  0 17  2.466
 14 1  0 18  2.410
 14 1  0 19  2.580
 14 1  0 20  2.531
 14 1  0 21  2.742
 14 1  0 22  2.513
 14 1  0 23  2.391
 14 1  1  0  3.246
 14 1  1  1  3.004
 14 1  1  2  3.247
 14 1  1  3  2.908
 14 1  1  4  2.975
 14 1  1  5  2.956
 14 1  1  6  3.118
 14 1  1  7  3.032
 14 1  1  8  2.607
 14 1  1  9  2.837
 14 1  1 10  2.947
 14 1  1 11  2.828
 14 1  1 12  2.787
 14 1  1 13  2.901
 14 1  1 14  2.642
 14 1  1 15  2.808
 14 1  1 16  0.010
 14 1  1 17  2.700
 14 1  1 18  2.757
 14 1  1 19  2.490
 14 1  1 20  2.726
 14 1  1 21  2.668
 14 1  1 22  2.990
 14 1  1 23  2.656
 14 1  2  0  2.931
 14 1  2  1  3.149
 14 1  2  2  2.959
 14 1  2  3  2.996
 14 1  2  4  3.139
 14 1  2  5  3.053
 14 1  2  6  3.005
 14 1  2  7  2.861
 14 1  2  8  2.997
 14 1  2  9  2.728
 14 1  2 10  2.898
 14 1  2 11  2.825
 14 1  2 12  2.718
 14 1  2 13  2.619
 14 1  2 14  2.591
 14 1  2 15  2.727
 14 1  2 16  2.643
 14 1  2 17  2.616
 14 1  2 18  2.758
 14 1  2 19  2.497
 14 1  2 20  2.428
 14 1  2 21  2.712
 14 1  2 22  2.630
 14 1  2 23  2.546
 14 1  3  0  3.106
 14 1  3  1  3.216
 14 1  3  2  3.158
 14 1  3  3  3.129
 14 1  3  4  3.122
 14 1  3  5  3.065
 14 1  3  6  2.768
 14 1  3  7  2.940
 14 1  3  8  2.806
 14 1  3  9  2.835
 14 1  3 10  2.865
 14 1  3 11  2.832
 14 1  3 12  2.596
 14 1  3 13  2.750
 14 1  3 14  2.692
 14 1  3 15  2.801
 14 1  3 16  2.838
 14 1  3 17  2.813
 14 1  3 18  2.713
 14 1  3 19  2.638
 14 1  3 20  2.790
 14 1  3 21  2.582
 14 1  3 22  2.837
 14 1  3 23  2.689
 14 1  4  0  3.161
 14 1  4  1  3.230
 14 1  4  2  3.317
 14 1  4  3  3.023
 14 1  4  4  2.920
 14 1  4  5  2.889
 14 1  4  6  3.107
 14 1  4  7  2.938
 14 1  4  8  2.840
 14 1  4  9  2.693
 14 1  4 10  2.792
 14 1  4 11  2.761
 14 1  4 12  2.905
 14 1  4 13  2.901
 14 1  4 14  2.793
 14 1  4 15  2.704
 14 1  4 16  2.621
 14 1  4 17  2.576
 14 1  4 18  2.771
 14 1  4 19  2.650
 14 1  4 20  2.856
 14 1  4 21  2.675
 14 1  4 22  2.413
 14 1  4 23  2.559
 14 1  5  0  3.042
 14 1  5  1  3.043
 14 1  5  2  3.145
 14 1  5  3  3.036
 14 1  5  4  2.998
 14 1  5  5  2.785
 14 1  5  6  2.868
 14 1  5  7  2.762
 14 1  5  8  0.010
 14 1  5  9  2.900
 14 1  5 10  0.010
 14 1  5 11  2.810
 14 1  5 12  2.702
 14 1  5 13  0.010
 14 1  5 14  2.824
 14 1  5 15  2.649
 14 1  5 16  2.713
 14 1  5 17  2.697
 14 1  5 18  2.699
 14 1  5 19  2.617
 14 1  5 20  2.708
 14 1  5 21  2.661
 14 1  5 22  2.760
 14 1  5 23  2.682
 14 1  6  0  3.094
 14 1  6  1  3.218
 14 1  6  2  3.061
 14 1  6  3  3.131
 14 1  6  4  3.064
 14 1  6  5  2.913
 14 1  6  6  2.897
 14 1  6  7  2.741
 14 1  6  8  2.856
 14 1  6  9  2.801
 14 1  6 10  2.800
 14 1  6 11  2.837
 14 1  6 12  2.631
 14 1  6 13  2.900
 14 1  6 14  2.805
 14 1  6 15  2.661
 14 1  6 16  2.488
 14 1  6 17  2.732
 14 1  6 18  2.734
 14 1  6 19  2.674
 14 1  6 20  2.722
 14 1  6 21  2.690
 14 1  6 22  2.674
 14 1  6 23  2.630
 14 1  7  0  3.311
 14 1  7  1  3.040
 14 1  7  2  3.172
 14 1  7  3  3.050
 14 1  7  4  2.807
 14 1  7  5  2.967
 14 1  7  6  2.775
 14 1  7  7  2.920
 14 1  7  8  2.741
 14 1  7  9  2.763
 14 1  7 10  2.828
 14 1  7 11  2.907
 14 1  7 12  2.671
 14 1  7 13  0.010
 14 1  7 14  2.795
 14 1  7 15  2.845
 14 1  7 16  2.771
 14 1  7 17  2.679
 14 1  7 18  2.634
 14 1  7 19  2.481
 14 1  7 20  2.598
 14 1  7 21  2.551
 14 1  7 22  2.697
 14 1  7 23  2.925
 14 1  8  0  2.837
 14 1  8  1  3.064
 14 1  8  2  2.989
 14 1  8  3  2.854
 14 1  8  4  2.946
 14 1  8  5  2.805
 14 1  8  6  2.982
 14 1  8  7  2.838
 14 1  8  8  0.010
 14 1  8  9  2.803
 14 1  8 10  2.754
 14 1  8 11  2.634
 14 1  8 12  2.638
 14 1  8 13  2.761
 14 1  8 14  2.773
 14 1  8 15  2.881
 14 1  8 16  2.589
 14 1  8 17  2.927
 14 1  8 18  2.538
 14 1  8 19  2.450
 14 1  8 20  0.010
 14 1  8 21  2.616
 14 1  8 22  2.716
 14 1  8 23  2.676
 14 1  9  0  2.822
 14 1  9  1  3.225
 14 1  9  2  2.987
 14 1  9  3  3.057
 14 1  9  4  2.809
 14 1  9  5  2.875
 14 1  9  6  2.946
 14 1  9  7  2.883
 14 1  9  8  2.893
 14 1  9  9  2.842
 14 1  9 10  2.875
 14 1  9 11  2.973
 14 1  9 12  2.886
 14 1  9 13  2.842
 14 1  9 14  2.905
 14 1  9 15  2.786
 14 1  9 16  2.793
 14 1  9 17  2.519
 14 1  9 18  2.649
 14 1  9 19  2.416
 14 1  9 20  2.524
 14 1  9 21  2.616
 14 1  9 22  2.579
 14 1  9 23  2.555
 14 1 10  0  2.984
 14 1 10  1  2.987
 14 1 10  2  2.978
 14 1 10  3  2.917
 14 1 10  4  2.823
 14 1 10  5  2.778
 14 1 10  6  2.978
 14 1 10  7  2.592
 14 1 10  8  2.903
 14 1 10  9  2.617
 14 1 10 10  3.004
 14 1 10 11  2.609
 14 1 10 12  2.736
 14 1 10 13  2.698
 14 1 10 14  0.010
 14 1 10 15  2.466
 14 1 10 16  2.722
 14 1 10 17  2.443
 14 1 10 18  2.895
 14 1 10 19  2.341
 14 1 10 20  2.544
 14 1 10 21  2.805
 14 1 10 22  0.010
 14 1 10 23  2.561
