  3 0  0  0 28.726
  3 0  0  1 24.100
  3 0  0  2 27.444
  3 0  0  3 26.376
  3 0  0  4 26.552
  3 0  0  5 25.850
  3 0  0  6 26.225
  3 0  0  7 25.990
  3 0  0  8 25.450
  3 0  0  9 26.175
  3 0  0 10 27.010
  3 0  0 11 25.817
  3 0  0 12 24.129
  3 0  0 13 26.618
  3 0  0 14 24.804
  3 0  0 15 25.922
  3 0  0 16 24.824
  3 0  0 17 25.814
  3 0  0 18 25.744
  3 0  0 19 25.442
  3 0  0 20 25.809
  3 0  0 21 23.568
  3 0  0 22 24.145
  3 0  0 23 27.855
  3 0  1  0 26.137
  3 0  1  1 25.656
  3 0  1  2 24.206
  3 0  1  3 23.673
  3 0  1  4 23.426
  3 0  1  5 22.848
  3 0  1  6 21.772
  3 0  1  7 23.743
  3 0  1  8 22.094
  3 0  1  9 26.135
  3 0  1 10 26.709
  3 0  1 11 25.611
  3 0  1 12 25.104
  3 0  1 13 25.633
  3 0  1 14 26.494
  3 0  1 15 23.102
  3 0  1 16 25.971
  3 0  1 17 25.972
  3 0  1 18 27.588
  3 0  1 19 25.073
  3 0  1 20 24.772
  3 0  1 21 24.828
  3 0  1 22 25.251
  3 0  1 23 25.937
  3 0  2  0 23.826
  3 0  2  1 22.295
  3 0  2  2 26.454
  3 0  2  3 25.401
  3 0  2  4 21.915
  3 0  2  5 26.344
  3 0  2  6 23.762
  3 0  2  7 23.889
  3 0  2  8 23.846
  3 0  2  9 26.383
  3 0  2 10 22.219
  3 0  2 11 24.975
  3 0  2 12 22.252
  3 0  2 13 25.825
  3 0  2 14 22.679
  3 0  2 15 25.401
  3 0  2 16 22.667
  3 0  2 17 25.028
  3 0  2 18 26.250
  3 0  2 19 25.922
  3 0  2 20 26.775
  3 0  2 21 25.664
  3 0  2 22 22.662
  3 0  2 23 22.012
  3 0  3  0 26.214
  3 0  3  1 25.306
  3 0  3  2 25.045
  3 0  3  3 25.716
  3 0  3  4 25.081
  3 0  3  5 25.672
  3 0  3  6 26.343
  3 0  3  7 25.998
  3 0  3  8 26.162
  3 0  3  9 25.153
  3 0  3 10 25.212
  3 0  3 11 26.274
  3 0  3 12 24.527
  3 0  3 13 25.854
  3 0  3 14 25.216
  3 0  3 15 26.449
  3 0  3 16 24.031
  3 0  3 17 26.198
  3 0  3 18 25.417
  3 0  3 19 26.303
  3 0  3 20 26.827
  3 0  3 21 26.864
  3 0  3 22 25.643
  3 0  3 23 25.348
  3 0  4  0 28.696
  3 0  4  1 26.057
  3 0  4  2 28.103
  3 0  4  3 24.956
  3 0  4  4 25.298
  3 0  4  5 26.568
  3 0  4  6  0.010
  3 0  4  7 25.921
  3 0  4  8 27.277
  3 0  4  9 26.641
  3 0  4 10 25.965
  3 0  4 11 25.896
  3 0  4 12 25.398
  3 0  4 13 26.409
  3 0  4 14 27.376
  3 0  4 15 26.183
  3 0  4 16 26.833
  3 0  4 17 26.510
  3 0  4 18 25.238
  3 0  4 19 27.676
  3 0  4 20 26.322
  3 0  4 21 27.729
  3 0  4 22 27.256
  3 0  4 23 29.498
  3 0  5  0 27.417
  3 0  5  1 27.070
  3 0  5  2 28.244
  3 0  5  3 28.057
  3 0  5  4 28.635
  3 0  5  5 27.630
  3 0  5  6 25.233
  3 0  5  7 27.582
  3 0  5  8 27.819
  3 0  5  9 28.715
  3 0  5 10 27.620
  3 0  5 11 28.177
  3 0  5 12 27.315
  3 0  5 13 26.890
  3 0  5 14 28.699
  3 0  5 15 26.606
  3 0  5 16 27.371
  3 0  5 17 28.034
  3 0  5 18 28.190
  3 0  5 19 27.994
  3 0  5 20 28.431
  3 0  5 21 27.856
  3 0  5 22 26.756
  3 0  5 23 26.128
  3 0  6  0 24.039
  3 0  6  1 22.447
  3 0  6  2 25.397
  3 0  6  3 26.972
  3 0  6  4 21.954
  3 0  6  5 21.977
  3 0  6  6 19.921
  3 0  6  7 23.485
  3 0  6  8 23.192
  3 0  6  9 25.747
  3 0  6 10 23.377
  3 0  6 11 21.419
  3 0  6 12 20.700
  3 0  6 13 19.543
  3 0  6 14 24.349
  3 0  6 15 23.303
  3 0  6 16 21.090
  3 0  6 17 20.812
  3 0  6 18 21.159
  3 0  6 19 22.747
  3 0  6 20 22.089
  3 0  6 21 26.594
  3 0  6 22 21.207
  3 0  6 23 21.300
  3 0  7  0 24.166
  3 0  7  1 22.860
  3 0  7  2 28.273
  3 0  7  3 25.491
  3 0  7  4 24.548
  3 0  7  5 26.289
  3 0  7  6 24.886
  3 0  7  7 28.125
  3 0  7  8 21.455
  3 0  7  9 23.810
  3 0  7 10 22.454
  3 0  7 11 23.826
  3 0  7 12 26.104
  3 0  7 13 25.874
  3 0  7 14 27.305
  3 0  7 15 25.051
  3 0  7 16 29.035
  3 0  7 17 27.956
  3 0  7 18 27.653
  3 0  7 19 27.780
  3 0  7 20 25.846
  3 0  7 21 26.033
  3 0  7 22 27.159
  3 0  7 23 22.913
  3 0  8  0 27.580
  3 0  8  1 26.555
  3 0  8  2 26.272
  3 0  8  3 26.013
  3 0  8  4 26.773
  3 0  8  5 26.443
  3 0  8  6 26.435
  3 0  8  7  0.010
  3 0  8  8 26.293
  3 0  8  9 26.568
  3 0  8 10 26.118
  3 0  8 11 27.070
  3 0  8 12 25.252
  3 0  8 13 27.867
  3 0  8 14 27.125
  3 0  8 15 25.324
  3 0  8 16 25.795
  3 0  8 17 28.546
  3 0  8 18 24.096
  3 0  8 19 26.896
  3 0  8 20 23.866
  3 0  8 21 24.101
  3 0  8 22 24.476
  3 0  8 23 25.972
  3 0  9  0 27.442
  3 0  9  1 26.070
  3 0  9  2 25.186
  3 0  9  3 24.874
  3 0  9  4 25.964
  3 0  9  5 25.619
  3 0  9  6 24.946
  3 0  9  7 26.426
  3 0  9  8 25.683
  3 0  9  9 26.185
  3 0  9 10 25.552
  3 0  9 11 25.732
  3 0  9 12 24.461
  3 0  9 13 24.058
  3 0  9 14 22.197
  3 0  9 15 24.515
  3 0  9 16 24.206
  3 0  9 17 26.927
  3 0  9 18 25.265
  3 0  9 19 25.016
  3 0  9 20 26.081
  3 0  9 21 23.715
  3 0  9 22 24.855
  3 0  9 23 26.458
  3 0 10  0 27.995
  3 0 10  1 27.707
  3 0 10  2 26.742
  3 0 10  3 28.509
  3 0 10  4 28.873
  3 0 10  5 29.617
  3 0 10  6 29.545
  3 0 10  7 30.258
  3 0 10  8 27.305
  3 0 10  9 27.650
  3 0 10 10 26.203
  3 0 10 11 26.685
  3 0 10 12 25.648
  3 0 10 13 27.307
  3 0 10 14  0.010
  3 0 10 15 24.756
  3 0 10 16 27.747
  3 0 10 17 26.152
  3 0 10 18 26.286
  3 0 10 19 23.805
  3 0 10 20 26.502
  3 0 10 21 26.110
  3 0 10 22 26.319
  3 0 10 23 25.733
  3 1  0  0 24.856
  3 1  0  1 24.691
  3 1  0  2 23.237
  3 1  0  3 24.777
  3 1  0  4 24.639
  3 1  0  5 24.652
  3 1  0  6 24.147
  3 1  0  7 24.682
  3 1  0  8 24.959
  3 1  0  9 23.488
  3 1  0 10 24.610
  3 1  0 11 23.923
  3 1  0 12 24.615
  3 1  0 13 24.881
  3 1  0 14 24.274
  3 1  0 15 24.289
  3 1  0 16 26.139
  3 1  0 17 25.572
  3 1  0 18 24.967
  3 1  0 19 24.721
  3 1  0 20 26.325
  3 1  0 21 25.888
  3 1  0 22 24.199
  3 1  0 23 25.164
  3 1  1  0 24.428
  3 1  1  1 23.684
  3 1  1  2 24.412
  3 1  1  3 25.556
  3 1  1  4 23.856
  3 1  1  5 24.487
  3 1  1  6 24.164
  3 1  1  7 22.890
  3 1  1  8 25.320
  3 1  1  9 23.119
  3 1  1 10 23.621
  3 1  1 11 24.517
  3 1  1 12 23.820
  3 1  1 13 22.919
  3 1  1 14 25.299
  3 1  1 15 24.446
  3 1  1 16 25.366
  3 1  1 17 23.665
  3 1  1 18 25.555
  3 1  1 19 24.415
  3 1  1 20 25.743
  3 1  1 21 23.802
  3 1  1 22 25.187
  3 1  1 23 24.870
  3 1  2  0 23.755
  3 1  2  1 23.574
  3 1  2  2 25.473
  3 1  2  3 24.990
  3 1  2  4 26.153
  3 1  2  5 21.623
  3 1  2  6 24.559
  3 1  2  7 21.255
  3 1  2  8 20.928
  3 1  2  9 21.776
  3 1  2 10 24.601
  3 1  2 11 19.941
  3 1  2 12 22.989
  3 1  2 13 20.034
  3 1  2 14 26.496
  3 1  2 15 23.191
  3 1  2 16 22.165
  3 1  2 17 24.436
  3 1  2 18 24.250
  3 1  2 19 23.629
  3 1  2 20 25.222
  3 1  2 21 25.442
  3 1  2 22 23.394
  3 1  2 23 22.459
  3 1  3  0 25.368
  3 1  3  1 23.796
  3 1  3  2 25.309
  3 1  3  3 23.591
  3 1  3  4 24.034
  3 1  3  5 24.911
  3 1  3  6 22.980
  3 1  3  7 24.475
  3 1  3  8 25.057
  3 1  3  9 23.796
  3 1  3 10 25.688
  3 1  3 11 25.699
  3 1  3 12 24.502
  3 1  3 13 26.059
  3 1  3 14 24.807
  3 1  3 15 23.851
  3 1  3 16 24.652
  3 1  3 17 23.378
  3 1  3 18 24.394
  3 1  3 19 23.618
  3 1  3 20 24.416
  3 1  3 21 23.876
  3 1  3 22 23.042
  3 1  3 23 26.618
  3 1  4  0 25.404
  3 1  4  1 25.917
  3 1  4  2 24.517
  3 1  4  3 25.184
  3 1  4  4 25.650
  3 1  4  5 25.631
  3 1  4  6 23.084
  3 1  4  7 24.507
  3 1  4  8 25.011
  3 1  4  9 23.443
  3 1  4 10 25.648
  3 1  4 11 24.791
  3 1  4 12 22.230
  3 1  4 13 22.454
  3 1  4 14 24.079
  3 1  4 15 22.926
  3 1  4 16 24.613
  3 1  4 17 26.709
  3 1  4 18 25.570
  3 1  4 19 25.395
  3 1  4 20 25.313
  3 1  4 21 24.434
  3 1  4 22 23.492
  3 1  4 23 24.444
  3 1  5  0 24.405
  3 1  5  1 26.009
  3 1  5  2 25.161
  3 1  5  3 24.642
  3 1  5  4 25.082
  3 1  5  5 26.462
  3 1  5  6 25.225
  3 1  5  7 23.902
  3 1  5  8 25.505
  3 1  5  9 25.796
  3 1  5 10 25.821
  3 1  5 11 24.234
  3 1  5 12 22.981
  3 1  5 13 27.556
  3 1  5 14 25.093
  3 1  5 15 23.987
  3 1  5 16 25.188
  3 1  5 17 23.771
  3 1  5 18 24.305
  3 1  5 19 26.047
  3 1  5 20 24.151
  3 1  5 21 26.117
  3 1  5 22 25.914
  3 1  5 23 23.126
  3 1  6  0 24.557
  3 1  6  1 25.431
  3 1  6  2 23.122
  3 1  6  3 25.172
  3 1  6  4 25.361
  3 1  6  5 23.573
  3 1  6  6 24.022
  3 1  6  7 26.418
  3 1  6  8 25.520
  3 1  6  9 26.410
  3 1  6 10 24.334
  3 1  6 11 22.914
  3 1  6 12 22.175
  3 1  6 13 23.492
  3 1  6 14 22.475
  3 1  6 15 21.367
  3 1  6 16 25.414
  3 1  6 17 25.608
  3 1  6 18 24.989
  3 1  6 19 21.383
  3 1  6 20 22.623
  3 1  6 21 25.756
  3 1  6 22 25.653
  3 1  6 23 24.412
  3 1  7  0 26.290
  3 1  7  1 28.290
  3 1  7  2 25.446
  3 1  7  3 25.627
  3 1  7  4 26.927
  3 1  7  5 25.155
  3 1  7  6 24.670
  3 1  7  7 25.053
  3 1  7  8 25.092
  3 1  7  9 26.428
  3 1  7 10 24.370
  3 1  7 11 23.287
  3 1  7 12 27.169
  3 1  7 13 27.417
  3 1  7 14 27.878
  3 1  7 15 27.730
  3 1  7 16 26.789
  3 1  7 17 26.838
  3 1  7 18 26.287
  3 1  7 19 27.859
  3 1  7 20 27.437
  3 1  7 21 26.712
  3 1  7 22 23.926
  3 1  7 23 22.172
  3 1  8  0 25.756
  3 1  8  1 26.021
  3 1  8  2 23.847
  3 1  8  3 26.063
  3 1  8  4 23.683
  3 1  8  5 26.474
  3 1  8  6 26.036
  3 1  8  7 26.734
  3 1  8  8 26.743
  3 1  8  9 26.316
  3 1  8 10 26.723
  3 1  8 11 23.463
  3 1  8 12 23.097
  3 1  8 13 24.195
  3 1  8 14 25.757
  3 1  8 15 23.745
  3 1  8 16 25.861
  3 1  8 17 24.128
  3 1  8 18 25.249
  3 1  8 19 26.705
  3 1  8 20 26.462
  3 1  8 21 26.070
  3 1  8 22 27.161
  3 1  8 23 28.105
  3 1  9  0 23.490
  3 1  9  1 23.246
  3 1  9  2 22.849
  3 1  9  3 22.269
  3 1  9  4 24.168
  3 1  9  5 23.377
  3 1  9  6 23.175
  3 1  9  7 22.074
  3 1  9  8 22.608
  3 1  9  9 24.329
  3 1  9 10 24.957
  3 1  9 11 24.563
  3 1  9 12 24.268
  3 1  9 13 24.265
  3 1  9 14 26.064
  3 1  9 15 23.302
  3 1  9 16 19.752
  3 1  9 17 25.082
  3 1  9 18 27.391
  3 1  9 19 25.192
  3 1  9 20 23.200
  3 1  9 21 23.928
  3 1  9 22 22.524
  3 1  9 23 25.994
  3 1 10  0 23.731
  3 1 10  1 24.507
  3 1 10  2 24.032
  3 1 10  3 24.662
  3 1 10  4 23.151
  3 1 10  5 22.831
  3 1 10  6 23.181
  3 1 10  7 23.330
  3 1 10  8 24.611
  3 1 10  9 24.171
  3 1 10 10 24.525
  3 1 10 11 25.966
  3 1 10 12 24.073
  3 1 10 13 22.826
  3 1 10 14 24.251
  3 1 10 15 23.660
  3 1 10 16 25.129
  3 1 10 17 24.155
  3 1 10 18 23.396
  3 1 10 19 24.662
  3 1 10 20 25.757
  3 1 10 21 24.241
  3 1 10 22 25.510
  3 1 10 23 25.053
 15 0  0  0 20.236
 15 0  0  1 18.431
 15 0  0  2 18.534
 15 0  0  3 22.074
 15 0  0  4 17.151
 15 0  0  5 18.673
 15 0  0  6 21.396
 15 0  0  7 23.924
 15 0  0  8 18.044
 15 0  0  9 17.606
 15 0  0 10 12.410
 15 0  0 11 11.354
 15 0  0 12 13.678
 15 0  0 13  8.610
 15 0  0 14 13.049
 15 0  0 15 13.417
 15 0  0 16 12.005
 15 0  0 17 14.470
 15 0  0 18 11.394
 15 0  0 19  8.602
 15 0  0 20  7.508
 15 0  0 21  5.932
 15 0  0 22  9.262
 15 0  0 23 12.222
 15 0  0 24 15.905
 15 0  0 25 19.791
 15 0  0 26  6.536
 15 0  0 27  4.477
 15 0  0 28  4.846
 15 0  0 29  6.565
 15 0  0 30  4.240
 15 0  0 31  9.379
 15 0  0 32 16.854
 15 0  0 33 17.924
 15 0  0 34 10.769
 15 0  0 35 20.141
 15 0  0 36 17.155
 15 0  0 37  9.548
 15 0  0 38  8.552
 15 0  0 39 18.094
 15 0  1  0 15.546
 15 0  1  1 19.278
 15 0  1  2 18.041
 15 0  1  3 18.878
 15 0  1  4 22.148
 15 0  1  5 19.754
 15 0  1  6 16.821
 15 0  1  7 20.046
 15 0  1  8 20.273
 15 0  1  9 17.872
 15 0  1 10 15.512
 15 0  1 11 20.731
 15 0  1 12 18.341
 15 0  1 13 20.663
 15 0  1 14 19.845
 15 0  1 15 17.045
 15 0  1 16 18.252
 15 0  1 17 20.406
 15 0  1 18 18.537
 15 0  1 19 21.156
 15 0  1 20 22.041
 15 0  1 21 21.528
 15 0  1 22 15.146
 15 0  1 23 20.259
 15 0  1 24 20.852
 15 0  1 25 20.893
 15 0  1 26 20.049
 15 0  1 27 18.104
 15 0  1 28 20.524
 15 0  1 29 19.148
 15 0  1 30 21.043
 15 0  1 31 21.921
 15 0  1 32 20.282
 15 0  1 33 22.108
 15 0  1 34 19.536
 15 0  1 35 22.520
 15 0  1 36 21.283
 15 0  1 37 22.718
 15 0  1 38 21.910
 15 0  1 39 21.587
 15 0  2  0 12.294
 15 0  2  1 19.940
 15 0  2  2 14.781
 15 0  2  3 18.753
 15 0  2  4 19.488
 15 0  2  5 17.164
 15 0  2  6 15.787
 15 0  2  7 14.129
 15 0  2  8 18.610
 15 0  2  9 18.289
 15 0  2 10 14.513
 15 0  2 11 20.304
 15 0  2 12 21.895
 15 0  2 13 20.232
 15 0  2 14 21.929
 15 0  2 15 19.574
 15 0  2 16 17.430
 15 0  2 17 19.155
 15 0  2 18 21.322
 15 0  2 19 19.529
 15 0  2 20 20.358
 15 0  2 21 15.364
 15 0  2 22 18.556
 15 0  2 23 16.625
 15 0  2 24 14.264
 15 0  2 25 20.021
 15 0  2 26 18.677
 15 0  2 27 18.547
 15 0  2 28 14.964
 15 0  2 29 22.805
 15 0  2 30 17.417
 15 0  2 31 19.574
 15 0  2 32 18.573
 15 0  2 33 14.373
 15 0  2 34 18.197
 15 0  2 35 18.861
 15 0  2 36 13.075
 15 0  2 37 15.603
 15 0  2 38 12.808
 15 0  2 39 10.520
 15 0  3  0 19.913
 15 0  3  1 17.545
 15 0  3  2 19.541
 15 0  3  3 19.856
 15 0  3  4 17.481
 15 0  3  5 17.388
 15 0  3  6 18.687
 15 0  3  7 16.438
 15 0  3  8 16.322
 15 0  3  9 15.246
 15 0  3 10 18.548
 15 0  3 11 17.789
 15 0  3 12 18.720
 15 0  3 13 15.902
 15 0  3 14 18.037
 15 0  3 15 18.875
 15 0  3 16 18.375
 15 0  3 17 17.498
 15 0  3 18 17.136
 15 0  3 19 18.799
 15 0  3 20 15.547
 15 0  3 21 19.054
 15 0  3 22 17.919
 15 0  3 23 17.464
 15 0  3 24 20.117
 15 0  3 25 18.449
 15 0  3 26 18.228
 15 0  3 27 19.681
 15 0  3 28 17.591
 15 0  3 29 18.874
 15 0  3 30 17.877
 15 0  3 31 19.384
 15 0  3 32 17.386
 15 0  3 33 17.391
 15 0  3 34 18.699
 15 0  3 35 19.910
 15 0  3 36 20.129
 15 0  3 37 20.251
 15 0  3 38 18.753
 15 0  3 39 19.605
 15 0  4  0  8.853
 15 0  4  1 16.805
 15 0  4  2 16.728
 15 0  4  3 10.093
 15 0  4  4 12.757
 15 0  4  5 16.412
 15 0  4  6 15.546
 15 0  4  7 16.667
 15 0  4  8 15.354
 15 0  4  9 20.295
 15 0  4 10 17.590
 15 0  4 11 16.634
 15 0  4 12 19.903
 15 0  4 13 17.440
 15 0  4 14 15.695
 15 0  4 15 11.565
 15 0  4 16 19.005
 15 0  4 17 18.343
 15 0  4 18 19.042
 15 0  4 19 16.841
 15 0  4 20 15.733
 15 0  4 21 12.051
 15 0  4 22 10.323
 15 0  4 23 17.115
 15 0  4 24 16.864
 15 0  4 25 17.474
 15 0  4 26 16.642
 15 0  4 27 14.944
 15 0  4 28 13.652
 15 0  4 29 15.488
 15 0  4 30 12.895
 15 0  4 31 15.557
 15 0  4 32 16.875
 15 0  4 33 16.735
 15 0  4 34 20.282
 15 0  4 35 15.941
 15 0  4 36 15.995
 15 0  4 37 12.610
 15 0  4 38 14.592
 15 0  4 39 14.139
 15 0  5  0 22.113
 15 0  5  1 19.109
 15 0  5  2 19.499
 15 0  5  3 19.720
 15 0  5  4 21.009
 15 0  5  5 19.958
 15 0  5  6 20.547
 15 0  5  7 17.202
 15 0  5  8 19.587
 15 0  5  9 17.250
 15 0  5 10 22.419
 15 0  5 11 21.202
 15 0  5 12 21.638
 15 0  5 13 20.869
 15 0  5 14 18.014
 15 0  5 15 19.397
 15 0  5 16 18.534
 15 0  5 17 20.127
 15 0  5 18 18.060
 15 0  5 19 18.904
 15 0  5 20 18.994
 15 0  5 21 21.144
 15 0  5 22 21.064
 15 0  5 23 17.206
 15 0  5 24 16.450
 15 0  5 25 13.836
 15 0  5 26 19.900
 15 0  5 27 17.223
 15 0  5 28 17.285
 15 0  5 29 16.765
 15 0  5 30 17.745
 15 0  5 31  0.010
 15 0  5 32 18.176
 15 0  5 33 18.826
 15 0  5 34 19.819
 15 0  5 35 21.840
 15 0  5 36 19.411
 15 0  5 37 19.801
 15 0  5 38 19.930
 15 0  5 39 16.496
 15 0  6  0 16.021
 15 0  6  1 15.832
 15 0  6  2 15.415
 15 0  6  3 20.764
 15 0  6  4 20.312
 15 0  6  5 15.525
 15 0  6  6 17.698
 15 0  6  7 15.629
 15 0  6  8 17.280
 15 0  6  9 17.377
 15 0  6 10 13.366
 15 0  6 11 14.611
 15 0  6 12 12.829
 15 0  6 13 15.345
 15 0  6 14  9.743
 15 0  6 15 15.412
 15 0  6 16 17.593
 15 0  6 17 16.537
 15 0  6 18 19.277
 15 0  6 19 20.653
 15 0  6 20 20.517
 15 0  6 21 15.078
 15 0  6 22 17.388
 15 0  6 23  9.421
 15 0  6 24 14.001
 15 0  6 25 13.538
 15 0  6 26 14.031
 15 0  6 27 13.616
 15 0  6 28 15.221
 15 0  6 29 14.712
 15 0  6 30 14.252
 15 0  6 31 12.930
 15 0  6 32 15.307
 15 0  6 33 19.972
 15 0  6 34 15.874
 15 0  6 35 23.496
 15 0  6 36 16.367
 15 0  6 37 15.788
 15 0  6 38 16.479
 15 0  6 39 14.555
 15 0  7  0 14.986
 15 0  7  1 20.211
 15 0  7  2 20.893
 15 0  7  3 20.830
 15 0  7  4 20.394
 15 0  7  5 19.430
 15 0  7  6 20.159
 15 0  7  7 18.141
 15 0  7  8 12.264
 15 0  7  9 18.553
 15 0  7 10 20.099
 15 0  7 11 21.835
 15 0  7 12 21.914
 15 0  7 13 19.800
 15 0  7 14 20.984
 15 0  7 15 20.134
 15 0  7 16 18.854
 15 0  7 17 19.535
 15 0  7 18 20.435
 15 0  7 19 22.667
 15 0  7 20 23.090
 15 0  7 21 21.004
 15 0  7 22 22.125
 15 0  7 23 20.022
 15 0  7 24 18.616
 15 0  7 25 17.100
 15 0  7 26 18.397
 15 0  7 27 20.118
 15 0  7 28 20.186
 15 0  7 29 19.837
 15 0  7 30 19.290
 15 0  7 31 16.930
 15 0  7 32 17.757
 15 0  7 33 19.725
 15 0  7 34 20.685
 15 0  7 35 20.149
 15 0  7 36 19.504
 15 0  7 37 20.822
 15 0  7 38 20.625
 15 0  7 39 19.085
 15 1  0  0 15.013
 15 1  0  1 16.121
 15 1  0  2 16.267
 15 1  0  3 16.992
 15 1  0  4 17.360
 15 1  0  5 21.478
 15 1  0  6 19.500
 15 1  0  7 15.812
 15 1  0  8 13.823
 15 1  0  9 15.945
 15 1  0 10 16.672
 15 1  0 11 17.185
 15 1  0 12 17.666
 15 1  0 13 17.866
 15 1  0 14 19.815
 15 1  0 15 18.659
 15 1  0 16 16.329
 15 1  0 17 18.025
 15 1  0 18 16.153
 15 1  0 19 19.879
 15 1  0 20 20.071
 15 1  0 21 16.386
 15 1  0 22 15.161
 15 1  0 23 15.861
 15 1  0 24 17.450
 15 1  0 25 16.054
 15 1  0 26 17.128
 15 1  0 27 17.438
 15 1  0 28 16.467
 15 1  0 29 16.951
 15 1  0 30 17.826
 15 1  0 31 17.608
 15 1  0 32 14.678
 15 1  0 33 17.096
 15 1  0 34 15.286
 15 1  0 35 21.919
 15 1  0 36 19.271
 15 1  0 37 15.008
 15 1  0 38 15.083
 15 1  0 39  8.667
 15 1  1  0 18.346
 15 1  1  1 16.940
 15 1  1  2 20.566
 15 1  1  3 20.713
 15 1  1  4 19.880
 15 1  1  5 20.434
 15 1  1  6 20.921
 15 1  1  7 15.266
 15 1  1  8 15.749
 15 1  1  9 18.178
 15 1  1 10 17.852
 15 1  1 11 17.157
 15 1  1 12 16.179
 15 1  1 13 17.534
 15 1  1 14 18.357
 15 1  1 15 15.479
 15 1  1 16 17.470
 15 1  1 17 18.990
 15 1  1 18 18.077
 15 1  1 19 19.062
 15 1  1 20 17.131
 15 1  1 21 21.065
 15 1  1 22 21.176
 15 1  1 23 18.366
 15 1  1 24 16.925
 15 1  1 25 15.556
 15 1  1 26 16.763
 15 1  1 27 19.991
 15 1  1 28 17.680
 15 1  1 29 16.482
 15 1  1 30 16.404
 15 1  1 31 17.686
 15 1  1 32 15.037
 15 1  1 33 15.760
 15 1  1 34 16.432
 15 1  1 35 19.231
 15 1  1 36 15.294
 15 1  1 37 15.997
 15 1  1 38 15.101
 15 1  1 39 15.336
 15 1  2  0 12.192
 15 1  2  1 15.031
 15 1  2  2 17.360
 15 1  2  3 17.320
 15 1  2  4 20.203
 15 1  2  5 16.393
 15 1  2  6 17.797
 15 1  2  7 13.236
 15 1  2  8 18.977
 15 1  2  9 11.895
 15 1  2 10 14.929
 15 1  2 11 18.087
 15 1  2 12 15.239
 15 1  2 13 16.976
 15 1  2 14 15.981
 15 1  2 15 12.026
 15 1  2 16 14.836
 15 1  2 17  0.010
 15 1  2 18 17.979
 15 1  2 19 16.290
 15 1  2 20 16.510
 15 1  2 21 18.362
 15 1  2 22 17.349
 15 1  2 23 12.723
 15 1  2 24 14.027
 15 1  2 25 14.238
 15 1  2 26 17.629
 15 1  2 27 15.404
 15 1  2 28 17.303
 15 1  2 29 14.456
 15 1  2 30 16.146
 15 1  2 31 14.866
 15 1  2 32 17.031
 15 1  2 33 14.650
 15 1  2 34 16.392
 15 1  2 35 16.002
 15 1  2 36 17.673
 15 1  2 37 14.756
 15 1  2 38 17.041
 15 1  2 39 15.801
 15 1  3  0 13.497
 15 1  3  1 18.041
 15 1  3  2 18.681
 15 1  3  3 18.607
 15 1  3  4 16.870
 15 1  3  5 17.889
 15 1  3  6 17.756
 15 1  3  7 15.547
 15 1  3  8 15.018
 15 1  3  9 11.816
 15 1  3 10 17.104
 15 1  3 11 17.405
 15 1  3 12 18.083
 15 1  3 13 16.517
 15 1  3 14 16.772
 15 1  3 15 19.261
 15 1  3 16 16.855
 15 1  3 17 15.074
 15 1  3 18 18.700
 15 1  3 19 18.023
 15 1  3 20 19.121
 15 1  3 21 18.881
 15 1  3 22 15.248
 15 1  3 23 14.819
 15 1  3 24 14.770
 15 1  3 25 15.495
 15 1  3 26 18.601
 15 1  3 27 20.000
 15 1  3 28 18.515
 15 1  3 29 20.311
 15 1  3 30 15.058
 15 1  3 31 16.500
 15 1  3 32 16.519
 15 1  3 33 14.746
 15 1  3 34 17.688
 15 1  3 35 18.508
 15 1  3 36 17.387
 15 1  3 37 18.050
 15 1  3 38 14.898
 15 1  3 39 15.149
 15 1  4  0 19.974
 15 1  4  1 17.276
 15 1  4  2 15.887
 15 1  4  3 17.600
 15 1  4  4 17.794
 15 1  4  5 19.602
 15 1  4  6 16.009
 15 1  4  7 17.785
 15 1  4  8 14.630
 15 1  4  9 16.496
 15 1  4 10 17.339
 15 1  4 11 17.965
 15 1  4 12 17.044
 15 1  4 13 18.655
 15 1  4 14 13.329
 15 1  4 15 16.331
 15 1  4 16 16.102
 15 1  4 17 14.834
 15 1  4 18 19.092
 15 1  4 19  0.010
 15 1  4 20 19.980
 15 1  4 21 19.630
 15 1  4 22 16.485
 15 1  4 23 18.985
 15 1  4 24 16.488
 15 1  4 25 19.171
 15 1  4 26 16.696
 15 1  4 27 18.826
 15 1  4 28 19.636
 15 1  4 29 19.476
 15 1  4 30 17.000
 15 1  4 31 17.159
 15 1  4 32 17.985
 15 1  4 33 16.888
 15 1  4 34 17.295
 15 1  4 35 18.043
 15 1  4 36 17.954
 15 1  4 37 18.398
 15 1  4 38 15.719
 15 1  4 39 15.698
 15 1  5  0 18.728
 15 1  5  1 14.794
 15 1  5  2 20.468
 15 1  5  3 20.388
 15 1  5  4 19.846
 15 1  5  5 18.543
 15 1  5  6 20.908
 15 1  5  7 19.212
 15 1  5  8 11.687
 15 1  5  9 10.334
 15 1  5 10 14.570
 15 1  5 11 16.399
 15 1  5 12 20.620
 15 1  5 13 17.631
 15 1  5 14 20.018
 15 1  5 15 21.251
 15 1  5 16 16.522
 15 1  5 17 17.414
 15 1  5 18 15.869
 15 1  5 19 20.326
 15 1  5 20 18.931
 15 1  5 21 16.557
 15 1  5 22 15.569
 15 1  5 23 19.763
 15 1  5 24 18.364
 15 1  5 25  8.856
 15 1  5 26 18.536
 15 1  5 27 20.561
 15 1  5 28 18.355
 15 1  5 29 19.837
 15 1  5 30 18.148
 15 1  5 31 17.914
 15 1  5 32 19.212
 15 1  5 33 16.078
 15 1  5 34 17.877
 15 1  5 35 19.092
 15 1  5 36 19.206
 15 1  5 37 16.545
 15 1  5 38 14.637
 15 1  5 39 15.771
 15 1  6  0 12.518
 15 1  6  1 16.461
 15 1  6  2 18.249
 15 1  6  3 18.073
 15 1  6  4 18.561
 15 1  6  5 15.802
 15 1  6  6 17.114
 15 1  6  7 18.412
 15 1  6  8 18.577
 15 1  6  9 18.846
 15 1  6 10 19.191
 15 1  6 11 18.168
 15 1  6 12 20.079
 15 1  6 13 18.469
 15 1  6 14 18.415
 15 1  6 15 17.942
 15 1  6 16 18.406
 15 1  6 17 19.984
 15 1  6 18 21.502
 15 1  6 19 20.725
 15 1  6 20 18.209
 15 1  6 21 20.549
 15 1  6 22 18.679
 15 1  6 23 19.192
 15 1  6 24 19.150
 15 1  6 25 19.522
 15 1  6 26 18.942
 15 1  6 27 20.670
 15 1  6 28 20.055
 15 1  6 29 19.875
 15 1  6 30 19.807
 15 1  6 31 20.531
 15 1  6 32 15.497
 15 1  6 33 15.601
 15 1  6 34 19.381
 15 1  6 35 19.505
 15 1  6 36 17.328
 15 1  6 37 17.475
 15 1  6 38 19.628
 15 1  6 39 19.734
 15 1  7  0 10.268
 15 1  7  1 10.840
 15 1  7  2 16.459
 15 1  7  3 18.162
 15 1  7  4 18.902
 15 1  7  5 17.771
 15 1  7  6 16.675
 15 1  7  7 17.046
 15 1  7  8 17.273
 15 1  7  9 16.918
 15 1  7 10 18.747
 15 1  7 11 21.047
 15 1  7 12 20.630
 15 1  7 13 18.140
 15 1  7 14 21.569
 15 1  7 15 15.583
 15 1  7 16 19.729
 15 1  7 17 15.727
 15 1  7 18 17.447
 15 1  7 19 18.073
 15 1  7 20 19.858
 15 1  7 21 16.719
 15 1  7 22 15.674
 15 1  7 23 11.372
 15 1  7 24  6.826
 15 1  7 25 12.006
 15 1  7 26 15.055
 15 1  7 27 21.761
 15 1  7 28 18.726
 15 1  7 29 18.953
 15 1  7 30 17.004
 15 1  7 31 18.898
 15 1  7 32  5.487
 15 1  7 33 12.257
 15 1  7 34 10.883
 15 1  7 35 19.056
 15 1  7 36 19.019
 15 1  7 37 18.809
 15 1  7 38 19.186
 15 1  7 39 13.895
 15 0  0 40 13.950
 15 0  0 41 19.493
 15 0  0 42 18.183
 15 0  0 43 17.147
 15 0  0 44  8.860
 15 0  0 45 18.487
 15 0  0 46 16.861
 15 0  0 47 14.656
 15 0  0 48 13.266
 15 0  0 49 12.509
 15 0  0 50 16.787
 15 0  0 51 15.036
 15 0  0 52 18.255
 15 0  0 53 18.622
 15 0  0 54  3.213
 15 0  0 55  6.566
 15 0  0 56 12.116
 15 0  0 57 19.743
 15 0  0 58 16.506
 15 0  0 59 18.481
 15 0  0 60 15.638
 15 0  0 61 15.154
 15 0  0 62 14.616
 15 0  0 63 17.348
 15 0  0 64 19.865
 15 0  0 65 18.855
 15 0  0 66 19.380
 15 0  0 67 21.020
 15 0  0 68 18.816
 15 0  0 69 18.398
 15 0  0 70 21.375
 15 0  0 71 18.977
 15 0  0 72 18.033
 15 0  0 73 20.066
 15 0  0 74 18.717
 15 0  0 75 20.891
 15 0  0 76 16.819
 15 0  0 77 16.258
 15 0  0 78  5.217
 15 0  0 79 15.300
 15 0  1 40 15.409
 15 0  1 41 18.303
 15 0  1 42 18.228
 15 0  1 43 16.394
 15 0  1 44 20.394
 15 0  1 45 18.692
 15 0  1 46 20.676
 15 0  1 47 19.435
 15 0  1 48 18.535
 15 0  1 49 20.079
 15 0  1 50 19.496
 15 0  1 51 19.605
 15 0  1 52 21.017
 15 0  1 53 20.628
 15 0  1 54 20.049
 15 0  1 55 19.369
 15 0  1 56 20.351
 15 0  1 57 20.229
 15 0  1 58 17.832
 15 0  1 59 14.743
 15 0  1 60 17.473
 15 0  1 61 17.434
 15 0  1 62 17.853
 15 0  1 63 17.232
 15 0  1 64 19.109
 15 0  1 65 20.172
 15 0  1 66 19.945
 15 0  1 67 17.261
 15 0  1 68 17.044
 15 0  1 69 20.958
 15 0  1 70 18.924
 15 0  1 71 19.301
 15 0  1 72 20.195
 15 0  1 73 19.454
 15 0  1 74 18.378
 15 0  1 75 19.293
 15 0  1 76 18.593
 15 0  1 77 19.688
 15 0  1 78 17.830
 15 0  1 79 18.626
 15 0  2 40 14.310
 15 0  2 41 16.450
 15 0  2 42 18.435
 15 0  2 43 16.820
 15 0  2 44 12.207
 15 0  2 45 17.141
 15 0  2 46 17.592
 15 0  2 47 19.436
 15 0  2 48 14.162
 15 0  2 49 15.686
 15 0  2 50 18.762
 15 0  2 51 16.122
 15 0  2 52 13.423
 15 0  2 53 18.610
 15 0  2 54 18.044
 15 0  2 55 17.007
 15 0  2 56 12.756
 15 0  2 57 17.785
 15 0  2 58 20.330
 15 0  2 59 16.520
 15 0  2 60 17.941
 15 0  2 61 18.467
 15 0  2 62 19.275
 15 0  2 63 15.650
 15 0  2 64 18.277
 15 0  2 65 14.995
 15 0  2 66 18.814
 15 0  2 67 20.514
 15 0  2 68 16.404
 15 0  2 69 13.768
 15 0  2 70 17.092
 15 0  2 71 16.477
 15 0  2 72 18.662
 15 0  2 73 18.338
 15 0  2 74 16.106
 15 0  2 75 17.048
 15 0  2 76 18.696
 15 0  2 77 18.848
 15 0  2 78 20.035
 15 0  2 79 16.656
 15 0  3 40 11.888
 15 0  3 41 15.576
 15 0  3 42 14.886
 15 0  3 43 16.142
 15 0  3 44 18.251
 15 0  3 45 19.323
 15 0  3 46 18.818
 15 0  3 47 19.274
 15 0  3 48 14.702
 15 0  3 49 16.087
 15 0  3 50 15.168
 15 0  3 51 15.747
 15 0  3 52 18.907
 15 0  3 53 18.751
 15 0  3 54 18.446
 15 0  3 55 17.543
 15 0  3 56 14.959
 15 0  3 57 19.804
 15 0  3 58 18.898
 15 0  3 59 18.218
 15 0  3 60 18.651
 15 0  3 61 13.360
 15 0  3 62 14.558
 15 0  3 63 12.781
 15 0  3 64 17.442
 15 0  3 65 18.612
 15 0  3 66 18.416
 15 0  3 67 18.726
 15 0  3 68 16.268
 15 0  3 69 18.401
 15 0  3 70 18.571
 15 0  3 71 14.335
 15 0  3 72 19.157
 15 0  3 73 15.953
 15 0  3 74 15.212
 15 0  3 75 18.257
 15 0  3 76 18.133
 15 0  3 77 15.672
 15 0  3 78 16.230
 15 0  3 79 19.151
 15 0  4 40  5.291
 15 0  4 41 18.918
 15 0  4 42 19.630
 15 0  4 43 21.723
 15 0  4 44 14.734
 15 0  4 45 17.895
 15 0  4 46 17.512
 15 0  4 47 18.349
 15 0  4 48 15.762
 15 0  4 49 18.779
 15 0  4 50 15.344
 15 0  4 51 15.170
 15 0  4 52 17.992
 15 0  4 53 16.834
 15 0  4 54 15.843
 15 0  4 55 13.431
 15 0  4 56 12.135
 15 0  4 57 14.061
 15 0  4 58 17.135
 15 0  4 59 15.792
 15 0  4 60  8.692
 15 0  4 61 19.896
 15 0  4 62 20.050
 15 0  4 63 19.652
 15 0  4 64 19.337
 15 0  4 65 21.220
 15 0  4 66 19.813
 15 0  4 67 19.865
 15 0  4 68 18.033
 15 0  4 69 17.909
 15 0  4 70 16.997
 15 0  4 71 13.463
 15 0  4 72 15.837
 15 0  4 73 17.292
 15 0  4 74 15.704
 15 0  4 75 14.019
 15 0  4 76 16.307
 15 0  4 77 17.086
 15 0  4 78 18.332
 15 0  4 79 16.783
 15 0  5 40 16.993
 15 0  5 41 19.284
 15 0  5 42 20.148
 15 0  5 43 18.791
 15 0  5 44 19.679
 15 0  5 45 19.671
 15 0  5 46 21.430
 15 0  5 47 21.465
 15 0  5 48 18.481
 15 0  5 49 20.622
 15 0  5 50 18.987
 15 0  5 51 21.658
 15 0  5 52 17.851
 15 0  5 53 17.613
 15 0  5 54 16.833
 15 0  5 55 16.275
 15 0  5 56  8.731
 15 0  5 57 18.459
 15 0  5 58 18.650
 15 0  5 59 14.157
 15 0  5 60 20.350
 15 0  5 61 18.604
 15 0  5 62 18.874
 15 0  5 63 19.489
 15 0  5 64 20.481
 15 0  5 65 21.784
 15 0  5 66 18.421
 15 0  5 67 19.169
 15 0  5 68 20.536
 15 0  5 69 18.286
 15 0  5 70 22.491
 15 0  5 71 16.254
 15 0  5 72 17.261
 15 0  5 73 18.789
 15 0  5 74 15.897
 15 0  5 75 14.582
 15 0  5 76 17.915
 15 0  5 77 17.068
 15 0  5 78 20.045
 15 0  5 79 20.700
 15 0  6 40 15.988
 15 0  6 41 20.616
 15 0  6 42 20.605
 15 0  6 43 19.640
 15 0  6 44  9.294
 15 0  6 45 18.060
 15 0  6 46 18.094
 15 0  6 47 15.723
 15 0  6 48 18.735
 15 0  6 49 20.131
 15 0  6 50 22.576
 15 0  6 51 18.533
 15 0  6 52 16.558
 15 0  6 53 17.188
 15 0  6 54 15.352
 15 0  6 55 17.031
 15 0  6 56 14.145
 15 0  6 57 18.737
 15 0  6 58 17.432
 15 0  6 59 16.231
 15 0  6 60 15.756
 15 0  6 61 18.332
 15 0  6 62 19.630
 15 0  6 63 16.413
 15 0  6 64 17.999
 15 0  6 65 17.789
 15 0  6 66 18.409
 15 0  6 67 18.759
 15 0  6 68 18.735
 15 0  6 69 17.760
 15 0  6 70 19.556
 15 0  6 71 18.188
 15 0  6 72 17.450
 15 0  6 73 18.384
 15 0  6 74 17.762
 15 0  6 75 19.603
 15 0  6 76 18.065
 15 0  6 77 16.004
 15 0  6 78 18.261
 15 0  6 79 16.363
 15 0  7 40 17.046
 15 0  7 41 21.265
 15 0  7 42 18.424
 15 0  7 43 18.990
 15 0  7 44 20.957
 15 0  7 45 20.110
 15 0  7 46 20.628
 15 0  7 47 18.713
 15 0  7 48 19.623
 15 0  7 49 21.241
 15 0  7 50 19.056
 15 0  7 51 18.820
 15 0  7 52 17.643
 15 0  7 53 19.797
 15 0  7 54 17.827
 15 0  7 55 17.646
 15 0  7 56 19.864
 15 0  7 57 19.276
 15 0  7 58 20.781
 15 0  7 59 17.121
 15 0  7 60 18.848
 15 0  7 61  2.750
 15 0  7 62 15.659
 15 0  7 63 13.051
 15 0  7 64 15.600
 15 0  7 65 16.889
 15 0  7 66 15.895
 15 0  7 67 17.216
 15 0  7 68 17.906
 15 0  7 69 19.192
 15 0  7 70 18.049
 15 0  7 71 17.590
 15 0  7 72 15.033
 15 0  7 73 17.198
 15 0  7 74 18.310
 15 0  7 75  0.010
 15 0  7 76 17.720
 15 0  7 77 18.240
 15 0  7 78 18.816
 15 0  7 79  2.952
 15 1  0 40 13.426
 15 1  0 41 15.406
 15 1  0 42 16.285
 15 1  0 43 15.894
 15 1  0 44 15.381
 15 1  0 45 14.721
 15 1  0 46 14.397
 15 1  0 47 13.798
 15 1  0 48 13.941
 15 1  0 49 13.367
 15 1  0 50 14.788
 15 1  0 51 14.114
 15 1  0 52 14.474
 15 1  0 53 14.679
 15 1  0 54 10.730
 15 1  0 55 15.289
 15 1  0 56 16.121
 15 1  0 57 15.220
 15 1  0 58 15.882
 15 1  0 59 13.135
 15 1  0 60 12.664
 15 1  0 61 14.708
 15 1  0 62 14.680
 15 1  0 63 14.517
 15 1  0 64 15.114
 15 1  0 65 15.677
 15 1  0 66 14.063
 15 1  0 67 13.665
 15 1  0 68 13.190
 15 1  0 69 13.525
 15 1  0 70 14.956
 15 1  0 71 15.196
 15 1  0 72 15.047
 15 1  0 73 15.014
 15 1  0 74  0.010
 15 1  0 75 15.280
 15 1  0 76 15.180
 15 1  0 77 15.176
 15 1  0 78 14.773
 15 1  0 79 13.473
 15 1  1 40 13.744
 15 1  1 41 14.734
 15 1  1 42 14.365
 15 1  1 43 13.274
 15 1  1 44 14.927
 15 1  1 45 15.386
 15 1  1 46 14.792
 15 1  1 47 14.855
 15 1  1 48 13.778
 15 1  1 49 14.548
 15 1  1 50 15.024
 15 1  1 51 14.878
 15 1  1 52 13.303
 15 1  1 53 14.504
 15 1  1 54 15.116
 15 1  1 55 14.077
 15 1  1 56 15.121
 15 1  1 57 15.779
 15 1  1 58 13.978
 15 1  1 59 11.845
 15 1  1 60 11.579
 15 1  1 61 14.597
 15 1  1 62 15.753
 15 1  1 63 13.841
 15 1  1 64 14.775
 15 1  1 65 14.722
 15 1  1 66 15.291
 15 1  1 67 15.288
 15 1  1 68 12.596
 15 1  1 69 14.550
 15 1  1 70 13.441
 15 1  1 71 14.016
 15 1  1 72 13.280
 15 1  1 73 13.744
 15 1  1 74 12.222
 15 1  1 75 12.478
 15 1  1 76 13.046
 15 1  1 77 14.545
 15 1  1 78 13.043
 15 1  1 79 12.273
 15 1  2 40  5.674
 15 1  2 41 14.418
 15 1  2 42 14.175
 15 1  2 43 13.055
 15 1  2 44  8.960
 15 1  2 45 14.935
 15 1  2 46 11.201
 15 1  2 47 12.704
 15 1  2 48 11.198
 15 1  2 49 14.422
 15 1  2 50  0.010
 15 1  2 51 14.397
 15 1  2 52 10.467
 15 1  2 53 14.594
 15 1  2 54 14.904
 15 1  2 55 14.349
 15 1  2 56 13.715
 15 1  2 57 15.272
 15 1  2 58 15.371
 15 1  2 59 13.487
 15 1  2 60 13.395
 15 1  2 61 13.840
 15 1  2 62 14.953
 15 1  2 63 13.454
 15 1  2 64 14.886
 15 1  2 65 13.203
 15 1  2 66 13.177
 15 1  2 67 12.387
 15 1  2 68 14.168
 15 1  2 69 14.899
 15 1  2 70 15.824
 15 1  2 71 17.047
 15 1  2 72 13.114
 15 1  2 73 14.373
 15 1  2 74 13.487
 15 1  2 75  0.010
 15 1  2 76 12.620
 15 1  2 77 14.359
 15 1  2 78 13.705
 15 1  2 79 11.972
 15 1  3 40 12.930
 15 1  3 41 15.936
 15 1  3 42 14.284
 15 1  3 43 14.343
 15 1  3 44 12.073
 15 1  3 45 15.204
 15 1  3 46 13.652
 15 1  3 47 13.951
 15 1  3 48 12.305
 15 1  3 49 15.636
 15 1  3 50  0.010
 15 1  3 51 14.125
 15 1  3 52 12.020
 15 1  3 53 16.323
 15 1  3 54 14.263
 15 1  3 55 15.709
 15 1  3 56 11.811
 15 1  3 57 15.370
 15 1  3 58 13.894
 15 1  3 59 14.623
 15 1  3 60 10.506
 15 1  3 61 12.910
 15 1  3 62 15.399
 15 1  3 63 10.194
 15 1  3 64 13.642
 15 1  3 65 16.288
 15 1  3 66 15.338
 15 1  3 67  3.973
 15 1  3 68 14.096
 15 1  3 69 17.264
 15 1  3 70 16.139
 15 1  3 71 13.850
 15 1  3 72 12.941
 15 1  3 73 16.418
 15 1  3 74 10.792
 15 1  3 75  8.443
 15 1  3 76 15.231
 15 1  3 77 16.092
 15 1  3 78 15.154
 15 1  3 79  7.800
 15 1  4 40 15.072
 15 1  4 41 15.175
 15 1  4 42 14.900
 15 1  4 43 14.646
 15 1  4 44 14.478
 15 1  4 45 16.550
 15 1  4 46 14.708
 15 1  4 47 14.600
 15 1  4 48 15.892
 15 1  4 49 15.571
 15 1  4 50 13.841
 15 1  4 51 14.625
 15 1  4 52 12.837
 15 1  4 53 14.643
 15 1  4 54 14.942
 15 1  4 55 14.414
 15 1  4 56 11.013
 15 1  4 57 12.894
 15 1  4 58 13.628
 15 1  4 59 14.540
 15 1  4 60 15.353
 15 1  4 61 14.623
 15 1  4 62 14.782
 15 1  4 63 12.714
 15 1  4 64 14.363
 15 1  4 65 14.233
 15 1  4 66 15.177
 15 1  4 67  8.238
 15 1  4 68 13.041
 15 1  4 69 14.339
 15 1  4 70 14.497
 15 1  4 71 16.292
 15 1  4 72 11.158
 15 1  4 73 15.190
 15 1  4 74 13.587
 15 1  4 75 11.721
 15 1  4 76 14.618
 15 1  4 77 14.504
 15 1  4 78 15.387
 15 1  4 79 15.644
 15 1  5 40 15.169
 15 1  5 41 15.095
 15 1  5 42 15.282
 15 1  5 43 13.431
 15 1  5 44 11.528
 15 1  5 45 15.460
 15 1  5 46 14.637
 15 1  5 47 14.401
 15 1  5 48 15.114
 15 1  5 49 14.762
 15 1  5 50 12.762
 15 1  5 51 14.183
 15 1  5 52 11.023
 15 1  5 53 14.932
 15 1  5 54 14.785
 15 1  5 55 15.067
 15 1  5 56 12.223
 15 1  5 57 14.541
 15 1  5 58 14.011
 15 1  5 59 12.784
 15 1  5 60 14.127
 15 1  5 61 15.087
 15 1  5 62 15.016
 15 1  5 63 10.478
 15 1  5 64 13.097
 15 1  5 65 13.534
 15 1  5 66 15.053
 15 1  5 67 12.516
 15 1  5 68 12.604
 15 1  5 69 13.893
 15 1  5 70 15.414
 15 1  5 71  8.228
 15 1  5 72 13.548
 15 1  5 73 14.041
 15 1  5 74 15.098
 15 1  5 75  8.131
 15 1  5 76 12.100
 15 1  5 77 13.473
 15 1  5 78 14.130
 15 1  5 79 14.325
 15 1  6 40  8.444
 15 1  6 41 15.507
 15 1  6 42 14.100
 15 1  6 43 15.483
 15 1  6 44 13.323
 15 1  6 45 11.146
 15 1  6 46 15.646
 15 1  6 47 15.014
 15 1  6 48 14.962
 15 1  6 49 14.677
 15 1  6 50 15.644
 15 1  6 51 15.429
 15 1  6 52 13.342
 15 1  6 53 14.800
 15 1  6 54 16.163
 15 1  6 55 13.591
 15 1  6 56 13.337
 15 1  6 57 13.901
 15 1  6 58 15.047
 15 1  6 59 14.812
 15 1  6 60 13.527
 15 1  6 61 14.613
 15 1  6 62 14.646
 15 1  6 63 12.624
 15 1  6 64 13.334
 15 1  6 65 15.503
 15 1  6 66 14.944
 15 1  6 67 12.204
 15 1  6 68 14.499
 15 1  6 69 15.012
 15 1  6 70 15.585
 15 1  6 71  9.906
 15 1  6 72 14.587
 15 1  6 73 15.150
 15 1  6 74 15.922
 15 1  6 75 12.800
 15 1  6 76 12.913
 15 1  6 77 15.411
 15 1  6 78 15.587
 15 1  6 79 14.607
 15 1  7 40 11.426
 15 1  7 41 14.628
 15 1  7 42 14.619
 15 1  7 43 14.710
 15 1  7 44 12.526
 15 1  7 45 14.180
 15 1  7 46 14.363
 15 1  7 47  9.704
 15 1  7 48 15.248
 15 1  7 49 14.772
 15 1  7 50 15.994
 15 1  7 51 13.045
 15 1  7 52 13.238
 15 1  7 53 14.865
 15 1  7 54 14.807
 15 1  7 55 13.962
 15 1  7 56 11.299
 15 1  7 57 14.372
 15 1  7 58 15.764
 15 1  7 59 13.718
 15 1  7 60  8.947
 15 1  7 61 14.210
 15 1  7 62 12.299
 15 1  7 63  8.570
 15 1  7 64  5.693
 15 1  7 65 14.801
 15 1  7 66 15.064
 15 1  7 67 11.954
 15 1  7 68 16.399
 15 1  7 69 15.561
 15 1  7 70 11.684
 15 1  7 71  5.348
 15 1  7 72 13.545
 15 1  7 73 15.054
 15 1  7 74 12.924
 15 1  7 75  6.591
 15 1  7 76 11.290
 15 1  7 77 16.002
 15 1  7 78  9.132
 15 1  7 79  8.046
 21 0  0  0 10.882
 21 0  0  1 11.749
 21 0  0  2 11.328
 21 0  0  3  9.505
 21 0  0  4  9.698
 21 0  0  5  9.788
 21 0  0  6  9.315
 21 0  0  7  9.561
 21 0  0  8  9.703
 21 0  0  9 10.594
 21 0  0 10  9.325
 21 0  0 11  8.979
 21 0  0 12 10.409
 21 0  0 13 12.658
 21 0  0 14  8.952
 21 0  0 15  8.956
 21 0  0 16  5.781
 21 0  0 17  8.692
 21 0  0 18 10.061
 21 0  0 19  8.904
 21 0  0 20  9.324
 21 0  0 21  9.720
 21 0  0 22  8.638
 21 0  0 23 10.488
 21 0  0 24  9.823
 21 0  0 25 10.839
 21 0  0 26  9.372
 21 0  0 27 12.494
 21 0  0 28 10.457
 21 0  0 29 11.738
 21 0  0 30  9.483
 21 0  0 31  9.936
 21 0  0 32  9.404
 21 0  0 33 10.340
 21 0  0 34 10.314
 21 0  0 35 11.380
 21 0  0 36 11.732
 21 0  0 37 10.019
 21 0  0 38  8.955
 21 0  0 39  9.318
 21 0  1  0  9.888
 21 0  1  1  9.390
 21 0  1  2  8.095
 21 0  1  3  9.355
 21 0  1  4  8.286
 21 0  1  5  8.075
 21 0  1  6  9.640
 21 0  1  7  9.865
 21 0  1  8 11.929
 21 0  1  9 11.798
 21 0  1 10 11.066
 21 0  1 11 10.646
 21 0  1 12 10.383
 21 0  1 13  8.904
 21 0  1 14  8.692
 21 0  1 15 10.542
 21 0  1 16 10.697
 21 0  1 17  7.674
 21 0  1 18 10.415
 21 0  1 19  9.391
 21 0  1 20  9.169
 21 0  1 21 10.572
 21 0  1 22  9.863
 21 0  1 23  7.373
 21 0  1 24  9.216
 21 0  1 25 10.213
 21 0  1 26 10.591
 21 0  1 27 10.111
 21 0  1 28 11.314
 21 0  1 29 10.327
 21 0  1 30 10.567
 21 0  1 31 10.716
 21 0  1 32 10.918
 21 0  1 33  8.596
 21 0  1 34  8.014
 21 0  1 35 10.599
 21 0  1 36  3.601
 21 0  1 37 10.750
 21 0  1 38 10.872
 21 0  1 39  7.826
 21 0  2  0  9.285
 21 0  2  1 10.953
 21 0  2  2 10.611
 21 0  2  3 10.683
 21 0  2  4 10.723
 21 0  2  5 11.265
 21 0  2  6 10.627
 21 0  2  7 11.345
 21 0  2  8 11.033
 21 0  2  9 11.612
 21 0  2 10 11.363
 21 0  2 11 10.693
 21 0  2 12 10.194
 21 0  2 13 10.462
 21 0  2 14 11.090
 21 0  2 15 10.544
 21 0  2 16 11.543
 21 0  2 17 11.239
 21 0  2 18 12.084
 21 0  2 19 10.287
 21 0  2 20  9.347
 21 0  2 21  9.860
 21 0  2 22 11.163
 21 0  2 23  7.985
 21 0  2 24 11.934
 21 0  2 25 11.944
 21 0  2 26 10.595
 21 0  2 27 11.152
 21 0  2 28  9.580
 21 0  2 29 10.528
 21 0  2 30 10.330
 21 0  2 31 10.443
 21 0  2 32 11.271
 21 0  2 33 11.291
 21 0  2 34 11.996
 21 0  2 35 10.610
 21 0  2 36  9.612
 21 0  2 37 10.111
 21 0  2 38 10.702
 21 0  2 39  9.781
 21 0  3  0 10.228
 21 0  3  1  9.644
 21 0  3  2  9.067
 21 0  3  3  8.833
 21 0  3  4  9.674
 21 0  3  5  9.229
 21 0  3  6  9.989
 21 0  3  7 10.497
 21 0  3  8  8.862
 21 0  3  9  9.787
 21 0  3 10 10.137
 21 0  3 11  8.861
 21 0  3 12  7.851
 21 0  3 13  9.096
 21 0  3 14  8.444
 21 0  3 15  8.458
 21 0  3 16  9.584
 21 0  3 17 10.012
 21 0  3 18  9.258
 21 0  3 19  8.946
 21 0  3 20 10.684
 21 0  3 21  9.465
 21 0  3 22 10.666
 21 0  3 23 10.482
 21 0  3 24  7.879
 21 0  3 25 10.545
 21 0  3 26  9.638
 21 0  3 27  9.990
 21 0  3 28 10.362
 21 0  3 29  9.487
 21 0  3 30 11.907
 21 0  3 31 11.641
 21 0  3 32 10.652
 21 0  3 33 11.130
 21 0  3 34  9.644
 21 0  3 35 11.501
 21 0  3 36 10.420
 21 0  3 37  9.699
 21 0  3 38  8.012
 21 0  3 39  7.907
 21 0  4  0 10.530
 21 0  4  1  9.953
 21 0  4  2  9.616
 21 0  4  3  9.484
 21 0  4  4  8.839
 21 0  4  5  9.632
 21 0  4  6  8.458
 21 0  4  7  8.488
 21 0  4  8 11.003
 21 0  4  9 10.450
 21 0  4 10 10.742
 21 0  4 11 11.579
 21 0  4 12 10.182
 21 0  4 13 10.258
 21 0  4 14 11.096
 21 0  4 15 10.068
 21 0  4 16 10.788
 21 0  4 17  8.056
 21 0  4 18  8.163
 21 0  4 19  8.849
 21 0  4 20  8.645
 21 0  4 21  8.825
 21 0  4 22  8.738
 21 0  4 23  8.679
 21 0  4 24  8.619
 21 0  4 25 10.752
 21 0  4 26 10.660
 21 0  4 27  9.636
 21 0  4 28 11.053
 21 0  4 29  9.946
 21 0  4 30  8.368
 21 0  4 31 10.088
 21 0  4 32  9.656
 21 0  4 33  8.975
 21 0  4 34 11.256
 21 0  4 35  8.141
 21 0  4 36  8.124
 21 0  4 37  9.147
 21 0  4 38  8.284
 21 0  4 39  9.473
 21 0  5  0  9.407
 21 0  5  1 10.272
 21 0  5  2 11.179
 21 0  5  3 10.530
 21 0  5  4 10.029
 21 0  5  5 11.031
 21 0  5  6  9.976
 21 0  5  7 11.067
 21 0  5  8 10.225
 21 0  5  9 11.273
 21 0  5 10 10.537
 21 0  5 11 11.158
 21 0  5 12 12.409
 21 0  5 13 11.095
 21 0  5 14 10.578
 21 0  5 15  9.924
 21 0  5 16 10.275
 21 0  5 17 10.909
 21 0  5 18 11.502
 21 0  5 19  8.572
 21 0  5 20  9.060
 21 0  5 21  9.803
 21 0  5 22 11.441
 21 0  5 23  8.148
 21 0  5 24  8.949
 21 0  5 25 10.683
 21 0  5 26 10.805
 21 0  5 27 10.774
 21 0  5 28 11.773
 21 0  5 29 10.453
 21 0  5 30 10.499
 21 0  5 31 10.297
 21 0  5 32  9.756
 21 0  5 33  8.900
 21 0  5 34  9.960
 21 0  5 35  9.473
 21 0  5 36  8.422
 21 0  5 37  9.115
 21 0  5 38  8.239
 21 0  5 39  7.954
 21 0  6  0  9.405
 21 0  6  1 10.582
 21 0  6  2  9.939
 21 0  6  3  9.854
 21 0  6  4  9.269
 21 0  6  5  9.124
 21 0  6  6  9.505
 21 0  6  7  9.158
 21 0  6  8  8.518
 21 0  6  9 10.288
 21 0  6 10 10.840
 21 0  6 11  9.971
 21 0  6 12 10.460
 21 0  6 13 10.707
 21 0  6 14  9.866
 21 0  6 15 10.886
 21 0  6 16  9.091
 21 0  6 17 10.161
 21 0  6 18 10.521
 21 0  6 19  9.585
 21 0  6 20 10.772
 21 0  6 21 10.271
 21 0  6 22 10.814
 21 0  6 23  9.225
 21 0  6 24  9.285
 21 0  6 25 11.263
 21 0  6 26 11.096
 21 0  6 27 11.749
 21 0  6 28  9.395
 21 0  6 29 10.282
 21 0  6 30 12.314
 21 0  6 31  8.654
 21 0  6 32 11.014
 21 0  6 33 10.871
 21 0  6 34  9.726
 21 0  6 35 11.245
 21 0  6 36 11.811
 21 0  6 37 10.690
 21 0  6 38 11.174
 21 0  6 39  9.125
 21 0  7  0  8.843
 21 0  7  1 10.394
 21 0  7  2  9.405
 21 0  7  3 10.672
 21 0  7  4 10.844
 21 0  7  5 10.384
 21 0  7  6 10.191
 21 0  7  7 10.139
 21 0  7  8 10.290
 21 0  7  9  9.517
 21 0  7 10  8.610
 21 0  7 11 10.009
 21 0  7 12 10.035
 21 0  7 13  9.956
 21 0  7 14 10.222
 21 0  7 15 10.449
 21 0  7 16  9.358
 21 0  7 17 10.893
 21 0  7 18 11.441
 21 0  7 19 10.732
 21 0  7 20 10.305
 21 0  7 21 10.071
 21 0  7 22  9.543
 21 0  7 23 11.189
 21 0  7 24 10.974
 21 0  7 25 10.910
 21 0  7 26 11.452
 21 0  7 27 10.487
 21 0  7 28 10.641
 21 0  7 29 10.739
 21 0  7 30 10.465
 21 0  7 31  9.225
 21 0  7 32 11.724
 21 0  7 33 11.416
 21 0  7 34 10.597
 21 0  7 35 10.780
 21 0  7 36  8.706
 21 0  7 37  9.647
 21 0  7 38  8.760
 21 0  7 39  9.388
 21 1  0  0  7.078
 21 1  0  1  8.994
 21 1  0  2  9.925
 21 1  0  3  9.510
 21 1  0  4 10.227
 21 1  0  5 10.400
 21 1  0  6  9.455
 21 1  0  7 10.217
 21 1  0  8 11.178
 21 1  0  9 10.693
 21 1  0 10  9.667
 21 1  0 11 11.889
 21 1  0 12 10.755
 21 1  0 13 10.717
 21 1  0 14  9.746
 21 1  0 15 11.306
 21 1  0 16  9.505
 21 1  0 17  9.881
 21 1  0 18 10.676
 21 1  0 19  9.675
 21 1  0 20  9.828
 21 1  0 21 10.497
 21 1  0 22  8.107
 21 1  0 23  9.542
 21 1  0 24  9.979
 21 1  0 25 11.580
 21 1  0 26 11.385
 21 1  0 27 10.056
 21 1  0 28 10.047
 21 1  0 29  9.140
 21 1  0 30 11.077
 21 1  0 31 10.932
 21 1  0 32 10.231
 21 1  0 33 10.447
 21 1  0 34  9.970
 21 1  0 35  9.003
 21 1  0 36  8.249
 21 1  0 37  9.300
 21 1  0 38  9.039
 21 1  0 39  9.191
 21 1  1  0  9.938
 21 1  1  1  9.518
 21 1  1  2 11.117
 21 1  1  3  9.718
 21 1  1  4  8.270
 21 1  1  5 10.211
 21 1  1  6  8.951
 21 1  1  7  9.691
 21 1  1  8 11.947
 21 1  1  9 12.842
 21 1  1 10 11.417
 21 1  1 11 10.841
 21 1  1 12 10.436
 21 1  1 13 10.044
 21 1  1 14  9.450
 21 1  1 15 11.100
 21 1  1 16  9.895
 21 1  1 17 10.791
 21 1  1 18  9.973
 21 1  1 19 10.995
 21 1  1 20  9.911
 21 1  1 21  9.274
 21 1  1 22 10.688
 21 1  1 23  7.945
 21 1  1 24  9.499
 21 1  1 25 10.141
 21 1  1 26 10.113
 21 1  1 27 10.897
 21 1  1 28 11.241
 21 1  1 29 11.112
 21 1  1 30 10.074
 21 1  1 31 10.257
 21 1  1 32 10.577
 21 1  1 33 10.499
 21 1  1 34 10.926
 21 1  1 35 10.353
 21 1  1 36 10.941
 21 1  1 37 11.124
 21 1  1 38 10.084
 21 1  1 39  9.998
 21 1  2  0  7.443
 21 1  2  1 11.012
 21 1  2  2  8.990
 21 1  2  3  5.884
 21 1  2  4 10.338
 21 1  2  5  8.742
 21 1  2  6  8.192
 21 1  2  7 10.708
 21 1  2  8  8.741
 21 1  2  9  9.187
 21 1  2 10  8.428
 21 1  2 11  9.954
 21 1  2 12  6.690
 21 1  2 13  9.185
 21 1  2 14  8.622
 21 1  2 15  9.070
 21 1  2 16  8.079
 21 1  2 17 10.616
 21 1  2 18  8.355
 21 1  2 19  9.268
 21 1  2 20  9.321
 21 1  2 21  9.796
 21 1  2 22 10.945
 21 1  2 23 10.143
 21 1  2 24  9.223
 21 1  2 25  9.868
 21 1  2 26 10.016
 21 1  2 27 12.011
 21 1  2 28  9.900
 21 1  2 29  9.930
 21 1  2 30 10.053
 21 1  2 31  5.563
 21 1  2 32 12.171
 21 1  2 33  9.880
 21 1  2 34  9.306
 21 1  2 35 10.228
 21 1  2 36  9.876
 21 1  2 37  8.112
 21 1  2 38 11.014
 21 1  2 39  9.875
 21 1  3  0  8.185
 21 1  3  1 10.545
 21 1  3  2 11.995
 21 1  3  3  9.112
 21 1  3  4 11.131
 21 1  3  5  9.207
 21 1  3  6  9.775
 21 1  3  7  8.551
 21 1  3  8  9.260
 21 1  3  9  8.616
 21 1  3 10  9.795
 21 1  3 11  9.762
 21 1  3 12 10.004
 21 1  3 13 10.008
 21 1  3 14 10.211
 21 1  3 15  8.017
 21 1  3 16  9.578
 21 1  3 17  9.085
 21 1  3 18 10.258
 21 1  3 19  9.151
 21 1  3 20  9.081
 21 1  3 21  9.154
 21 1  3 22  8.608
 21 1  3 23  9.024
 21 1  3 24 10.228
 21 1  3 25 10.396
 21 1  3 26  8.742
 21 1  3 27 10.449
 21 1  3 28 10.435
 21 1  3 29 10.001
 21 1  3 30 10.466
 21 1  3 31 11.001
 21 1  3 32 12.159
 21 1  3 33  8.377
 21 1  3 34 10.014
 21 1  3 35  9.913
 21 1  3 36  7.269
 21 1  3 37  8.355
 21 1  3 38  9.668
 21 1  3 39  9.708
 21 1  4  0  9.823
 21 1  4  1 11.490
 21 1  4  2  9.730
 21 1  4  3 11.264
 21 1  4  4 11.717
 21 1  4  5 10.907
 21 1  4  6 11.548
 21 1  4  7 10.559
 21 1  4  8  9.612
 21 1  4  9 11.321
 21 1  4 10 10.261
 21 1  4 11  9.136
 21 1  4 12 11.555
 21 1  4 13 10.784
 21 1  4 14 10.418
 21 1  4 15 11.463
 21 1  4 16  9.929
 21 1  4 17 11.408
 21 1  4 18 10.220
 21 1  4 19 11.059
 21 1  4 20  9.273
 21 1  4 21  9.240
 21 1  4 22 10.017
 21 1  4 23 10.890
 21 1  4 24  8.843
 21 1  4 25  9.527
 21 1  4 26  9.500
 21 1  4 27 11.273
 21 1  4 28  9.800
 21 1  4 29  9.499
 21 1  4 30  8.702
 21 1  4 31 10.548
 21 1  4 32  7.636
 21 1  4 33  9.447
 21 1  4 34  8.869
 21 1  4 35  9.149
 21 1  4 36  9.676
 21 1  4 37  8.906
 21 1  4 38  9.600
 21 1  4 39 10.866
 21 1  5  0 11.305
 21 1  5  1 11.266
 21 1  5  2 11.428
 21 1  5  3  9.540
 21 1  5  4  9.753
 21 1  5  5  9.466
 21 1  5  6  9.612
 21 1  5  7  9.419
 21 1  5  8 10.455
 21 1  5  9 11.490
 21 1  5 10 10.161
 21 1  5 11 12.155
 21 1  5 12  8.951
 21 1  5 13  9.381
 21 1  5 14  9.900
 21 1  5 15 11.815
 21 1  5 16 10.539
 21 1  5 17 10.982
 21 1  5 18 11.866
 21 1  5 19  9.692
 21 1  5 20 11.199
 21 1  5 21 11.166
 21 1  5 22  9.494
 21 1  5 23 11.309
 21 1  5 24 10.952
 21 1  5 25 11.191
 21 1  5 26 10.687
 21 1  5 27 11.790
 21 1  5 28 11.530
 21 1  5 29  9.426
 21 1  5 30 11.280
 21 1  5 31 11.368
 21 1  5 32  9.761
 21 1  5 33 10.336
 21 1  5 34 11.143
 21 1  5 35  9.111
 21 1  5 36  9.927
 21 1  5 37  9.141
 21 1  5 38  7.473
 21 1  5 39 10.220
 21 1  6  0  7.041
 21 1  6  1  8.435
 21 1  6  2  6.621
 21 1  6  3  9.796
 21 1  6  4  8.080
 21 1  6  5 10.362
 21 1  6  6  9.839
 21 1  6  7  9.745
 21 1  6  8  8.692
 21 1  6  9  8.979
 21 1  6 10  9.801
 21 1  6 11  9.788
 21 1  6 12  9.638
 21 1  6 13 10.185
 21 1  6 14  9.291
 21 1  6 15  8.136
 21 1  6 16 10.054
 21 1  6 17 10.433
 21 1  6 18  9.788
 21 1  6 19 11.259
 21 1  6 20 12.366
 21 1  6 21 10.444
 21 1  6 22 10.045
 21 1  6 23 10.854
 21 1  6 24  8.965
 21 1  6 25  8.464
 21 1  6 26  8.919
 21 1  6 27  8.965
 21 1  6 28  9.054
 21 1  6 29  9.931
 21 1  6 30  9.664
 21 1  6 31  8.877
 21 1  6 32  9.636
 21 1  6 33  9.772
 21 1  6 34 10.243
 21 1  6 35  9.764
 21 1  6 36 10.913
 21 1  6 37 10.132
 21 1  6 38  9.565
 21 1  6 39 11.068
 21 1  7  0  9.487
 21 1  7  1  8.871
 21 1  7  2 10.119
 21 1  7  3  9.190
 21 1  7  4  8.444
 21 1  7  5 10.507
 21 1  7  6  9.411
 21 1  7  7 10.577
 21 1  7  8  9.030
 21 1  7  9  9.603
 21 1  7 10  9.609
 21 1  7 11  7.949
 21 1  7 12  9.881
 21 1  7 13  9.757
 21 1  7 14  7.880
 21 1  7 15  9.967
 21 1  7 16 11.550
 21 1  7 17 11.058
 21 1  7 18 11.004
 21 1  7 19  8.393
 21 1  7 20 11.016
 21 1  7 21  9.538
 21 1  7 22 11.503
 21 1  7 23 12.016
 21 1  7 24  9.505
 21 1  7 25  8.740
 21 1  7 26  8.677
 21 1  7 27  9.057
 21 1  7 28 10.155
 21 1  7 29  9.310
 21 1  7 30  9.606
 21 1  7 31  8.793
 21 1  7 32 10.090
 21 1  7 33  9.282
 21 1  7 34 10.071
 21 1  7 35  9.862
 21 1  7 36  8.923
 21 1  7 37  9.690
 21 1  7 38  8.609
 21 1  7 39  8.412
 21 0  0 40  8.462
 21 0  0 41  9.253
 21 0  0 42  9.535
 21 0  0 43  7.954
 21 0  0 44  8.295
 21 0  0 45  9.062
 21 0  0 46  8.855
 21 0  0 47  8.225
 21 0  0 48  9.758
 21 0  0 49  8.666
 21 0  0 50  9.148
 21 0  0 51  9.738
 21 0  0 52  9.860
 21 0  0 53  9.501
 21 0  0 54  9.800
 21 0  0 55 10.068
 21 0  0 56  9.774
 21 0  0 57  9.769
 21 0  0 58 10.670
 21 0  0 59  9.906
 21 0  0 60  8.370
 21 0  0 61  8.125
 21 0  0 62  9.724
 21 0  0 63  8.886
 21 0  0 64  9.108
 21 0  0 65  9.168
 21 0  0 66 10.706
 21 0  0 67  8.144
 21 0  0 68 10.531
 21 0  0 69 11.251
 21 0  0 70  9.245
 21 0  0 71  8.798
 21 0  0 72  8.660
 21 0  0 73  8.279
 21 0  0 74 11.793
 21 0  0 75 10.337
 21 0  0 76 10.766
 21 0  0 77  9.117
 21 0  0 78  9.768
 21 0  0 79  8.282
 21 0  1 40  9.795
 21 0  1 41  8.959
 21 0  1 42  8.536
 21 0  1 43  9.631
 21 0  1 44  9.740
 21 0  1 45  9.492
 21 0  1 46  9.115
 21 0  1 47 10.498
 21 0  1 48  8.927
 21 0  1 49  9.830
 21 0  1 50  9.109
 21 0  1 51  8.635
 21 0  1 52  9.863
 21 0  1 53 11.001
 21 0  1 54 11.421
 21 0  1 55  8.238
 21 0  1 56  8.906
 21 0  1 57  8.913
 21 0  1 58  8.445
 21 0  1 59  8.751
 21 0  1 60  8.519
 21 0  1 61  9.607
 21 0  1 62 10.353
 21 0  1 63 10.089
 21 0  1 64 10.996
 21 0  1 65  9.789
 21 0  1 66  9.815
 21 0  1 67  7.915
 21 0  1 68  9.091
 21 0  1 69  9.973
 21 0  1 70 10.089
 21 0  1 71  9.009
 21 0  1 72  8.143
 21 0  1 73  9.274
 21 0  1 74  9.048
 21 0  1 75  8.602
 21 0  1 76  8.444
 21 0  1 77 10.359
 21 0  1 78  8.963
 21 0  1 79 11.559
 21 0  2 40 10.826
 21 0  2 41 10.540
 21 0  2 42  9.376
 21 0  2 43 10.715
 21 0  2 44 10.874
 21 0  2 45  9.353
 21 0  2 46 10.096
 21 0  2 47  9.357
 21 0  2 48 10.950
 21 0  2 49 11.240
 21 0  2 50 11.578
 21 0  2 51 11.103
 21 0  2 52 10.778
 21 0  2 53 10.426
 21 0  2 54 10.851
 21 0  2 55 10.997
 21 0  2 56 10.245
 21 0  2 57 10.439
 21 0  2 58 10.450
 21 0  2 59 10.491
 21 0  2 60  8.404
 21 0  2 61  9.746
 21 0  2 62 10.115
 21 0  2 63  8.598
 21 0  2 64  9.576
 21 0  2 65  9.913
 21 0  2 66 10.279
 21 0  2 67 10.092
 21 0  2 68 11.971
 21 0  2 69 10.050
 21 0  2 70 11.164
 21 0  2 71  9.556
 21 0  2 72  9.446
 21 0  2 73 10.269
 21 0  2 74  8.181
 21 0  2 75 10.920
 21 0  2 76  9.975
 21 0  2 77  9.613
 21 0  2 78  9.799
 21 0  2 79  9.224
 21 0  3 40 10.045
 21 0  3 41 10.177
 21 0  3 42 10.393
 21 0  3 43 10.879
 21 0  3 44  8.663
 21 0  3 45  9.577
 21 0  3 46  8.715
 21 0  3 47  9.253
 21 0  3 48  9.857
 21 0  3 49 10.504
 21 0  3 50  9.982
 21 0  3 51 10.025
 21 0  3 52 10.738
 21 0  3 53  8.900
 21 0  3 54  9.644
 21 0  3 55  9.379
 21 0  3 56  8.867
 21 0  3 57  9.614
 21 0  3 58  9.144
 21 0  3 59  8.933
 21 0  3 60  8.900
 21 0  3 61  9.710
 21 0  3 62  9.690
 21 0  3 63  8.970
 21 0  3 64 10.129
 21 0  3 65  9.020
 21 0  3 66 10.093
 21 0  3 67  9.549
 21 0  3 68  9.682
 21 0  3 69  9.308
 21 0  3 70  9.669
 21 0  3 71 10.828
 21 0  3 72  9.929
 21 0  3 73  9.494
 21 0  3 74 10.104
 21 0  3 75  9.372
 21 0  3 76  9.325
 21 0  3 77  9.507
 21 0  3 78  9.758
 21 0  3 79  9.735
 21 0  4 40 10.118
 21 0  4 41  9.460
 21 0  4 42  9.065
 21 0  4 43  8.478
 21 0  4 44  9.565
 21 0  4 45 10.666
 21 0  4 46 10.550
 21 0  4 47  9.519
 21 0  4 48 10.494
 21 0  4 49 10.760
 21 0  4 50  9.803
 21 0  4 51  9.776
 21 0  4 52 10.495
 21 0  4 53  9.848
 21 0  4 54 11.346
 21 0  4 55  9.288
 21 0  4 56 10.494
 21 0  4 57  8.880
 21 0  4 58  4.540
 21 0  4 59 10.121
 21 0  4 60  9.445
 21 0  4 61  9.974
 21 0  4 62  9.703
 21 0  4 63  9.397
 21 0  4 64  9.697
 21 0  4 65 10.184
 21 0  4 66  9.940
 21 0  4 67  9.198
 21 0  4 68  8.665
 21 0  4 69  9.525
 21 0  4 70  9.341
 21 0  4 71  8.353
 21 0  4 72 10.119
 21 0  4 73  9.090
 21 0  4 74  9.678
 21 0  4 75  9.101
 21 0  4 76 11.065
 21 0  4 77  9.634
 21 0  4 78  9.842
 21 0  4 79  8.739
 21 0  5 40  8.570
 21 0  5 41  9.335
 21 0  5 42  8.743
 21 0  5 43  8.416
 21 0  5 44 10.874
 21 0  5 45  9.049
 21 0  5 46  9.175
 21 0  5 47  9.250
 21 0  5 48  8.084
 21 0  5 49  8.270
 21 0  5 50  9.589
 21 0  5 51  9.428
 21 0  5 52  8.783
 21 0  5 53  9.456
 21 0  5 54  9.562
 21 0  5 55  9.851
 21 0  5 56  9.823
 21 0  5 57  9.997
 21 0  5 58 10.307
 21 0  5 59 10.326
 21 0  5 60  9.731
 21 0  5 61  9.292
 21 0  5 62  9.304
 21 0  5 63  8.198
 21 0  5 64  9.206
 21 0  5 65 10.064
 21 0  5 66 10.381
 21 0  5 67 10.900
 21 0  5 68  9.266
 21 0  5 69  7.832
 21 0  5 70 10.014
 21 0  5 71  9.442
 21 0  5 72  8.628
 21 0  5 73  9.821
 21 0  5 74 11.813
 21 0  5 75 11.505
 21 0  5 76 10.758
 21 0  5 77  9.577
 21 0  5 78  9.173
 21 0  5 79  9.957
 21 0  6 40 10.311
 21 0  6 41 10.902
 21 0  6 42 10.208
 21 0  6 43 10.771
 21 0  6 44 10.626
 21 0  6 45  9.012
 21 0  6 46  9.335
 21 0  6 47  9.855
 21 0  6 48  8.540
 21 0  6 49  8.296
 21 0  6 50  8.384
 21 0  6 51  8.465
 21 0  6 52  9.879
 21 0  6 53  9.795
 21 0  6 54 10.161
 21 0  6 55  8.435
 21 0  6 56  9.086
 21 0  6 57  8.789
 21 0  6 58  9.098
 21 0  6 59  8.543
 21 0  6 60 10.056
 21 0  6 61 11.789
 21 0  6 62  9.694
 21 0  6 63 10.497
 21 0  6 64 11.536
 21 0  6 65 11.431
 21 0  6 66 10.232
 21 0  6 67  9.886
 21 0  6 68 10.402
 21 0  6 69  9.503
 21 0  6 70  9.773
 21 0  6 71  8.896
 21 0  6 72  9.297
 21 0  6 73  8.305
 21 0  6 74  8.712
 21 0  6 75 10.159
 21 0  6 76  9.841
 21 0  6 77  9.128
 21 0  6 78 11.421
 21 0  6 79 11.205
 21 0  7 40  9.031
 21 0  7 41  8.008
 21 0  7 42  9.038
 21 0  7 43  9.211
 21 0  7 44  9.506
 21 0  7 45  9.445
 21 0  7 46  9.255
 21 0  7 47  8.992
 21 0  7 48 10.055
 21 0  7 49  8.805
 21 0  7 50 10.489
 21 0  7 51  9.219
 21 0  7 52 10.060
 21 0  7 53  9.687
 21 0  7 54 11.303
 21 0  7 55 10.406
 21 0  7 56  9.860
 21 0  7 57  9.242
 21 0  7 58  8.255
 21 0  7 59  9.632
 21 0  7 60  9.487
 21 0  7 61 10.749
 21 0  7 62  8.529
 21 0  7 63  9.950
 21 0  7 64 10.269
 21 0  7 65 11.384
 21 0  7 66 10.199
 21 0  7 67  9.548
 21 0  7 68 11.167
 21 0  7 69  9.659
 21 0  7 70 10.352
 21 0  7 71 10.872
 21 0  7 72 10.182
 21 0  7 73 10.307
 21 0  7 74  9.235
 21 0  7 75 10.956
 21 0  7 76 11.430
 21 0  7 77 10.192
 21 0  7 78 11.521
 21 0  7 79 11.248
 21 1  0 40  9.281
 21 1  0 41  9.511
 21 1  0 42 10.019
 21 1  0 43  9.672
 21 1  0 44 10.484
 21 1  0 45 10.400
 21 1  0 46 10.634
 21 1  0 47  9.302
 21 1  0 48  9.455
 21 1  0 49  9.854
 21 1  0 50 10.400
 21 1  0 51 11.223
 21 1  0 52 10.306
 21 1  0 53 10.204
 21 1  0 54 10.409
 21 1  0 55 11.483
 21 1  0 56  9.437
 21 1  0 57 10.079
 21 1  0 58  9.321
 21 1  0 59  8.869
 21 1  0 60  7.814
 21 1  0 61  7.362
 21 1  0 62  8.376
 21 1  0 63  6.695
 21 1  0 64  8.477
 21 1  0 65  9.415
 21 1  0 66  8.430
 21 1  0 67 10.271
 21 1  0 68  7.766
 21 1  0 69  7.449
 21 1  0 70  9.265
 21 1  0 71  9.036
 21 1  0 72  9.075
 21 1  0 73  9.075
 21 1  0 74  9.425
 21 1  0 75  7.840
 21 1  0 76  6.965
 21 1  0 77  7.662
 21 1  0 78  7.236
 21 1  0 79  8.151
 21 1  1 40  7.939
 21 1  1 41  9.148
 21 1  1 42  7.840
 21 1  1 43  7.510
 21 1  1 44  8.350
 21 1  1 45 10.789
 21 1  1 46  9.249
 21 1  1 47  9.598
 21 1  1 48 10.685
 21 1  1 49  8.353
 21 1  1 50  8.059
 21 1  1 51  9.524
 21 1  1 52  8.414
 21 1  1 53  9.868
 21 1  1 54  8.868
 21 1  1 55  8.189
 21 1  1 56  8.058
 21 1  1 57  9.559
 21 1  1 58  8.117
 21 1  1 59  8.001
 21 1  1 60  9.158
 21 1  1 61  8.787
 21 1  1 62  9.796
 21 1  1 63  9.618
 21 1  1 64  9.653
 21 1  1 65 10.338
 21 1  1 66 10.871
 21 1  1 67 10.157
 21 1  1 68  8.926
 21 1  1 69  6.495
 21 1  1 70  8.059
 21 1  1 71 10.174
 21 1  1 72  9.518
 21 1  1 73  9.775
 21 1  1 74  9.803
 21 1  1 75  7.808
 21 1  1 76  8.174
 21 1  1 77  7.792
 21 1  1 78  7.885
 21 1  1 79  7.582
 21 1  2 40  7.860
 21 1  2 41  9.323
 21 1  2 42  8.642
 21 1  2 43  7.946
 21 1  2 44  8.595
 21 1  2 45  9.307
 21 1  2 46  8.104
 21 1  2 47  7.453
 21 1  2 48  8.944
 21 1  2 49  9.022
 21 1  2 50  8.313
 21 1  2 51  8.241
 21 1  2 52  9.130
 21 1  2 53  9.283
 21 1  2 54  9.745
 21 1  2 55  9.809
 21 1  2 56  9.042
 21 1  2 57  9.498
 21 1  2 58  8.722
 21 1  2 59  8.921
 21 1  2 60 10.393
 21 1  2 61  7.940
 21 1  2 62  8.357
 21 1  2 63 10.338
 21 1  2 64  8.703
 21 1  2 65  8.689
 21 1  2 66  8.717
 21 1  2 67  7.354
 21 1  2 68  8.048
 21 1  2 69  7.897
 21 1  2 70  8.826
 21 1  2 71  7.928
 21 1  2 72  9.726
 21 1  2 73  9.853
 21 1  2 74  8.056
 21 1  2 75  7.830
 21 1  2 76 11.348
 21 1  2 77 10.423
 21 1  2 78 10.086
 21 1  2 79 10.485
 21 1  3 40  9.712
 21 1  3 41  8.867
 21 1  3 42  8.613
 21 1  3 43 10.269
 21 1  3 44  7.257
 21 1  3 45  7.971
 21 1  3 46  9.467
 21 1  3 47  8.844
 21 1  3 48  9.755
 21 1  3 49  9.875
 21 1  3 50  6.794
 21 1  3 51  7.666
 21 1  3 52  8.218
 21 1  3 53  7.573
 21 1  3 54  8.235
 21 1  3 55 10.440
 21 1  3 56  8.716
 21 1  3 57  9.534
 21 1  3 58  8.847
 21 1  3 59  7.872
 21 1  3 60  9.996
 21 1  3 61  9.624
 21 1  3 62  9.465
 21 1  3 63 10.287
 21 1  3 64  8.465
 21 1  3 65  7.987
 21 1  3 66  8.404
 21 1  3 67  7.063
 21 1  3 68  9.976
 21 1  3 69  9.873
 21 1  3 70  8.061
 21 1  3 71  8.574
 21 1  3 72 10.439
 21 1  3 73  9.849
 21 1  3 74  9.203
 21 1  3 75  9.934
 21 1  3 76  8.340
 21 1  3 77  9.913
 21 1  3 78  8.829
 21 1  3 79  9.046
 21 1  4 40  8.553
 21 1  4 41  9.988
 21 1  4 42 11.033
 21 1  4 43  9.776
 21 1  4 44 10.002
 21 1  4 45 10.654
 21 1  4 46 11.288
 21 1  4 47 10.223
 21 1  4 48  9.615
 21 1  4 49  9.544
 21 1  4 50  8.492
 21 1  4 51  7.825
 21 1  4 52  8.292
 21 1  4 53  7.701
 21 1  4 54  9.241
 21 1  4 55  8.585
 21 1  4 56  8.362
 21 1  4 57  8.087
 21 1  4 58  9.462
 21 1  4 59  9.862
 21 1  4 60 10.605
 21 1  4 61  9.397
 21 1  4 62  9.552
 21 1  4 63 10.806
 21 1  4 64  8.751
 21 1  4 65 12.373
 21 1  4 66 10.032
 21 1  4 67 11.595
 21 1  4 68  8.998
 21 1  4 69  9.789
 21 1  4 70 11.134
 21 1  4 71 10.376
 21 1  4 72  9.489
 21 1  4 73 10.174
 21 1  4 74 11.585
 21 1  4 75  9.021
 21 1  4 76  8.822
 21 1  4 77  8.446
 21 1  4 78  7.435
 21 1  4 79  9.173
 21 1  5 40  9.743
 21 1  5 41 10.281
 21 1  5 42  9.434
 21 1  5 43 11.119
 21 1  5 44 11.301
 21 1  5 45 10.531
 21 1  5 46 10.245
 21 1  5 47  8.742
 21 1  5 48  8.208
 21 1  5 49 10.181
 21 1  5 50  9.809
 21 1  5 51  9.669
 21 1  5 52 10.415
 21 1  5 53  9.793
 21 1  5 54  7.721
 21 1  5 55  9.322
 21 1  5 56  2.333
 21 1  5 57  8.421
 21 1  5 58  8.109
 21 1  5 59  8.518
 21 1  5 60  9.350
 21 1  5 61  9.539
 21 1  5 62  8.344
 21 1  5 63  9.065
 21 1  5 64  9.899
 21 1  5 65  7.500
 21 1  5 66 11.548
 21 1  5 67  8.272
 21 1  5 68  8.395
 21 1  5 69  9.138
 21 1  5 70 10.202
 21 1  5 71 11.313
 21 1  5 72 10.890
 21 1  5 73  8.759
 21 1  5 74 10.320
 21 1  5 75 10.665
 21 1  5 76 10.203
 21 1  5 77  9.584
 21 1  5 78  9.945
 21 1  5 79  7.376
 21 1  6 40  8.545
 21 1  6 41  9.733
 21 1  6 42 10.265
 21 1  6 43  9.962
 21 1  6 44  9.621
 21 1  6 45  9.377
 21 1  6 46  9.550
 21 1  6 47  5.350
 21 1  6 48  9.387
 21 1  6 49  9.738
 21 1  6 50  9.390
 21 1  6 51  9.821
 21 1  6 52  8.849
 21 1  6 53  8.225
 21 1  6 54  9.862
 21 1  6 55  8.881
 21 1  6 56  9.909
 21 1  6 57  8.816
 21 1  6 58  9.747
 21 1  6 59  8.520
 21 1  6 60 10.299
 21 1  6 61 10.428
 21 1  6 62 10.176
 21 1  6 63  8.675
 21 1  6 64  9.224
 21 1  6 65  9.910
 21 1  6 66  9.054
 21 1  6 67  9.819
 21 1  6 68 11.522
 21 1  6 69 11.592
 21 1  6 70 11.671
 21 1  6 71  9.490
 21 1  6 72  9.747
 21 1  6 73  9.074
 21 1  6 74  8.581
 21 1  6 75  9.674
 21 1  6 76  9.093
 21 1  6 77  7.985
 21 1  6 78  7.731
 21 1  6 79  8.726
 21 1  7 40  9.321
 21 1  7 41  9.922
 21 1  7 42  8.145
 21 1  7 43  8.711
 21 1  7 44  8.893
 21 1  7 45  6.758
 21 1  7 46  7.886
 21 1  7 47  7.492
 21 1  7 48 10.023
 21 1  7 49 10.443
 21 1  7 50  8.959
 21 1  7 51 10.284
 21 1  7 52 10.164
 21 1  7 53 10.186
 21 1  7 54 10.069
 21 1  7 55  8.323
 21 1  7 56  7.217
 21 1  7 57  9.385
 21 1  7 58  9.175
 21 1  7 59  8.878
 21 1  7 60  9.319
 21 1  7 61 10.159
 21 1  7 62  9.860
 21 1  7 63  8.556
 21 1  7 64  9.310
 21 1  7 65  9.396
 21 1  7 66  9.547
 21 1  7 67  8.193
 21 1  7 68  8.778
 21 1  7 69 10.081
 21 1  7 70  9.729
 21 1  7 71  8.516
 21 1  7 72  8.382
 21 1  7 73  8.692
 21 1  7 74  7.678
 21 1  7 75  7.895
 21 1  7 76  8.532
 21 1  7 77  8.156
 21 1  7 78  7.084
 21 1  7 79  8.186
 16 0  0  0 21.959
 16 0  0  1 18.846
 16 0  0  2 21.332
 16 0  0  3 19.515
 16 0  0  4 21.636
 16 0  0  5 18.366
 16 0  0  6 20.607
 16 0  0  7 21.169
 16 0  0  8 21.395
 16 0  0  9 16.467
 16 0  0 10 19.480
 16 0  0 11 18.678
 16 0  0 12 23.424
 16 0  0 13 19.181
 16 0  0 14 19.335
 16 0  0 15 22.493
 16 0  0 16 22.601
 16 0  0 17 22.271
 16 0  0 18 19.706
 16 0  0 19 15.673
 16 0  0 20 17.634
 16 0  0 21 19.295
 16 0  0 22 21.203
 16 0  0 23 17.044
 16 0  1  0 20.647
 16 0  1  1 23.708
 16 0  1  2 23.547
 16 0  1  3 18.936
 16 0  1  4 21.006
 16 0  1  5 18.265
 16 0  1  6 22.074
 16 0  1  7 21.642
 16 0  1  8 37.420
 16 0  1  9 38.637
 16 0  1 10 40.620
 16 0  1 11 37.413
 16 0  1 12 38.171
 16 0  1 13 38.609
 16 0  1 14 30.932
 16 0  1 15 38.312
 16 0  1 16 37.938
 16 0  1 17 37.195
 16 0  1 18 36.756
 16 0  1 19 36.194
 16 0  1 20 38.226
 16 0  1 21 38.883
 16 0  1 22 39.919
 16 0  1 23 36.085
 16 0  1 24 22.231
 16 0  1 25 21.893
 16 0  1 26 23.399
 16 0  1 27 17.482
 16 0  1 28 23.854
 16 0  1 29 19.378
 16 0  1 30 19.802
 16 0  1 31 19.153
 16 0  2  0 21.079
 16 0  2  1 17.892
 16 0  2  2 23.085
 16 0  2  3 18.853
 16 0  2  4 19.981
 16 0  2  5 17.630
 16 0  2  6 19.466
 16 0  2  7 22.141
 16 0  2  8 39.888
 16 0  2  9 36.149
 16 0  2 10 38.616
 16 0  2 11 37.240
 16 0  2 12 37.028
 16 0  2 13 35.023
 16 0  2 14 38.945
 16 0  2 15 37.213
 16 0  2 16 40.081
 16 0  2 17 38.918
 16 0  2 18 39.563
 16 0  2 19 35.435
 16 0  2 20 35.614
 16 0  2 21 37.912
 16 0  2 22 40.800
 16 0  2 23 38.724
 16 0  2 24 23.852
 16 0  2 25 21.912
 16 0  2 26 19.907
 16 0  2 27 22.504
 16 0  2 28 22.824
 16 0  2 29 22.458
 16 0  2 30 23.553
 16 0  2 31 18.710
 16 0  3  0 18.087
 16 0  3  1 18.668
 16 0  3  2 24.443
 16 0  3  3 19.791
 16 0  3  4 26.996
 16 0  3  5 23.839
 16 0  3  6 24.154
 16 0  3  7 18.349
 16 0  3  8 40.111
 16 0  3  9 38.949
 16 0  3 10 36.001
 16 0  3 11 38.951
 16 0  3 12 37.058
 16 0  3 13 37.151
 16 0  3 14 35.304
 16 0  3 15 33.201
 16 0  3 16 36.148
 16 0  3 17 39.471
 16 0  3 18 40.446
 16 0  3 19 39.441
 16 0  3 20 35.438
 16 0  3 21 37.888
 16 0  3 22 37.679
 16 0  3 23 34.648
 16 0  3 24 22.472
 16 0  3 25 19.726
 16 0  3 26 23.763
 16 0  3 27 24.137
 16 0  3 28 20.858
 16 0  3 29 17.747
 16 0  3 30 22.667
 16 0  3 31 16.472
 16 0  4  0 26.042
 16 0  4  1 20.395
 16 0  4  2 20.108
 16 0  4  3 21.251
 16 0  4  4 20.447
 16 0  4  5 17.584
 16 0  4  6 24.090
 16 0  4  7 24.362
 16 0  4  8 36.517
 16 0  4  9 37.213
 16 0  4 10 38.707
 16 0  4 11 36.956
 16 0  4 12 37.543
 16 0  4 13 40.275
 16 0  4 14 38.326
 16 0  4 15 35.070
 16 0  4 16 36.999
 16 0  4 17 36.790
 16 0  4 18 37.331
 16 0  4 19 39.168
 16 0  4 20 36.423
 16 0  4 21 38.872
 16 0  4 22 39.276
 16 0  4 23 36.981
 16 0  4 24 25.043
 16 0  4 25 21.590
 16 0  4 26 21.490
 16 0  4 27 21.645
 16 0  4 28 20.962
 16 0  4 29 21.118
 16 0  4 30 22.393
 16 0  4 31 22.245
 16 0  5  0 21.221
 16 0  5  1 25.010
 16 0  5  2 21.787
 16 0  5  3 21.074
 16 0  5  4 20.741
 16 0  5  5 20.483
 16 0  5  6 21.334
 16 0  5  7 20.535
 16 0  5  8 35.756
 16 0  5  9 35.790
 16 0  5 10 36.798
 16 0  5 11 35.647
 16 0  5 12 36.874
 16 0  5 13 35.672
 16 0  5 14 35.257
 16 0  5 15 33.668
 16 0  5 16 36.002
 16 0  5 17 36.068
 16 0  5 18 37.160
 16 0  5 19 36.910
 16 0  5 20 35.769
 16 0  5 21 35.801
 16 0  5 22 36.147
 16 0  5 23 35.217
 16 0  5 24 24.422
 16 0  5 25 20.453
 16 0  5 26 18.724
 16 0  5 27 18.619
 16 0  5 28 20.092
 16 0  5 29 18.004
 16 0  5 30 19.241
 16 0  5 31 18.861
 16 0  6  0 23.242
 16 0  6  1 25.121
 16 0  6  2 23.866
 16 0  6  3 23.212
 16 0  6  4 22.625
 16 0  6  5 24.505
 16 0  6  6 21.371
 16 0  6  7 21.378
 16 0  6  8 37.115
 16 0  6  9 37.303
 16 0  6 10 39.457
 16 0  6 11 34.780
 16 0  6 12 38.663
 16 0  6 13 37.046
 16 0  6 14 40.110
 16 0  6 15 37.323
 16 0  6 16 37.931
 16 0  6 17 37.827
 16 0  6 18 38.639
 16 0  6 19 37.254
 16 0  6 20 39.249
 16 0  6 21 39.628
 16 0  6 22 38.248
 16 0  6 23 36.598
 16 0  6 24 22.150
 16 0  6 25 22.799
 16 0  6 26 22.155
 16 0  6 27 22.762
 16 0  6 28 22.485
 16 0  6 29 21.966
 16 0  6 30 22.486
 16 0  6 31 21.173
 16 0  7  0 22.575
 16 0  7  1 23.649
 16 0  7  2 24.384
 16 0  7  3 23.323
 16 0  7  4 21.757
 16 0  7  5 20.981
 16 0  7  6 23.101
 16 0  7  7 22.838
 16 0  7  8 39.394
 16 0  7  9 38.178
 16 0  7 10 38.613
 16 0  7 11 37.898
 16 0  7 12 39.145
 16 0  7 13 39.032
 16 0  7 14 38.173
 16 0  7 15 38.861
 16 0  7 16 39.111
 16 0  7 17 36.960
 16 0  7 18 38.901
 16 0  7 19 38.363
 16 0  7 20 39.831
 16 0  7 21 36.667
 16 0  7 22 37.797
 16 0  7 23 37.262
 16 0  7 24 23.020
 16 0  7 25 22.878
 16 0  7 26 22.483
 16 0  7 27 22.350
 16 0  7 28 22.317
 16 0  7 29 21.143
 16 0  7 30 22.821
 16 0  7 31 22.531
 16 0  8  0 21.552
 16 0  8  1 25.297
 16 0  8  2 22.561
 16 0  8  3 20.536
 16 0  8  4 24.497
 16 0  8  5 21.403
 16 0  8  6 21.763
 16 0  8  7 24.853
 16 0  8  8 39.327
 16 0  8  9 39.808
 16 0  8 10 37.908
 16 0  8 11 40.482
 16 0  8 12 39.295
 16 0  8 13 37.418
 16 0  8 14 39.810
 16 0  8 15 40.209
 16 0  8 16 37.762
 16 0  8 17 41.090
 16 0  8 18 41.519
 16 0  8 19 39.450
 16 0  8 20 38.426
 16 0  8 21 39.224
 16 0  8 22 38.755
 16 0  8 23 39.990
 16 0  8 24 22.219
 16 0  8 25 21.427
 16 0  8 26 21.116
 16 0  8 27 20.728
 16 0  8 28 22.716
 16 0  8 29 23.961
 16 0  8 30 23.965
 16 0  8 31 23.410
 16 0  9  0 23.577
 16 0  9  1 23.899
 16 0  9  2 22.120
 16 0  9  3 25.721
 16 0  9  4 23.669
 16 0  9  5 24.505
 16 0  9  6 22.991
 16 0  9  7 25.111
 16 0  9  8 37.942
 16 0  9  9 39.194
 16 0  9 10 39.376
 16 0  9 11 38.095
 16 0  9 12 39.597
 16 0  9 13 39.566
 16 0  9 14 37.996
 16 0  9 15 37.689
 16 0  9 16 40.304
 16 0  9 17 39.775
 16 0  9 18 41.559
 16 0  9 19 37.923
 16 0  9 20 38.404
 16 0  9 21 37.685
 16 0  9 22 38.336
 16 0  9 23 37.250
 16 0  9 24 21.976
 16 0  9 25 20.472
 16 0  9 26 21.274
 16 0  9 27 20.347
 16 0  9 28 21.388
 16 0  9 29 23.783
 16 0  9 30 23.544
 16 0  9 31 23.331
 16 0 10  0 22.461
 16 0 10  1 20.247
 16 0 10  2 20.221
 16 0 10  3 23.898
 16 0 10  4 23.988
 16 0 10  5 22.596
 16 0 10  6 23.311
 16 0 10  7 21.921
 16 0 10  8 38.438
 16 0 10  9 37.915
 16 0 10 10 37.741
 16 0 10 11 34.762
 16 0 10 12 39.959
 16 0 10 13 40.539
 16 0 10 14 38.997
 16 0 10 15 38.068
 16 0 10 16 38.869
 16 0 10 17 38.145
 16 0 10 18 38.199
 16 0 10 19 38.459
 16 0 10 20 37.409
 16 0 10 21 38.475
 16 0 10 22 37.916
 16 0 10 23 35.042
 16 0 10 24 20.800
 16 0 10 25 20.614
 16 0 10 26 23.253
 16 0 10 27 22.496
 16 0 10 28 20.697
 16 0 10 29 21.309
 16 0 10 30 21.508
 16 0 10 31 22.981
 16 0 11  0 23.635
 16 0 11  1 21.056
 16 0 11  2 22.551
 16 0 11  3 19.953
 16 0 11  4 21.313
 16 0 11  5 18.078
 16 0 11  6 22.908
 16 0 11  7 21.330
 16 0 11  8 39.326
 16 0 11  9 36.308
 16 0 11 10 36.594
 16 0 11 11 34.139
 16 0 11 12 37.579
 16 0 11 13 37.066
 16 0 11 14 35.216
 16 0 11 15 31.342
 16 0 11 16 38.030
 16 0 11 17 35.143
 16 0 11 18 35.293
 16 0 11 19 35.534
 16 0 11 20 36.703
 16 0 11 21 36.566
 16 0 11 22 37.015
 16 0 11 23 36.469
 16 0 11 24 24.082
 16 0 11 25 19.343
 16 0 11 26 24.503
 16 0 11 27 19.903
 16 0 11 28 20.123
 16 0 11 29 22.400
 16 0 11 30 24.008
 16 0 11 31 23.383
 16 0 12  0 23.385
 16 0 12  1 22.559
 16 0 12  2 21.677
 16 0 12  3 22.855
 16 0 12  4 22.210
 16 0 12  5 17.880
 16 0 12  6 21.915
 16 0 12  7 17.479
 16 0 12  8 36.796
 16 0 12  9 39.739
 16 0 12 10 37.205
 16 0 12 11 36.660
 16 0 12 12 37.494
 16 0 12 13 38.730
 16 0 12 14 37.307
 16 0 12 15 35.353
 16 0 12 16 36.896
 16 0 12 17 37.402
 16 0 12 18 33.931
 16 0 12 19 37.841
 16 0 12 20 38.220
 16 0 12 21 37.037
 16 0 12 22 37.397
 16 0 12 23 37.796
 16 0 12 24 20.127
 16 0 12 25 18.636
 16 0 12 26 21.204
 16 0 12 27 22.102
 16 0 12 28 21.686
 16 0 12 29 23.604
 16 0 12 30 19.664
 16 0 12 31 19.672
 16 0 13  0 24.322
 16 0 13  1 24.168
 16 0 13  2 26.073
 16 0 13  3 22.125
 16 0 13  4 22.105
 16 0 13  5 25.506
 16 0 13  6 22.817
 16 0 13  7 24.638
 16 0 13  8 37.521
 16 0 13  9 38.007
 16 0 13 10 38.667
 16 0 13 11 36.932
 16 0 13 12 37.312
 16 0 13 13 36.422
 16 0 13 14 39.212
 16 0 13 15 35.318
 16 0 13 16 40.094
 16 0 13 17 37.015
 16 0 13 18 38.377
 16 0 13 19 36.469
 16 0 13 20 38.309
 16 0 13 21 38.859
 16 0 13 22 37.072
 16 0 13 23 35.956
 16 0 13 24 23.840
 16 0 13 25 21.237
 16 0 13 26 22.847
 16 0 13 27 18.237
 16 0 13 28 22.527
 16 0 13 29 21.473
 16 0 13 30 23.601
 16 0 13 31 20.864
 16 0 14  0 22.408
 16 0 14  1 24.341
 16 0 14  2 23.154
 16 0 14  3 24.921
 16 0 14  4 19.912
 16 0 14  5 24.981
 16 0 14  6 21.660
 16 0 14  7 19.731
 16 0 14  8 39.400
 16 0 14  9 38.723
 16 0 14 10 40.254
 16 0 14 11 38.101
 16 0 14 12 38.653
 16 0 14 13 35.244
 16 0 14 14 37.746
 16 0 14 15 37.514
 16 0 14 16 36.510
 16 0 14 17 36.851
 16 0 14 18 40.695
 16 0 14 19 37.972
 16 0 14 20 38.404
 16 0 14 21 39.546
 16 0 14 22 39.861
 16 0 14 23 39.384
 16 0 14 24 23.298
 16 0 14 25 22.521
 16 0 14 26 21.872
 16 0 14 27 20.838
 16 0 14 28 26.138
 16 0 14 29 24.027
 16 0 14 30 21.427
 16 0 14 31 22.298
 16 0 15  0 22.132
 16 0 15  1 24.175
 16 0 15  2 23.817
 16 0 15  3 24.461
 16 0 15  4 23.141
 16 0 15  5 21.696
 16 0 15  6 23.345
 16 0 15  7 18.920
 16 0 15  8 37.747
 16 0 15  9 33.993
 16 0 15 10 38.456
 16 0 15 11 37.550
 16 0 15 12 37.112
 16 0 15 13 37.979
 16 0 15 14 37.372
 16 0 15 15 39.230
 16 0 15 16 38.872
 16 0 15 17 36.069
 16 0 15 18 38.522
 16 0 15 19 37.274
 16 0 15 20 38.120
 16 0 15 21 38.734
 16 0 15 22 39.068
 16 0 15 23 38.166
 16 0 15 24 21.391
 16 0 15 25 23.449
 16 0 15 26 20.023
 16 0 15 27 22.801
 16 0 15 28 24.954
 16 0 15 29 23.560
 16 0 15 30 20.916
 16 0 15 31 22.774
 16 0 16  0 21.427
 16 0 16  1 23.929
 16 0 16  2 24.877
 16 0 16  3 23.214
 16 0 16  4 24.685
 16 0 16  5 21.633
 16 0 16  6 23.654
 16 0 16  7 23.863
 16 0 16  8 40.035
 16 0 16  9 39.876
 16 0 16 10 39.329
 16 0 16 11 36.882
 16 0 16 12 38.928
 16 0 16 13 37.621
 16 0 16 14 40.726
 16 0 16 15 38.042
 16 0 16 16 41.120
 16 0 16 17 35.773
 16 0 16 18 35.154
 16 0 16 19 40.244
 16 0 16 20 38.138
 16 0 16 21 40.177
 16 0 16 22 40.496
 16 0 16 23 41.289
 16 0 16 24 20.849
 16 0 16 25 23.034
 16 0 16 26 22.976
 16 0 16 27 22.688
 16 0 16 28 18.056
 16 0 16 29 23.514
 16 0 16 30 22.705
 16 0 16 31 18.876
 16 0 17  0 19.638
 16 0 17  1 19.237
 16 0 17  2 19.636
 16 0 17  3 21.099
 16 0 17  4 24.612
 16 0 17  5 20.056
 16 0 17  6 24.488
 16 0 17  7 22.494
 16 0 17  8 40.107
 16 0 17  9 38.654
 16 0 17 10 37.630
 16 0 17 11 38.985
 16 0 17 12 35.607
 16 0 17 13 39.222
 16 0 17 14 35.926
 16 0 17 15 39.140
 16 0 17 16 38.878
 16 0 17 17 30.485
 16 0 17 18 38.610
 16 0 17 19 37.426
 16 0 17 20 37.532
 16 0 17 21 34.346
 16 0 17 22 38.281
 16 0 17 23 39.272
 16 0 17 24 21.153
 16 0 17 25 19.158
 16 0 17 26 20.560
 16 0 17 27 20.374
 16 0 17 28 18.018
 16 0 17 29 24.108
 16 0 17 30 20.731
 16 0 17 31 21.536
 16 1  0  0 16.421
 16 1  0  1 17.357
 16 1  0  2 18.790
 16 1  0  3 16.612
 16 1  0  4 19.801
 16 1  0  5 17.896
 16 1  0  6 20.823
 16 1  0  7 19.447
 16 1  0  8 18.969
 16 1  0  9 21.078
 16 1  0 10 19.167
 16 1  0 11 20.993
 16 1  0 12 22.674
 16 1  0 13 16.717
 16 1  0 14 22.161
 16 1  0 15 18.322
 16 1  0 16 17.766
 16 1  0 17 18.297
 16 1  0 18 18.908
 16 1  0 19 21.083
 16 1  0 20 18.190
 16 1  0 21 17.281
 16 1  0 22 20.274
 16 1  0 23 17.971
 16 1  1  0 23.987
 16 1  1  1 23.696
 16 1  1  2 23.296
 16 1  1  3 23.471
 16 1  1  4 17.364
 16 1  1  5 20.335
 16 1  1  6 21.374
 16 1  1  7 22.610
 16 1  1  8 34.957
 16 1  1  9 35.366
 16 1  1 10 33.893
 16 1  1 11 34.063
 16 1  1 12 32.136
 16 1  1 13 30.875
 16 1  1 14 33.570
 16 1  1 15 35.192
 16 1  1 16 35.550
 16 1  1 17 35.110
 16 1  1 18 33.604
 16 1  1 19 34.785
 16 1  1 20 34.322
 16 1  1 21 35.333
 16 1  1 22 34.672
 16 1  1 23 32.988
 16 1  1 24 20.451
 16 1  1 25 19.510
 16 1  1 26 17.923
 16 1  1 27 22.957
 16 1  1 28 22.576
 16 1  1 29 22.307
 16 1  1 30 21.931
 16 1  1 31 20.303
 16 1  2  0 20.280
 16 1  2  1 20.661
 16 1  2  2 21.089
 16 1  2  3 22.484
 16 1  2  4 19.164
 16 1  2  5 22.367
 16 1  2  6 21.282
 16 1  2  7 19.687
 16 1  2  8 35.037
 16 1  2  9 32.782
 16 1  2 10 30.854
 16 1  2 11 34.892
 16 1  2 12 34.476
 16 1  2 13 32.650
 16 1  2 14 33.115
 16 1  2 15 34.881
 16 1  2 16 32.858
 16 1  2 17 33.049
 16 1  2 18 30.635
 16 1  2 19 34.802
 16 1  2 20 34.592
 16 1  2 21 33.959
 16 1  2 22 34.141
 16 1  2 23 32.213
 16 1  2 24 23.738
 16 1  2 25 20.359
 16 1  2 26 20.730
 16 1  2 27 23.087
 16 1  2 28 21.284
 16 1  2 29 22.651
 16 1  2 30 21.855
 16 1  2 31 24.550
 16 1  3  0 22.977
 16 1  3  1 23.363
 16 1  3  2 22.370
 16 1  3  3 22.845
 16 1  3  4 22.097
 16 1  3  5 21.360
 16 1  3  6 21.167
 16 1  3  7 20.435
 16 1  3  8 33.797
 16 1  3  9 34.824
 16 1  3 10 32.990
 16 1  3 11 34.175
 16 1  3 12 34.030
 16 1  3 13 34.413
 16 1  3 14 35.244
 16 1  3 15 35.186
 16 1  3 16 33.851
 16 1  3 17 35.697
 16 1  3 18 32.996
 16 1  3 19 35.326
 16 1  3 20 33.916
 16 1  3 21 35.549
 16 1  3 22 34.948
 16 1  3 23 35.050
 16 1  3 24 22.176
 16 1  3 25 21.571
 16 1  3 26 19.094
 16 1  3 27 22.111
 16 1  3 28 23.218
 16 1  3 29 21.514
 16 1  3 30 23.680
 16 1  3 31 19.701
 16 1  4  0 20.279
 16 1  4  1 22.251
 16 1  4  2 24.495
 16 1  4  3 24.204
 16 1  4  4 18.408
 16 1  4  5 20.143
 16 1  4  6 20.233
 16 1  4  7 22.291
 16 1  4  8 32.114
 16 1  4  9 31.707
 16 1  4 10 33.062
 16 1  4 11 33.760
 16 1  4 12 33.827
 16 1  4 13 33.191
 16 1  4 14 33.195
 16 1  4 15 32.721
 16 1  4 16 33.005
 16 1  4 17 32.981
 16 1  4 18 31.733
 16 1  4 19 29.884
 16 1  4 20 32.088
 16 1  4 21 33.986
 16 1  4 22 33.512
 16 1  4 23 34.788
 16 1  4 24 21.501
 16 1  4 25 21.995
 16 1  4 26 20.003
 16 1  4 27 21.143
 16 1  4 28 19.582
 16 1  4 29 19.706
 16 1  4 30 23.061
 16 1  4 31 19.446
 16 1  5  0 21.633
 16 1  5  1 21.712
 16 1  5  2 19.759
 16 1  5  3 20.710
 16 1  5  4 21.208
 16 1  5  5 20.644
 16 1  5  6 20.521
 16 1  5  7 20.841
 16 1  5  8 32.409
 16 1  5  9 31.625
 16 1  5 10 33.250
 16 1  5 11 32.381
 16 1  5 12 33.458
 16 1  5 13 32.092
 16 1  5 14 33.146
 16 1  5 15 33.687
 16 1  5 16 34.365
 16 1  5 17 33.801
 16 1  5 18 33.417
 16 1  5 19 33.727
 16 1  5 20 33.420
 16 1  5 21 31.209
 16 1  5 22 33.047
 16 1  5 23 33.627
 16 1  5 24 21.402
 16 1  5 25 21.288
 16 1  5 26 21.740
 16 1  5 27 21.200
 16 1  5 28 19.175
 16 1  5 29 21.435
 16 1  5 30 21.880
 16 1  5 31 20.870
 16 1  6  0 23.124
 16 1  6  1 21.365
 16 1  6  2 22.508
 16 1  6  3 22.809
 16 1  6  4 19.559
 16 1  6  5 21.622
 16 1  6  6 21.327
 16 1  6  7 20.497
 16 1  6  8 33.406
 16 1  6  9 34.752
 16 1  6 10 34.404
 16 1  6 11 31.730
 16 1  6 12 32.407
 16 1  6 13 32.939
 16 1  6 14 34.468
 16 1  6 15 34.039
 16 1  6 16 32.319
 16 1  6 17 32.440
 16 1  6 18 32.851
 16 1  6 19 33.421
 16 1  6 20 33.134
 16 1  6 21 33.824
 16 1  6 22 34.227
 16 1  6 23 33.538
 16 1  6 24 23.540
 16 1  6 25 23.783
 16 1  6 26 21.838
 16 1  6 27 22.449
 16 1  6 28 21.064
 16 1  6 29 19.846
 16 1  6 30 23.054
 16 1  6 31 22.729
 16 1  7  0 22.453
 16 1  7  1 21.408
 16 1  7  2 20.490
 16 1  7  3 21.554
 16 1  7  4 20.376
 16 1  7  5 20.703
 16 1  7  6 20.837
 16 1  7  7 23.342
 16 1  7  8 33.578
 16 1  7  9 33.971
 16 1  7 10 32.618
 16 1  7 11 33.395
 16 1  7 12 34.199
 16 1  7 13 32.808
 16 1  7 14 33.488
 16 1  7 15 33.722
 16 1  7 16 33.033
 16 1  7 17 33.450
 16 1  7 18 33.182
 16 1  7 19 34.149
 16 1  7 20 33.022
 16 1  7 21 32.379
 16 1  7 22 32.903
 16 1  7 23 33.785
 16 1  7 24 24.371
 16 1  7 25 22.774
 16 1  7 26 17.582
 16 1  7 27 21.634
 16 1  7 28 22.971
 16 1  7 29 22.099
 16 1  7 30 21.115
 16 1  7 31 21.234
 16 1  8  0 20.103
 16 1  8  1 21.847
 16 1  8  2 22.071
 16 1  8  3 22.626
 16 1  8  4 21.200
 16 1  8  5 22.891
 16 1  8  6 23.366
 16 1  8  7 23.650
 16 1  8  8 33.060
 16 1  8  9 33.379
 16 1  8 10 31.459
 16 1  8 11 32.819
 16 1  8 12 34.673
 16 1  8 13 34.360
 16 1  8 14 32.714
 16 1  8 15 33.326
 16 1  8 16 32.440
 16 1  8 17 33.427
 16 1  8 18 34.701
 16 1  8 19 33.813
 16 1  8 20 32.980
 16 1  8 21 32.728
 16 1  8 22 31.881
 16 1  8 23 32.778
 16 1  8 24 20.733
 16 1  8 25 21.586
 16 1  8 26 19.224
 16 1  8 27 22.534
 16 1  8 28 23.394
 16 1  8 29 20.652
 16 1  8 30 20.901
 16 1  8 31 21.790
 16 1  9  0 23.686
 16 1  9  1 21.395
 16 1  9  2 20.566
 16 1  9  3 21.739
 16 1  9  4 20.527
 16 1  9  5 23.000
 16 1  9  6 21.634
 16 1  9  7 20.884
 16 1  9  8 32.332
 16 1  9  9 32.673
 16 1  9 10 32.651
 16 1  9 11 33.448
 16 1  9 12 32.336
 16 1  9 13 33.028
 16 1  9 14 32.505
 16 1  9 15 34.161
 16 1  9 16 33.237
 16 1  9 17 32.663
 16 1  9 18 32.896
 16 1  9 19 31.715
 16 1  9 20 31.384
 16 1  9 21  0.010
 16 1  9 22 34.036
 16 1  9 23 33.283
 16 1  9 24 20.645
 16 1  9 25 22.397
 16 1  9 26 22.063
 16 1  9 27 21.452
 16 1  9 28 22.726
 16 1  9 29 22.296
 16 1  9 30 22.180
 16 1  9 31 21.098
 16 1 10  0 23.039
 16 1 10  1 20.494
 16 1 10  2 20.360
 16 1 10  3 24.005
 16 1 10  4 17.845
 16 1 10  5 21.476
 16 1 10  6 20.369
 16 1 10  7 21.362
 16 1 10  8 33.694
 16 1 10  9 33.617
 16 1 10 10 34.207
 16 1 10 11 33.197
 16 1 10 12 32.250
 16 1 10 13 34.067
 16 1 10 14 33.612
 16 1 10 15 34.215
 16 1 10 16 34.113
 16 1 10 17 32.593
 16 1 10 18 34.047
 16 1 10 19 32.844
 16 1 10 20 33.431
 16 1 10 21 32.005
 16 1 10 22 32.219
 16 1 10 23 33.257
 16 1 10 24 21.123
 16 1 10 25 20.299
 16 1 10 26 23.618
 16 1 10 27 21.560
 16 1 10 28 21.927
 16 1 10 29 21.298
 16 1 10 30 22.144
 16 1 10 31 19.914
 16 1 11  0 18.216
 16 1 11  1 18.168
 16 1 11  2 19.503
 16 1 11  3 19.600
 16 1 11  4 19.398
 16 1 11  5 23.498
 16 1 11  6 20.356
 16 1 11  7 18.270
 16 1 11  8 34.176
 16 1 11  9 31.457
 16 1 11 10 30.250
 16 1 11 11 32.058
 16 1 11 12 31.672
 16 1 11 13 32.304
 16 1 11 14 33.749
 16 1 11 15 34.195
 16 1 11 16 31.817
 16 1 11 17 32.224
 16 1 11 18 32.885
 16 1 11 19 32.101
 16 1 11 20 31.349
 16 1 11 21 33.074
 16 1 11 22 31.674
 16 1 11 23 29.059
 16 1 11 24 19.503
 16 1 11 25 18.475
 16 1 11 26 20.418
 16 1 11 27 16.853
 16 1 11 28 18.969
 16 1 11 29 19.149
 16 1 11 30 21.546
 16 1 11 31 21.407
 16 1 12  0 21.056
 16 1 12  1 19.256
 16 1 12  2 20.082
 16 1 12  3 18.986
 16 1 12  4 17.412
 16 1 12  5 16.239
 16 1 12  6 18.948
 16 1 12  7 20.775
 16 1 12  8 32.808
 16 1 12  9 31.080
 16 1 12 10 31.720
 16 1 12 11 30.829
 16 1 12 12 33.538
 16 1 12 13 33.339
 16 1 12 14 33.535
 16 1 12 15 34.168
 16 1 12 16 33.835
 16 1 12 17 33.582
 16 1 12 18 33.247
 16 1 12 19 33.164
 16 1 12 20 33.077
 16 1 12 21 32.863
 16 1 12 22 33.960
 16 1 12 23 30.589
 16 1 12 24 23.140
 16 1 12 25 19.684
 16 1 12 26 21.799
 16 1 12 27 17.685
 16 1 12 28 21.310
 16 1 12 29 19.769
 16 1 12 30 20.451
 16 1 12 31 18.640
 16 1 13  0 20.951
 16 1 13  1 21.710
 16 1 13  2 22.202
 16 1 13  3 23.731
 16 1 13  4 23.103
 16 1 13  5 20.978
 16 1 13  6 22.842
 16 1 13  7 19.370
 16 1 13  8 34.979
 16 1 13  9 33.371
 16 1 13 10 33.493
 16 1 13 11 32.904
 16 1 13 12 33.222
 16 1 13 13 32.026
 16 1 13 14 33.483
 16 1 13 15 34.136
 16 1 13 16 34.428
 16 1 13 17 33.152
 16 1 13 18 34.090
 16 1 13 19 33.269
 16 1 13 20 33.658
 16 1 13 21 31.919
 16 1 13 22 33.247
 16 1 13 23 34.120
 16 1 13 24 22.970
 16 1 13 25 18.976
 16 1 13 26 19.373
 16 1 13 27 21.632
 16 1 13 28 21.921
 16 1 13 29 21.172
 16 1 13 30 22.363
 16 1 13 31 23.180
 16 1 14  0 23.087
 16 1 14  1 22.236
 16 1 14  2 22.809
 16 1 14  3 21.764
 16 1 14  4 22.714
 16 1 14  5 21.995
 16 1 14  6 23.542
 16 1 14  7 21.411
 16 1 14  8 35.239
 16 1 14  9 34.417
 16 1 14 10 34.149
 16 1 14 11 34.927
 16 1 14 12 33.299
 16 1 14 13 34.153
 16 1 14 14 35.576
 16 1 14 15 34.446
 16 1 14 16 34.297
 16 1 14 17 34.164
 16 1 14 18 33.661
 16 1 14 19 34.679
 16 1 14 20 34.491
 16 1 14 21 34.055
 16 1 14 22 34.122
 16 1 14 23 35.925
 16 1 14 24 21.758
 16 1 14 25 22.395
 16 1 14 26 21.942
 16 1 14 27 22.428
 16 1 14 28 22.540
 16 1 14 29 22.449
 16 1 14 30 22.672
 16 1 14 31 23.632
 16 1 15  0 22.457
 16 1 15  1 22.087
 16 1 15  2 24.396
 16 1 15  3 23.663
 16 1 15  4 20.389
 16 1 15  5 22.060
 16 1 15  6 21.685
 16 1 15  7 21.443
 16 1 15  8 30.876
 16 1 15  9 33.688
 16 1 15 10 34.179
 16 1 15 11 34.380
 16 1 15 12 34.282
 16 1 15 13 33.299
 16 1 15 14 33.936
 16 1 15 15 33.920
 16 1 15 16 34.036
 16 1 15 17 31.938
 16 1 15 18 33.473
 16 1 15 19 33.327
 16 1 15 20 33.395
 16 1 15 21 35.185
 16 1 15 22 31.900
 16 1 15 23 33.852
 16 1 15 24 22.856
 16 1 15 25 19.721
 16 1 15 26 16.624
 16 1 15 27 21.919
 16 1 15 28 22.456
 16 1 15 29 22.542
 16 1 15 30 23.082
 16 1 15 31 20.098
 16 1 16  0 20.584
 16 1 16  1 24.083
 16 1 16  2 20.544
 16 1 16  3 22.022
 16 1 16  4 22.351
 16 1 16  5 23.975
 16 1 16  6 21.757
 16 1 16  7 21.654
 16 1 16  8 36.180
 16 1 16  9 34.727
 16 1 16 10 33.729
 16 1 16 11 32.838
 16 1 16 12 35.483
 16 1 16 13 35.183
 16 1 16 14 35.731
 16 1 16 15 35.916
 16 1 16 16 33.093
 16 1 16 17 36.696
 16 1 16 18 32.327
 16 1 16 19 34.984
 16 1 16 20 34.014
 16 1 16 21 33.828
 16 1 16 22 35.884
 16 1 16 23 35.048
 16 1 16 24 19.741
 16 1 16 25 21.078
 16 1 16 26 23.075
 16 1 16 27 23.554
 16 1 16 28 21.767
 16 1 16 29 20.349
 16 1 16 30 23.460
 16 1 16 31 22.332
 16 1 17  0 23.810
 16 1 17  1 23.590
 16 1 17  2 24.713
 16 1 17  3 23.591
 16 1 17  4 25.300
 16 1 17  5 20.445
 16 1 17  6 24.766
 16 1 17  7 24.680
 16 1 17  8 36.820
 16 1 17  9 36.356
 16 1 17 10 36.226
 16 1 17 11 36.428
 16 1 17 12 34.172
 16 1 17 13 35.231
 16 1 17 14 37.451
 16 1 17 15 36.943
 16 1 17 16 37.193
 16 1 17 17 35.958
 16 1 17 18 36.454
 16 1 17 19 34.516
 16 1 17 20 32.947
 16 1 17 21 35.774
 16 1 17 22 35.408
 16 1 17 23 36.035
 16 1 17 24 23.757
 16 1 17 25 19.794
 16 1 17 26 22.311
 16 1 17 27 21.659
 16 1 17 28 22.806
 16 1 17 29 23.295
 16 1 17 30 22.609
 16 1 17 31 23.607
 14 0  0  0 26.884
 14 0  0  1 26.287
 14 0  0  2 24.272
 14 0  0  3 26.936
 14 0  0  4 24.488
 14 0  0  5 28.225
 14 0  0  6 26.469
 14 0  0  7 26.798
 14 0  0  8 27.100
 14 0  0  9 28.049
 14 0  0 10 27.288
 14 0  0 11 23.490
 14 0  0 12 26.475
 14 0  0 13 27.563
 14 0  0 14 28.106
 14 0  0 15 25.827
 14 0  0 16 27.710
 14 0  0 17 25.101
 14 0  0 18 25.781
 14 0  0 19 23.499
 14 0  0 20 24.944
 14 0  0 21 27.215
 14 0  0 22 25.292
 14 0  0 23  0.010
 14 0  1  0 26.902
 14 0  1  1 25.086
 14 0  1  2 26.906
 14 0  1  3 25.915
 14 0  1  4 26.193
 14 0  1  5 27.655
 14 0  1  6 25.506
 14 0  1  7 26.481
 14 0  1  8 28.372
 14 0  1  9  0.010
 14 0  1 10 25.185
 14 0  1 11 23.701
 14 0  1 12 26.271
 14 0  1 13 24.306
 14 0  1 14 26.091
 14 0  1 15 25.410
 14 0  1 16 28.485
 14 0  1 17 26.783
 14 0  1 18 27.578
 14 0  1 19 27.339
 14 0  1 20 25.025
 14 0  1 21 24.952
 14 0  1 22 27.932
 14 0  1 23 23.679
 14 0  2  0 28.077
 14 0  2  1 27.378
 14 0  2  2 27.735
 14 0  2  3 25.566
 14 0  2  4 29.467
 14 0  2  5 24.348
 14 0  2  6 27.805
 14 0  2  7 27.182
 14 0  2  8 25.439
 14 0  2  9 25.599
 14 0  2 10 25.142
 14 0  2 11 25.729
 14 0  2 12 20.411
 14 0  2 13 26.874
 14 0  2 14 27.673
 14 0  2 15 23.712
 14 0  2 16 25.340
 14 0  2 17 25.308
 14 0  2 18 23.299
 14 0  2 19 23.140
 14 0  2 20 26.215
 14 0  2 21 26.179
 14 0  2 22 25.705
 14 0  2 23 25.531
 14 0  3  0 29.259
 14 0  3  1 26.484
 14 0  3  2 27.844
 14 0  3  3 27.316
 14 0  3  4 28.065
 14 0  3  5 26.238
 14 0  3  6 25.950
 14 0  3  7 28.093
 14 0  3  8 27.392
 14 0  3  9 26.517
 14 0  3 10 28.033
 14 0  3 11 28.109
 14 0  3 12 26.109
 14 0  3 13 28.313
 14 0  3 14 27.986
 14 0  3 15 25.392
 14 0  3 16 26.821
 14 0  3 17 25.551
 14 0  3 18 28.277
 14 0  3 19 24.650
 14 0  3 20 28.045
 14 0  3 21 23.239
 14 0  3 22 25.144
 14 0  3 23 25.079
 14 0  4  0 28.307
 14 0  4  1 27.123
 14 0  4  2 26.270
 14 0  4  3  0.010
 14 0  4  4 28.660
 14 0  4  5 27.362
 14 0  4  6 26.545
 14 0  4  7 28.365
 14 0  4  8 27.256
 14 0  4  9 27.428
 14 0  4 10 27.534
 14 0  4 11 24.929
 14 0  4 12 27.644
 14 0  4 13 28.831
 14 0  4 14 28.056
 14 0  4 15 27.740
 14 0  4 16 28.582
 14 0  4 17 27.759
 14 0  4 18 28.502
 14 0  4 19 27.589
 14 0  4 20 27.081
 14 0  4 21 28.633
 14 0  4 22 25.109
 14 0  4 23 27.319
 14 0  5  0 26.186
 14 0  5  1 23.989
 14 0  5  2 27.784
 14 0  5  3 26.839
 14 0  5  4 26.170
 14 0  5  5 27.428
 14 0  5  6 23.229
 14 0  5  7 23.085
 14 0  5  8 28.468
 14 0  5  9 23.539
 14 0  5 10 27.610
 14 0  5 11 25.500
 14 0  5 12 23.022
 14 0  5 13 23.477
 14 0  5 14 27.455
 14 0  5 15 28.014
 14 0  5 16 25.535
 14 0  5 17 25.951
 14 0  5 18 28.892
 14 0  5 19 22.822
 14 0  5 20 27.127
 14 0  5 21 22.083
 14 0  5 22 27.282
 14 0  5 23 24.840
 14 0  6  0 27.284
 14 0  6  1 28.328
 14 0  6  2 28.132
 14 0  6  3 29.121
 14 0  6  4 24.119
 14 0  6  5 28.270
 14 0  6  6 25.774
 14 0  6  7 28.535
 14 0  6  8 28.191
 14 0  6  9 28.369
 14 0  6 10 28.223
 14 0  6 11 28.357
 14 0  6 12 27.534
 14 0  6 13 25.223
 14 0  6 14 26.898
 14 0  6 15 27.158
 14 0  6 16 26.206
 14 0  6 17 25.238
 14 0  6 18 25.328
 14 0  6 19 26.186
 14 0  6 20 27.443
 14 0  6 21 26.935
 14 0  6 22 26.418
 14 0  6 23 26.537
 14 0  7  0 24.950
 14 0  7  1 23.974
 14 0  7  2 24.756
 14 0  7  3 25.295
 14 0  7  4 26.111
 14 0  7  5 24.795
 14 0  7  6 26.040
 14 0  7  7 25.849
 14 0  7  8 22.172
 14 0  7  9 23.328
 14 0  7 10 22.768
 14 0  7 11 24.613
 14 0  7 12 26.441
 14 0  7 13 25.530
 14 0  7 14 24.257
 14 0  7 15 24.363
 14 0  7 16 26.485
 14 0  7 17 25.945
 14 0  7 18 26.307
 14 0  7 19 25.498
 14 0  7 20 26.145
 14 0  7 21 25.882
 14 0  7 22 24.727
 14 0  7 23 25.144
 14 0  8  0 27.141
 14 0  8  1 26.947
 14 0  8  2 26.694
 14 0  8  3 27.784
 14 0  8  4 26.527
 14 0  8  5 26.443
 14 0  8  6 28.584
 14 0  8  7 26.549
 14 0  8  8 26.829
 14 0  8  9  0.010
 14 0  8 10 27.307
 14 0  8 11 26.937
 14 0  8 12 27.827
 14 0  8 13 26.407
 14 0  8 14 26.197
 14 0  8 15 26.067
 14 0  8 16 27.849
 14 0  8 17 26.259
 14 0  8 18 26.399
 14 0  8 19 27.256
 14 0  8 20 24.259
 14 0  8 21 27.330
 14 0  8 22 24.198
 14 0  8 23 24.883
 14 0  9  0 21.314
 14 0  9  1 27.170
 14 0  9  2 27.463
 14 0  9  3 27.329
 14 0  9  4 23.535
 14 0  9  5 27.179
 14 0  9  6 26.817
 14 0  9  7 27.227
 14 0  9  8 21.744
 14 0  9  9 22.549
 14 0  9 10 21.674
 14 0  9 11 25.898
 14 0  9 12 25.595
 14 0  9 13 27.415
 14 0  9 14 23.138
 14 0  9 15 23.175
 14 0  9 16 27.523
 14 0  9 17 24.088
 14 0  9 18 24.986
 14 0  9 19 22.517
 14 0  9 20 25.958
 14 0  9 21 22.987
 14 0  9 22 24.336
 14 0  9 23 22.017
 14 0 10  0 26.607
 14 0 10  1 23.183
 14 0 10  2 26.273
 14 0 10  3 23.923
 14 0 10  4 26.409
 14 0 10  5 24.906
 14 0 10  6 25.291
 14 0 10  7 25.780
 14 0 10  8 24.916
 14 0 10  9 24.368
 14 0 10 10 25.280
 14 0 10 11 24.031
 14 0 10 12 24.007
 14 0 10 13 24.127
 14 0 10 14 22.712
 14 0 10 15 24.063
 14 0 10 16 25.009
 14 0 10 17 24.846
 14 0 10 18 23.788
 14 0 10 19 16.610
 14 0 10 20 22.725
 14 0 10 21 23.303
 14 0 10 22 23.264
 14 0 10 23 25.809
 14 1  0  0 23.431
 14 1  0  1 21.928
 14 1  0  2 24.582
 14 1  0  3 24.992
 14 1  0  4 24.957
 14 1  0  5 24.266
 14 1  0  6 24.581
 14 1  0  7 22.416
 14 1  0  8 24.654
 14 1  0  9 25.498
 14 1  0 10 24.943
 14 1  0 11 24.484
 14 1  0 12 25.530
 14 1  0 13 25.781
 14 1  0 14 24.210
 14 1  0 15 25.915
 14 1  0 16 24.712
 14 1  0 17 25.339
 14 1  0 18 25.605
 14 1  0 19 25.430
 14 1  0 20 24.094
 14 1  0 21 25.221
 14 1  0 22 24.745
 14 1  0 23 24.961
 14 1  1  0 24.242
 14 1  1  1 23.311
 14 1  1  2 22.548
 14 1  1  3 26.526
 14 1  1  4 23.135
 14 1  1  5 25.549
 14 1  1  6 24.404
 14 1  1  7 23.992
 14 1  1  8 23.184
 14 1  1  9 24.977
 14 1  1 10 23.143
 14 1  1 11 24.588
 14 1  1 12 23.870
 14 1  1 13 25.163
 14 1  1 14 23.921
 14 1  1 15 24.891
 14 1  1 16  0.010
 14 1  1 17 25.435
 14 1  1 18 23.578
 14 1  1 19 25.580
 14 1  1 20 24.861
 14 1  1 21 25.470
 14 1  1 22 23.211
 14 1  1 23 25.210
 14 1  2  0 23.533
 14 1  2  1 25.551
 14 1  2  2 24.935
 14 1  2  3 24.315
 14 1  2  4 25.968
 14 1  2  5 26.181
 14 1  2  6 24.650
 14 1  2  7 25.279
 14 1  2  8 23.664
 14 1  2  9 25.407
 14 1  2 10 25.242
 14 1  2 11 26.507
 14 1  2 12 25.711
 14 1  2 13 23.408
 14 1  2 14 28.227
 14 1  2 15 24.822
 14 1  2 16 23.711
 14 1  2 17 23.962
 14 1  2 18 23.371
 14 1  2 19 25.741
 14 1  2 20 22.911
 14 1  2 21 26.331
 14 1  2 22 24.722
 14 1  2 23 24.500
 14 1  3  0 25.011
 14 1  3  1 24.370
 14 1  3  2 25.327
 14 1  3  3 24.164
 14 1  3  4 23.856
 14 1  3  5 25.669
 14 1  3  6 24.450
 14 1  3  7 25.321
 14 1  3  8 22.275
 14 1  3  9 24.960
 14 1  3 10 21.896
 14 1  3 11 25.587
 14 1  3 12 24.885
 14 1  3 13 24.714
 14 1  3 14 25.887
 14 1  3 15 24.685
 14 1  3 16 24.861
 14 1  3 17 25.933
 14 1  3 18 24.165
 14 1  3 19 25.329
 14 1  3 20 24.024
 14 1  3 21 25.494
 14 1  3 22 26.054
 14 1  3 23 25.124
 14 1  4  0 25.999
 14 1  4  1 26.185
 14 1  4  2 26.518
 14 1  4  3 25.183
 14 1  4  4 23.275
 14 1  4  5 24.415
 14 1  4  6 26.244
 14 1  4  7 25.963
 14 1  4  8 26.579
 14 1  4  9 27.492
 14 1  4 10 26.420
 14 1  4 11 24.867
 14 1  4 12 26.651
 14 1  4 13 24.485
 14 1  4 14 25.864
 14 1  4 15 25.155
 14 1  4 16 27.558
 14 1  4 17 27.974
 14 1  4 18 27.016
 14 1  4 19 26.875
 14 1  4 20 26.456
 14 1  4 21 27.054
 14 1  4 22 24.998
 14 1  4 23 26.808
 14 1  5  0 26.016
 14 1  5  1 25.764
 14 1  5  2 25.905
 14 1  5  3 25.428
 14 1  5  4 24.331
 14 1  5  5 24.835
 14 1  5  6 26.141
 14 1  5  7 23.250
 14 1  5  8  0.010
 14 1  5  9 22.467
 14 1  5 10  0.010
 14 1  5 11 20.729
 14 1  5 12 22.170
 14 1  5 13  0.010
 14 1  5 14 18.953
 14 1  5 15 23.198
 14 1  5 16 25.019
 14 1  5 17 26.690
 14 1  5 18 23.628
 14 1  5 19 25.196
 14 1  5 20 20.148
 14 1  5 21 22.479
 14 1  5 22 21.798
 14 1  5 23 19.009
 14 1  6  0 25.525
 14 1  6  1 24.424
 14 1  6  2 23.642
 14 1  6  3 20.100
 14 1  6  4 25.475
 14 1  6  5 24.836
 14 1  6  6 24.954
 14 1  6  7 23.122
 14 1  6  8 23.489
 14 1  6  9 24.864
 14 1  6 10 24.109
 14 1  6 11 26.095
 14 1  6 12 23.588
 14 1  6 13 26.411
 14 1  6 14 25.981
 14 1  6 15 24.273
 14 1  6 16 24.160
 14 1  6 17 25.039
 14 1  6 18 24.894
 14 1  6 19 25.850
 14 1  6 20 23.359
 14 1  6 21 24.388
 14 1  6 22 22.982
 14 1  6 23 25.753
 14 1  7  0 26.026
 14 1  7  1 25.187
 14 1  7  2 25.592
 14 1  7  3 25.226
 14 1  7  4 25.967
 14 1  7  5 23.422
 14 1  7  6 26.646
 14 1  7  7 26.057
 14 1  7  8 26.483
 14 1  7  9 26.261
 14 1  7 10 25.639
 14 1  7 11 25.704
 14 1  7 12 26.066
 14 1  7 13  0.010
 14 1  7 14 26.615
 14 1  7 15 26.701
 14 1  7 16 25.866
 14 1  7 17 24.992
 14 1  7 18 23.507
 14 1  7 19 25.336
 14 1  7 20 25.148
 14 1  7 21 26.247
 14 1  7 22 26.151
 14 1  7 23 26.493
 14 1  8  0 26.811
 14 1  8  1 26.003
 14 1  8  2 25.956
 14 1  8  3 24.848
 14 1  8  4 27.385
 14 1  8  5 27.126
 14 1  8  6 26.955
 14 1  8  7 26.273
 14 1  8  8  0.010
 14 1  8  9 26.831
 14 1  8 10 26.255
 14 1  8 11 25.897
 14 1  8 12 27.168
 14 1  8 13 27.296
 14 1  8 14 27.839
 14 1  8 15 25.150
 14 1  8 16 25.640
 14 1  8 17 28.466
 14 1  8 18 27.530
 14 1  8 19 26.438
 14 1  8 20  0.010
 14 1  8 21 27.638
 14 1  8 22 26.424
 14 1  8 23 24.253
 14 1  9  0 21.072
 14 1  9  1 24.222
 14 1  9  2 24.683
 14 1  9  3 21.546
 14 1  9  4 21.000
 14 1  9  5 26.177
 14 1  9  6 18.716
 14 1  9  7 23.523
 14 1  9  8 26.430
 14 1  9  9 21.522
 14 1  9 10 26.567
 14 1  9 11 20.390
 14 1  9 12 25.115
 14 1  9 13 27.202
 14 1  9 14 23.893
 14 1  9 15 26.102
 14 1  9 16 24.834
 14 1  9 17 25.652
 14 1  9 18 25.866
 14 1  9 19 22.762
 14 1  9 20 20.272
 14 1  9 21 20.624
 14 1  9 22 25.571
 14 1  9 23 18.277
 14 1 10  0 23.989
 14 1 10  1 23.423
 14 1 10  2 24.588
 14 1 10  3 24.223
 14 1 10  4 20.699
 14 1 10  5 24.866
 14 1 10  6 24.043
 14 1 10  7 23.010
 14 1 10  8 23.407
 14 1 10  9 23.573
 14 1 10 10 24.617
 14 1 10 11 24.815
 14 1 10 12 25.270
 14 1 10 13 25.529
 14 1 10 14  0.010
 14 1 10 15 25.319
 14 1 10 16 23.326
 14 1 10 17 25.029
 14 1 10 18 24.475
 14 1 10 19 25.224
 14 1 10 20 24.500
 14 1 10 21 25.757
 14 1 10 22  0.010
 14 1 10 23 25.886
