  3 0  0  0 28.703
  3 0  0  1 24.054
  3 0  0  2 27.575
  3 0  0  3 26.380
  3 0  0  4 26.572
  3 0  0  5 25.945
  3 0  0  6 26.342
  3 0  0  7 26.066
  3 0  0  8 25.640
  3 0  0  9 26.452
  3 0  0 10 27.250
  3 0  0 11 26.002
  3 0  0 12 24.315
  3 0  0 13 27.010
  3 0  0 14 25.149
  3 0  0 15 26.183
  3 0  0 16 25.069
  3 0  0 17 26.150
  3 0  0 18 26.062
  3 0  0 19 25.760
  3 0  0 20 26.159
  3 0  0 21 23.881
  3 0  0 22 24.580
  3 0  0 23 28.004
  3 0  1  0 26.668
  3 0  1  1 26.361
  3 0  1  2 24.785
  3 0  1  3 24.259
  3 0  1  4 23.993
  3 0  1  5 23.388
  3 0  1  6 22.244
  3 0  1  7 24.368
  3 0  1  8 22.704
  3 0  1  9 26.633
  3 0  1 10 27.220
  3 0  1 11 26.204
  3 0  1 12 25.694
  3 0  1 13 26.163
  3 0  1 14 27.037
  3 0  1 15 23.621
  3 0  1 16 26.556
  3 0  1 17 26.693
  3 0  1 18 28.375
  3 0  1 19 25.662
  3 0  1 20 25.302
  3 0  1 21 25.443
  3 0  1 22 25.835
  3 0  1 23 26.486
  3 0  2  0 24.366
  3 0  2  1 23.075
  3 0  2  2 27.520
  3 0  2  3 26.216
  3 0  2  4 22.803
  3 0  2  5 27.175
  3 0  2  6 24.556
  3 0  2  7 24.538
  3 0  2  8 24.540
  3 0  2  9 27.133
  3 0  2 10 22.949
  3 0  2 11 25.768
  3 0  2 12 22.875
  3 0  2 13 26.531
  3 0  2 14 23.358
  3 0  2 15 26.077
  3 0  2 16 23.282
  3 0  2 17 25.820
  3 0  2 18 27.023
  3 0  2 19 26.820
  3 0  2 20 27.559
  3 0  2 21 26.389
  3 0  2 22 23.315
  3 0  2 23 22.603
  3 0  3  0 26.963
  3 0  3  1 26.090
  3 0  3  2 25.962
  3 0  3  3 26.413
  3 0  3  4 25.988
  3 0  3  5 26.444
  3 0  3  6 27.242
  3 0  3  7 26.794
  3 0  3  8 26.921
  3 0  3  9 25.895
  3 0  3 10 26.010
  3 0  3 11 27.051
  3 0  3 12 25.181
  3 0  3 13 26.611
  3 0  3 14 25.991
  3 0  3 15 27.273
  3 0  3 16 24.881
  3 0  3 17 26.949
  3 0  3 18 26.290
  3 0  3 19 27.053
  3 0  3 20 27.712
  3 0  3 21 27.642
  3 0  3 22 26.371
  3 0  3 23 26.034
  3 0  4  0 28.874
  3 0  4  1 26.756
  3 0  4  2 28.959
  3 0  4  3 25.634
  3 0  4  4 25.994
  3 0  4  5 27.304
  3 0  4  6 25.181
  3 0  4  7 26.602
  3 0  4  8 28.151
  3 0  4  9 27.400
  3 0  4 10 26.825
  3 0  4 11 26.584
  3 0  4 12 26.226
  3 0  4 13 27.226
  3 0  4 14 28.184
  3 0  4 15 27.001
  3 0  4 16 27.647
  3 0  4 17 27.297
  3 0  4 18 26.015
  3 0  4 19 28.664
  3 0  4 20 27.151
  3 0  4 21 28.536
  3 0  4 22 27.984
  3 0  4 23 29.967
  3 0  5  0 28.874
  3 0  5  1 28.096
  3 0  5  2 29.108
  3 0  5  3 28.935
  3 0  5  4 29.637
  3 0  5  5 28.492
  3 0  5  6 25.914
  3 0  5  7 28.405
  3 0  5  8 28.588
  3 0  5  9 29.757
  3 0  5 10 28.689
  3 0  5 11 29.196
  3 0  5 12 28.100
  3 0  5 13 27.729
  3 0  5 14 29.708
  3 0  5 15 27.272
  3 0  5 16 28.137
  3 0  5 17 28.938
  3 0  5 18 28.977
  3 0  5 19 28.740
  3 0  5 20 29.336
  3 0  5 21 28.684
  3 0  5 22 27.480
  3 0  5 23 27.537
  3 0  6  0 24.633
  3 0  6  1 23.134
  3 0  6  2 26.298
  3 0  6  3 27.976
  3 0  6  4 22.743
  3 0  6  5 22.679
  3 0  6  6 20.532
  3 0  6  7 24.241
  3 0  6  8 23.911
  3 0  6  9 26.655
  3 0  6 10 24.229
  3 0  6 11 22.130
  3 0  6 12 21.344
  3 0  6 13 20.191
  3 0  6 14 25.096
  3 0  6 15 23.994
  3 0  6 16 21.745
  3 0  6 17 21.440
  3 0  6 18 21.884
  3 0  6 19 23.569
  3 0  6 20 22.895
  3 0  6 21 27.548
  3 0  6 22 21.958
  3 0  6 23 21.906
  3 0  7  0 25.071
  3 0  7  1 23.691
  3 0  7  2 29.208
  3 0  7  3 26.494
  3 0  7  4 25.413
  3 0  7  5 27.349
  3 0  7  6 25.826
  3 0  7  7 29.119
  3 0  7  8 22.019
  3 0  7  9 24.543
  3 0  7 10 23.230
  3 0  7 11 24.508
  3 0  7 12 26.961
  3 0  7 13 26.741
  3 0  7 14 28.182
  3 0  7 15 25.837
  3 0  7 16 30.140
  3 0  7 17 29.035
  3 0  7 18 28.653
  3 0  7 19 28.981
  3 0  7 20 26.746
  3 0  7 21 27.022
  3 0  7 22 28.027
  3 0  7 23 23.586
  3 0  8  0 28.339
  3 0  8  1 27.637
  3 0  8  2 27.338
  3 0  8  3 27.231
  3 0  8  4 27.892
  3 0  8  5 27.494
  3 0  8  6 27.430
  3 0  8  7 26.401
  3 0  8  8 27.099
  3 0  8  9 27.442
  3 0  8 10 27.053
  3 0  8 11 27.926
  3 0  8 12 25.989
  3 0  8 13 28.851
  3 0  8 14 28.062
  3 0  8 15 26.142
  3 0  8 16 26.734
  3 0  8 17 29.815
  3 0  8 18 24.919
  3 0  8 19 27.993
  3 0  8 20 24.870
  3 0  8 21 25.100
  3 0  8 22 25.589
  3 0  8 23 27.115
  3 0  9  0 28.016
  3 0  9  1 26.674
  3 0  9  2 25.904
  3 0  9  3 25.521
  3 0  9  4 26.739
  3 0  9  5 26.387
  3 0  9  6 25.561
  3 0  9  7 27.243
  3 0  9  8 26.376
  3 0  9  9 27.107
  3 0  9 10 26.318
  3 0  9 11 26.532
  3 0  9 12 25.312
  3 0  9 13 24.774
  3 0  9 14 22.926
  3 0  9 15 25.398
  3 0  9 16 25.090
  3 0  9 17 27.995
  3 0  9 18 26.343
  3 0  9 19 26.081
  3 0  9 20 27.272
  3 0  9 21 24.963
  3 0  9 22 26.290
  3 0  9 23 27.694
  3 0 10  0 28.789
  3 0 10  1 28.671
  3 0 10  2 27.634
  3 0 10  3 29.665
  3 0 10  4 29.984
  3 0 10  5 30.699
  3 0 10  6 30.583
  3 0 10  7 31.578
  3 0 10  8 28.333
  3 0 10  9 28.686
  3 0 10 10 27.202
  3 0 10 11 27.734
  3 0 10 12 26.586
  3 0 10 13 28.309
  3 0 10 14  0.010
  3 0 10 15 25.658
  3 0 10 16 28.970
  3 0 10 17 27.467
  3 0 10 18 27.467
  3 0 10 19 25.104
  3 0 10 20 27.997
  3 0 10 21 27.328
  3 0 10 22 27.620
  3 0 10 23 26.746
  3 1  0  0 25.119
  3 1  0  1 24.887
  3 1  0  2 23.401
  3 1  0  3 25.010
  3 1  0  4 24.963
  3 1  0  5 24.852
  3 1  0  6 24.473
  3 1  0  7 24.852
  3 1  0  8 25.238
  3 1  0  9 23.760
  3 1  0 10 24.876
  3 1  0 11 24.066
  3 1  0 12 24.827
  3 1  0 13 25.143
  3 1  0 14 24.439
  3 1  0 15 24.503
  3 1  0 16 26.407
  3 1  0 17 25.814
  3 1  0 18 25.177
  3 1  0 19 24.977
  3 1  0 20 26.697
  3 1  0 21 26.211
  3 1  0 22 24.420
  3 1  0 23 25.422
  3 1  1  0 25.287
  3 1  1  1 24.463
  3 1  1  2 25.291
  3 1  1  3 26.415
  3 1  1  4 24.627
  3 1  1  5 25.275
  3 1  1  6 24.897
  3 1  1  7 23.538
  3 1  1  8 26.200
  3 1  1  9 23.791
  3 1  1 10 24.220
  3 1  1 11 25.109
  3 1  1 12 24.452
  3 1  1 13 23.660
  3 1  1 14 25.961
  3 1  1 15 25.155
  3 1  1 16 26.193
  3 1  1 17 24.322
  3 1  1 18 26.421
  3 1  1 19 25.271
  3 1  1 20 26.494
  3 1  1 21 24.468
  3 1  1 22 25.939
  3 1  1 23 25.649
  3 1  2  0 24.665
  3 1  2  1 24.604
  3 1  2  2 26.538
  3 1  2  3 26.123
  3 1  2  4 27.208
  3 1  2  5 22.600
  3 1  2  6 25.651
  3 1  2  7 22.022
  3 1  2  8 21.835
  3 1  2  9 22.643
  3 1  2 10 25.555
  3 1  2 11 20.678
  3 1  2 12 23.813
  3 1  2 13 20.979
  3 1  2 14 27.521
  3 1  2 15 24.211
  3 1  2 16 23.043
  3 1  2 17 25.393
  3 1  2 18 25.109
  3 1  2 19 24.635
  3 1  2 20 26.302
  3 1  2 21 26.538
  3 1  2 22 24.352
  3 1  2 23 23.215
  3 1  3  0 26.373
  3 1  3  1 24.787
  3 1  3  2 26.343
  3 1  3  3 24.626
  3 1  3  4 24.953
  3 1  3  5 25.847
  3 1  3  6 23.826
  3 1  3  7 25.286
  3 1  3  8 25.996
  3 1  3  9 24.713
  3 1  3 10 26.661
  3 1  3 11 26.570
  3 1  3 12 25.324
  3 1  3 13 27.129
  3 1  3 14 25.905
  3 1  3 15 24.682
  3 1  3 16 25.574
  3 1  3 17 24.251
  3 1  3 18 25.345
  3 1  3 19 24.591
  3 1  3 20 25.529
  3 1  3 21 24.942
  3 1  3 22 23.933
  3 1  3 23 27.679
  3 1  4  0 26.239
  3 1  4  1 26.986
  3 1  4  2 25.594
  3 1  4  3 26.125
  3 1  4  4 26.592
  3 1  4  5 26.531
  3 1  4  6 23.929
  3 1  4  7 25.418
  3 1  4  8 25.887
  3 1  4  9 24.272
  3 1  4 10 26.613
  3 1  4 11 25.629
  3 1  4 12 22.942
  3 1  4 13 23.213
  3 1  4 14 25.009
  3 1  4 15 23.770
  3 1  4 16 25.573
  3 1  4 17 27.827
  3 1  4 18 26.500
  3 1  4 19 26.414
  3 1  4 20 26.277
  3 1  4 21 25.417
  3 1  4 22 24.404
  3 1  4 23 25.218
  3 1  5  0 25.714
  3 1  5  1 26.888
  3 1  5  2 26.119
  3 1  5  3 25.517
  3 1  5  4 25.865
  3 1  5  5 27.357
  3 1  5  6 26.126
  3 1  5  7 24.929
  3 1  5  8 26.365
  3 1  5  9 26.718
  3 1  5 10 26.767
  3 1  5 11 24.952
  3 1  5 12 23.631
  3 1  5 13 28.807
  3 1  5 14 26.007
  3 1  5 15 24.930
  3 1  5 16 25.982
  3 1  5 17 24.664
  3 1  5 18 25.098
  3 1  5 19 26.890
  3 1  5 20 25.182
  3 1  5 21 27.082
  3 1  5 22 26.850
  3 1  5 23 24.283
  3 1  6  0 25.227
  3 1  6  1 26.353
  3 1  6  2 23.980
  3 1  6  3 26.171
  3 1  6  4 26.335
  3 1  6  5 24.372
  3 1  6  6 24.864
  3 1  6  7 27.510
  3 1  6  8 26.336
  3 1  6  9 27.456
  3 1  6 10 25.217
  3 1  6 11 23.795
  3 1  6 12 22.952
  3 1  6 13 24.341
  3 1  6 14 23.238
  3 1  6 15 22.221
  3 1  6 16 26.364
  3 1  6 17 26.513
  3 1  6 18 25.927
  3 1  6 19 22.200
  3 1  6 20 23.370
  3 1  6 21 26.831
  3 1  6 22 26.640
  3 1  6 23 25.110
  3 1  7  0 27.564
  3 1  7  1 29.854
  3 1  7  2 26.537
  3 1  7  3 26.783
  3 1  7  4 28.218
  3 1  7  5 26.374
  3 1  7  6 25.859
  3 1  7  7 26.008
  3 1  7  8 26.183
  3 1  7  9 27.478
  3 1  7 10 25.516
  3 1  7 11 24.269
  3 1  7 12 28.218
  3 1  7 13 28.678
  3 1  7 14 29.200
  3 1  7 15 28.937
  3 1  7 16 27.912
  3 1  7 17 28.096
  3 1  7 18 27.368
  3 1  7 19 29.150
  3 1  7 20 28.712
  3 1  7 21 27.841
  3 1  7 22 25.042
  3 1  7 23 22.956
  3 1  8  0 27.268
  3 1  8  1 27.599
  3 1  8  2 25.081
  3 1  8  3 27.476
  3 1  8  4 24.758
  3 1  8  5 27.692
  3 1  8  6 27.257
  3 1  8  7 28.121
  3 1  8  8 28.068
  3 1  8  9 27.718
  3 1  8 10 27.922
  3 1  8 11 24.530
  3 1  8 12 24.171
  3 1  8 13 25.181
  3 1  8 14 26.927
  3 1  8 15 24.854
  3 1  8 16 27.010
  3 1  8 17 25.313
  3 1  8 18 26.481
  3 1  8 19 27.885
  3 1  8 20 27.821
  3 1  8 21 27.352
  3 1  8 22 28.693
  3 1  8 23 29.606
  3 1  9  0 24.477
  3 1  9  1 24.246
  3 1  9  2 23.920
  3 1  9  3 23.202
  3 1  9  4 25.220
  3 1  9  5 24.336
  3 1  9  6 24.042
  3 1  9  7 22.913
  3 1  9  8 23.549
  3 1  9  9 25.230
  3 1  9 10 25.883
  3 1  9 11 25.497
  3 1  9 12 25.142
  3 1  9 13 25.160
  3 1  9 14 27.076
  3 1  9 15 24.251
  3 1  9 16 20.553
  3 1  9 17 26.061
  3 1  9 18 28.484
  3 1  9 19 26.318
  3 1  9 20 24.309
  3 1  9 21 25.052
  3 1  9 22 23.485
  3 1  9 23 27.175
  3 1 10  0 24.513
  3 1 10  1 25.542
  3 1 10  2 25.099
  3 1 10  3 25.853
  3 1 10  4 24.205
  3 1 10  5 23.926
  3 1 10  6 24.171
  3 1 10  7 24.347
  3 1 10  8 25.661
  3 1 10  9 25.249
  3 1 10 10 25.577
  3 1 10 11 27.012
  3 1 10 12 24.995
  3 1 10 13 23.721
  3 1 10 14 25.293
  3 1 10 15 24.698
  3 1 10 16 26.375
  3 1 10 17 25.271
  3 1 10 18 24.443
  3 1 10 19 25.812
  3 1 10 20 27.161
  3 1 10 21 25.385
  3 1 10 22 26.629
  3 1 10 23 25.999
 15 0  0  0 20.190
 15 0  0  1 18.242
 15 0  0  2 18.683
 15 0  0  3 22.085
 15 0  0  4 17.304
 15 0  0  5 18.830
 15 0  0  6 21.665
 15 0  0  7 24.623
 15 0  0  8 18.337
 15 0  0  9 17.882
 15 0  0 10 12.733
 15 0  0 11 11.968
 15 0  0 12 13.864
 15 0  0 13  9.433
 15 0  0 14 13.327
 15 0  0 15 13.883
 15 0  0 16 12.365
 15 0  0 17 14.707
 15 0  0 18 11.894
 15 0  0 19  9.572
 15 0  0 20  8.558
 15 0  0 21  7.054
 15 0  0 22 10.152
 15 0  0 23 12.619
 15 0  0 24 16.180
 15 0  0 25 20.039
 15 0  0 26  7.646
 15 0  0 27  5.676
 15 0  0 28  6.071
 15 0  0 29  7.638
 15 0  0 30  5.583
 15 0  0 31 10.241
 15 0  0 32 17.075
 15 0  0 33 18.338
 15 0  0 34 11.607
 15 0  0 35 20.455
 15 0  0 36 17.417
 15 0  0 37 10.459
 15 0  0 38  9.540
 15 0  0 39 18.742
 15 0  1  0 15.747
 15 0  1  1 19.486
 15 0  1  2 18.269
 15 0  1  3 18.891
 15 0  1  4 22.608
 15 0  1  5 19.814
 15 0  1  6 17.032
 15 0  1  7 19.993
 15 0  1  8 20.546
 15 0  1  9 17.904
 15 0  1 10 15.724
 15 0  1 11 20.927
 15 0  1 12 18.329
 15 0  1 13 20.928
 15 0  1 14 20.111
 15 0  1 15 17.564
 15 0  1 16 18.644
 15 0  1 17 20.781
 15 0  1 18 18.855
 15 0  1 19 21.513
 15 0  1 20 22.288
 15 0  1 21 22.033
 15 0  1 22 15.634
 15 0  1 23 20.673
 15 0  1 24 21.222
 15 0  1 25 21.395
 15 0  1 26 20.265
 15 0  1 27 18.618
 15 0  1 28 20.718
 15 0  1 29 19.654
 15 0  1 30 21.612
 15 0  1 31 22.471
 15 0  1 32 20.464
 15 0  1 33 22.652
 15 0  1 34 20.017
 15 0  1 35 22.948
 15 0  1 36 21.734
 15 0  1 37 23.058
 15 0  1 38 22.211
 15 0  1 39 22.361
 15 0  2  0 12.808
 15 0  2  1 20.547
 15 0  2  2 15.239
 15 0  2  3 19.176
 15 0  2  4 19.760
 15 0  2  5 17.511
 15 0  2  6 16.045
 15 0  2  7 14.311
 15 0  2  8 19.067
 15 0  2  9 18.523
 15 0  2 10 14.932
 15 0  2 11 20.587
 15 0  2 12 22.233
 15 0  2 13 20.556
 15 0  2 14 22.376
 15 0  2 15 19.767
 15 0  2 16 17.653
 15 0  2 17 19.016
 15 0  2 18 21.532
 15 0  2 19 19.733
 15 0  2 20 20.816
 15 0  2 21 15.673
 15 0  2 22 19.145
 15 0  2 23 17.189
 15 0  2 24 14.847
 15 0  2 25 20.429
 15 0  2 26 19.250
 15 0  2 27 19.068
 15 0  2 28 15.543
 15 0  2 29 23.364
 15 0  2 30 17.881
 15 0  2 31 19.990
 15 0  2 32 18.849
 15 0  2 33 14.856
 15 0  2 34 18.579
 15 0  2 35 19.238
 15 0  2 36 13.834
 15 0  2 37 16.222
 15 0  2 38 13.610
 15 0  2 39 11.370
 15 0  3  0 20.459
 15 0  3  1 17.950
 15 0  3  2 19.917
 15 0  3  3 20.345
 15 0  3  4 18.059
 15 0  3  5 17.738
 15 0  3  6 19.217
 15 0  3  7 16.973
 15 0  3  8 17.031
 15 0  3  9 15.998
 15 0  3 10 19.380
 15 0  3 11 18.523
 15 0  3 12 19.577
 15 0  3 13 16.598
 15 0  3 14 18.823
 15 0  3 15 19.506
 15 0  3 16 18.836
 15 0  3 17 17.750
 15 0  3 18 17.318
 15 0  3 19 18.948
 15 0  3 20 15.661
 15 0  3 21 19.168
 15 0  3 22 18.133
 15 0  3 23 17.481
 15 0  3 24 20.405
 15 0  3 25 18.903
 15 0  3 26 18.572
 15 0  3 27 19.957
 15 0  3 28 17.767
 15 0  3 29 19.281
 15 0  3 30 18.076
 15 0  3 31 19.908
 15 0  3 32 17.954
 15 0  3 33 17.864
 15 0  3 34 19.135
 15 0  3 35 20.359
 15 0  3 36 20.548
 15 0  3 37 20.712
 15 0  3 38 19.405
 15 0  3 39 20.379
 15 0  4  0  9.856
 15 0  4  1 17.527
 15 0  4  2 17.347
 15 0  4  3 10.880
 15 0  4  4 12.874
 15 0  4  5 16.552
 15 0  4  6 15.365
 15 0  4  7 17.096
 15 0  4  8 15.960
 15 0  4  9 21.112
 15 0  4 10 18.424
 15 0  4 11 17.497
 15 0  4 12 20.654
 15 0  4 13 18.155
 15 0  4 14 16.392
 15 0  4 15 12.449
 15 0  4 16 19.768
 15 0  4 17 19.014
 15 0  4 18 19.936
 15 0  4 19 17.473
 15 0  4 20 16.280
 15 0  4 21 12.732
 15 0  4 22 11.136
 15 0  4 23 17.979
 15 0  4 24 17.607
 15 0  4 25 18.205
 15 0  4 26 17.194
 15 0  4 27 15.631
 15 0  4 28 13.593
 15 0  4 29 15.444
 15 0  4 30 12.783
 15 0  4 31 15.938
 15 0  4 32 17.502
 15 0  4 33 17.523
 15 0  4 34 21.075
 15 0  4 35 16.583
 15 0  4 36 15.956
 15 0  4 37 12.763
 15 0  4 38 14.640
 15 0  4 39 14.623
 15 0  5  0 22.550
 15 0  5  1 19.690
 15 0  5  2 19.973
 15 0  5  3 20.117
 15 0  5  4 21.340
 15 0  5  5 20.219
 15 0  5  6 21.088
 15 0  5  7 17.830
 15 0  5  8 20.198
 15 0  5  9 17.793
 15 0  5 10 23.232
 15 0  5 11 21.884
 15 0  5 12 22.039
 15 0  5 13 21.197
 15 0  5 14 18.073
 15 0  5 15 19.494
 15 0  5 16 18.795
 15 0  5 17 20.643
 15 0  5 18 18.538
 15 0  5 19 19.652
 15 0  5 20 19.720
 15 0  5 21 21.983
 15 0  5 22 21.883
 15 0  5 23 17.778
 15 0  5 24 17.006
 15 0  5 25 14.491
 15 0  5 26 20.597
 15 0  5 27 17.839
 15 0  5 28 17.780
 15 0  5 29 17.514
 15 0  5 30 18.336
 15 0  5 31 23.454
 15 0  5 32 18.797
 15 0  5 33 19.198
 15 0  5 34 20.195
 15 0  5 35 22.010
 15 0  5 36 19.557
 15 0  5 37 19.847
 15 0  5 38 20.233
 15 0  5 39 16.862
 15 0  6  0 16.556
 15 0  6  1 16.481
 15 0  6  2 15.939
 15 0  6  3 21.184
 15 0  6  4 20.893
 15 0  6  5 16.120
 15 0  6  6 18.288
 15 0  6  7 16.338
 15 0  6  8 17.977
 15 0  6  9 17.857
 15 0  6 10 14.120
 15 0  6 11 15.243
 15 0  6 12 13.661
 15 0  6 13 16.055
 15 0  6 14 10.646
 15 0  6 15 16.072
 15 0  6 16 18.255
 15 0  6 17 17.459
 15 0  6 18 19.892
 15 0  6 19 21.373
 15 0  6 20 21.188
 15 0  6 21 15.366
 15 0  6 22 17.647
 15 0  6 23 10.050
 15 0  6 24 14.448
 15 0  6 25 13.868
 15 0  6 26 14.625
 15 0  6 27 14.086
 15 0  6 28 15.558
 15 0  6 29 15.151
 15 0  6 30 14.739
 15 0  6 31 13.375
 15 0  6 32 15.841
 15 0  6 33 20.479
 15 0  6 34 16.432
 15 0  6 35 24.030
 15 0  6 36 16.915
 15 0  6 37 16.348
 15 0  6 38 16.961
 15 0  6 39 15.243
 15 0  7  0 15.832
 15 0  7  1 20.980
 15 0  7  2 21.626
 15 0  7  3 21.312
 15 0  7  4 20.803
 15 0  7  5 19.926
 15 0  7  6 20.573
 15 0  7  7 18.623
 15 0  7  8 12.981
 15 0  7  9 19.099
 15 0  7 10 20.809
 15 0  7 11 22.366
 15 0  7 12 22.714
 15 0  7 13 20.505
 15 0  7 14 21.610
 15 0  7 15 20.952
 15 0  7 16 19.480
 15 0  7 17 20.260
 15 0  7 18 21.016
 15 0  7 19 23.384
 15 0  7 20 23.864
 15 0  7 21 21.638
 15 0  7 22 22.664
 15 0  7 23 20.746
 15 0  7 24 19.078
 15 0  7 25 17.705
 15 0  7 26 18.941
 15 0  7 27 20.682
 15 0  7 28 20.701
 15 0  7 29 20.379
 15 0  7 30 19.731
 15 0  7 31 17.251
 15 0  7 32 18.113
 15 0  7 33 20.049
 15 0  7 34 21.181
 15 0  7 35 20.603
 15 0  7 36 19.890
 15 0  7 37 21.149
 15 0  7 38 20.827
 15 0  7 39 19.881
 15 1  0  0 15.718
 15 1  0  1 16.711
 15 1  0  2 16.941
 15 1  0  3 17.428
 15 1  0  4 17.968
 15 1  0  5 22.004
 15 1  0  6 20.040
 15 1  0  7 16.345
 15 1  0  8 14.434
 15 1  0  9 16.804
 15 1  0 10 17.322
 15 1  0 11 17.812
 15 1  0 12 18.348
 15 1  0 13 18.690
 15 1  0 14 20.566
 15 1  0 15 19.461
 15 1  0 16 17.044
 15 1  0 17 18.660
 15 1  0 18 16.690
 15 1  0 19 20.758
 15 1  0 20 20.616
 15 1  0 21 16.979
 15 1  0 22 15.542
 15 1  0 23 16.597
 15 1  0 24 17.852
 15 1  0 25 16.582
 15 1  0 26 17.677
 15 1  0 27 18.190
 15 1  0 28 16.991
 15 1  0 29 17.498
 15 1  0 30 18.451
 15 1  0 31 18.069
 15 1  0 32 15.295
 15 1  0 33 17.809
 15 1  0 34 15.946
 15 1  0 35 22.703
 15 1  0 36 19.782
 15 1  0 37 15.717
 15 1  0 38 15.673
 15 1  0 39  9.478
 15 1  1  0 18.948
 15 1  1  1 17.538
 15 1  1  2 21.048
 15 1  1  3 21.504
 15 1  1  4 20.570
 15 1  1  5 21.153
 15 1  1  6 21.722
 15 1  1  7 15.899
 15 1  1  8 16.467
 15 1  1  9 18.968
 15 1  1 10 18.418
 15 1  1 11 17.565
 15 1  1 12 16.813
 15 1  1 13 18.159
 15 1  1 14 19.171
 15 1  1 15 16.132
 15 1  1 16 18.223
 15 1  1 17 19.599
 15 1  1 18 18.707
 15 1  1 19 19.875
 15 1  1 20 17.711
 15 1  1 21 21.822
 15 1  1 22 21.939
 15 1  1 23 18.979
 15 1  1 24 17.403
 15 1  1 25 16.104
 15 1  1 26 17.374
 15 1  1 27 20.590
 15 1  1 28 18.282
 15 1  1 29 16.976
 15 1  1 30 16.953
 15 1  1 31 18.270
 15 1  1 32 15.461
 15 1  1 33 16.563
 15 1  1 34 17.232
 15 1  1 35 20.012
 15 1  1 36 15.798
 15 1  1 37 16.674
 15 1  1 38 15.833
 15 1  1 39 15.875
 15 1  2  0 13.090
 15 1  2  1 15.804
 15 1  2  2 18.042
 15 1  2  3 18.011
 15 1  2  4 21.029
 15 1  2  5 16.981
 15 1  2  6 18.547
 15 1  2  7 13.818
 15 1  2  8 19.696
 15 1  2  9 12.436
 15 1  2 10 15.591
 15 1  2 11 18.770
 15 1  2 12 15.802
 15 1  2 13 17.582
 15 1  2 14 16.549
 15 1  2 15 12.590
 15 1  2 16 15.287
 15 1  2 17  0.010
 15 1  2 18 18.658
 15 1  2 19 16.765
 15 1  2 20 17.041
 15 1  2 21 18.968
 15 1  2 22 17.931
 15 1  2 23 13.328
 15 1  2 24 14.503
 15 1  2 25 14.825
 15 1  2 26 18.148
 15 1  2 27 15.999
 15 1  2 28 17.969
 15 1  2 29 15.077
 15 1  2 30 16.812
 15 1  2 31 15.443
 15 1  2 32 17.460
 15 1  2 33 15.282
 15 1  2 34 17.038
 15 1  2 35 16.427
 15 1  2 36 18.276
 15 1  2 37 15.384
 15 1  2 38 17.671
 15 1  2 39 16.485
 15 1  3  0 14.211
 15 1  3  1 18.765
 15 1  3  2 19.146
 15 1  3  3 19.168
 15 1  3  4 17.461
 15 1  3  5 18.527
 15 1  3  6 18.467
 15 1  3  7 15.936
 15 1  3  8 15.576
 15 1  3  9 12.281
 15 1  3 10 17.722
 15 1  3 11 17.933
 15 1  3 12 18.701
 15 1  3 13 16.947
 15 1  3 14 17.283
 15 1  3 15 20.207
 15 1  3 16 17.414
 15 1  3 17 15.533
 15 1  3 18 19.290
 15 1  3 19 18.816
 15 1  3 20 19.892
 15 1  3 21 19.746
 15 1  3 22 15.932
 15 1  3 23 15.274
 15 1  3 24 15.255
 15 1  3 25 16.039
 15 1  3 26 19.345
 15 1  3 27 20.810
 15 1  3 28 19.195
 15 1  3 29 21.182
 15 1  3 30 15.637
 15 1  3 31 16.904
 15 1  3 32 17.019
 15 1  3 33 15.222
 15 1  3 34 18.260
 15 1  3 35 19.095
 15 1  3 36 17.907
 15 1  3 37 18.673
 15 1  3 38 15.340
 15 1  3 39 15.711
 15 1  4  0 20.779
 15 1  4  1 17.998
 15 1  4  2 16.367
 15 1  4  3 18.310
 15 1  4  4 18.546
 15 1  4  5 20.327
 15 1  4  6 16.740
 15 1  4  7 18.453
 15 1  4  8 15.343
 15 1  4  9 17.168
 15 1  4 10 18.066
 15 1  4 11 18.468
 15 1  4 12 17.718
 15 1  4 13 19.355
 15 1  4 14 13.891
 15 1  4 15 17.081
 15 1  4 16 16.576
 15 1  4 17 15.326
 15 1  4 18 19.712
 15 1  4 19  0.010
 15 1  4 20 20.754
 15 1  4 21 20.428
 15 1  4 22 17.144
 15 1  4 23 19.494
 15 1  4 24 17.061
 15 1  4 25 19.837
 15 1  4 26 17.318
 15 1  4 27 19.364
 15 1  4 28 20.326
 15 1  4 29 20.125
 15 1  4 30 17.482
 15 1  4 31 17.776
 15 1  4 32 18.536
 15 1  4 33 17.247
 15 1  4 34 17.812
 15 1  4 35 18.620
 15 1  4 36 18.352
 15 1  4 37 18.967
 15 1  4 38 16.044
 15 1  4 39 16.108
 15 1  5  0 19.550
 15 1  5  1 15.543
 15 1  5  2 21.324
 15 1  5  3 21.105
 15 1  5  4 20.551
 15 1  5  5 19.222
 15 1  5  6 21.591
 15 1  5  7 20.049
 15 1  5  8 12.435
 15 1  5  9 11.068
 15 1  5 10 15.258
 15 1  5 11 16.946
 15 1  5 12 21.537
 15 1  5 13 18.440
 15 1  5 14 20.758
 15 1  5 15 22.149
 15 1  5 16 17.068
 15 1  5 17 18.131
 15 1  5 18 16.386
 15 1  5 19 21.093
 15 1  5 20 19.537
 15 1  5 21 17.343
 15 1  5 22 16.136
 15 1  5 23 20.390
 15 1  5 24 19.121
 15 1  5 25  9.689
 15 1  5 26 19.028
 15 1  5 27 21.257
 15 1  5 28 18.854
 15 1  5 29 20.448
 15 1  5 30 18.720
 15 1  5 31 18.696
 15 1  5 32 19.721
 15 1  5 33 16.714
 15 1  5 34 18.255
 15 1  5 35 19.695
 15 1  5 36 19.631
 15 1  5 37 17.026
 15 1  5 38 15.158
 15 1  5 39 16.395
 15 1  6  0 13.138
 15 1  6  1 17.271
 15 1  6  2 18.905
 15 1  6  3 18.711
 15 1  6  4 19.086
 15 1  6  5 16.432
 15 1  6  6 17.755
 15 1  6  7 19.008
 15 1  6  8 19.084
 15 1  6  9 19.683
 15 1  6 10 19.925
 15 1  6 11 18.837
 15 1  6 12 20.791
 15 1  6 13 19.273
 15 1  6 14 19.002
 15 1  6 15 18.697
 15 1  6 16 19.148
 15 1  6 17 20.618
 15 1  6 18 22.123
 15 1  6 19 21.518
 15 1  6 20 18.796
 15 1  6 21 21.319
 15 1  6 22 19.409
 15 1  6 23 19.769
 15 1  6 24 19.842
 15 1  6 25 20.163
 15 1  6 26 19.545
 15 1  6 27 21.354
 15 1  6 28 20.817
 15 1  6 29 20.547
 15 1  6 30 20.561
 15 1  6 31 21.078
 15 1  6 32 16.024
 15 1  6 33 16.146
 15 1  6 34 20.006
 15 1  6 35 20.056
 15 1  6 36 17.822
 15 1  6 37 18.001
 15 1  6 38 20.111
 15 1  6 39 20.072
 15 1  7  0 11.184
 15 1  7  1 11.742
 15 1  7  2 17.239
 15 1  7  3 18.702
 15 1  7  4 19.538
 15 1  7  5 18.528
 15 1  7  6 17.333
 15 1  7  7 17.657
 15 1  7  8 17.862
 15 1  7  9 17.541
 15 1  7 10 19.384
 15 1  7 11 21.735
 15 1  7 12 21.519
 15 1  7 13 18.921
 15 1  7 14 22.287
 15 1  7 15 16.312
 15 1  7 16 20.440
 15 1  7 17 16.500
 15 1  7 18 18.091
 15 1  7 19 18.859
 15 1  7 20 20.415
 15 1  7 21 17.343
 15 1  7 22 16.419
 15 1  7 23 12.208
 15 1  7 24  7.869
 15 1  7 25 12.835
 15 1  7 26 15.731
 15 1  7 27 22.652
 15 1  7 28 19.296
 15 1  7 29 19.620
 15 1  7 30 17.638
 15 1  7 31 19.576
 15 1  7 32  6.685
 15 1  7 33 13.016
 15 1  7 34 11.592
 15 1  7 35 19.581
 15 1  7 36 19.563
 15 1  7 37 19.580
 15 1  7 38 19.582
 15 1  7 39 14.743
 15 0  0 40 14.739
 15 0  0 41 20.092
 15 0  0 42 18.923
 15 0  0 43 17.804
 15 0  0 44  9.782
 15 0  0 45 18.823
 15 0  0 46 17.190
 15 0  0 47 15.048
 15 0  0 48 14.060
 15 0  0 49 13.369
 15 0  0 50 17.376
 15 0  0 51 15.773
 15 0  0 52 18.822
 15 0  0 53 19.013
 15 0  0 54  2.876
 15 0  0 55  7.291
 15 0  0 56 13.054
 15 0  0 57 20.019
 15 0  0 58 17.205
 15 0  0 59 18.103
 15 0  0 60 16.294
 15 0  0 61 16.018
 15 0  0 62 15.423
 15 0  0 63 17.967
 15 0  0 64 20.295
 15 0  0 65 19.416
 15 0  0 66 19.765
 15 0  0 67 21.146
 15 0  0 68 19.061
 15 0  0 69 18.692
 15 0  0 70 21.355
 15 0  0 71 19.260
 15 0  0 72 18.359
 15 0  0 73 20.379
 15 0  0 74 19.169
 15 0  0 75 21.158
 15 0  0 76 17.150
 15 0  0 77 16.686
 15 0  0 78  5.656
 15 0  0 79 15.333
 15 0  1 40 16.050
 15 0  1 41 19.109
 15 0  1 42 19.215
 15 0  1 43 17.353
 15 0  1 44 21.173
 15 0  1 45 19.404
 15 0  1 46 21.112
 15 0  1 47 19.944
 15 0  1 48 19.221
 15 0  1 49 20.197
 15 0  1 50 19.813
 15 0  1 51 19.952
 15 0  1 52 21.066
 15 0  1 53 20.930
 15 0  1 54 20.307
 15 0  1 55 19.720
 15 0  1 56 20.623
 15 0  1 57 20.327
 15 0  1 58 18.214
 15 0  1 59 15.142
 15 0  1 60 18.026
 15 0  1 61 18.172
 15 0  1 62 18.603
 15 0  1 63 18.018
 15 0  1 64 19.741
 15 0  1 65 20.888
 15 0  1 66 20.540
 15 0  1 67 17.928
 15 0  1 68 17.614
 15 0  1 69 21.094
 15 0  1 70 19.401
 15 0  1 71 19.605
 15 0  1 72 20.268
 15 0  1 73 19.639
 15 0  1 74 18.479
 15 0  1 75 19.444
 15 0  1 76 18.817
 15 0  1 77 20.095
 15 0  1 78 18.242
 15 0  1 79 18.832
 15 0  2 40 14.904
 15 0  2 41 17.142
 15 0  2 42 19.081
 15 0  2 43 17.496
 15 0  2 44 13.104
 15 0  2 45 17.927
 15 0  2 46 18.442
 15 0  2 47 20.004
 15 0  2 48 15.047
 15 0  2 49 16.521
 15 0  2 50 19.316
 15 0  2 51 16.865
 15 0  2 52 14.249
 15 0  2 53 18.926
 15 0  2 54 18.330
 15 0  2 55 17.297
 15 0  2 56 13.405
 15 0  2 57 18.059
 15 0  2 58 20.441
 15 0  2 59 16.729
 15 0  2 60 18.364
 15 0  2 61 18.924
 15 0  2 62 19.670
 15 0  2 63 16.259
 15 0  2 64 18.825
 15 0  2 65 15.702
 15 0  2 66 19.399
 15 0  2 67 21.060
 15 0  2 68 17.121
 15 0  2 69 14.683
 15 0  2 70 17.792
 15 0  2 71 17.252
 15 0  2 72 19.195
 15 0  2 73 18.839
 15 0  2 74 16.783
 15 0  2 75 17.499
 15 0  2 76 18.864
 15 0  2 77 19.065
 15 0  2 78 20.076
 15 0  2 79 17.322
 15 0  3 40 12.728
 15 0  3 41 16.073
 15 0  3 42 15.299
 15 0  3 43 16.386
 15 0  3 44 18.375
 15 0  3 45 19.382
 15 0  3 46 18.925
 15 0  3 47 19.588
 15 0  3 48 15.363
 15 0  3 49 16.770
 15 0  3 50 15.958
 15 0  3 51 16.505
 15 0  3 52 19.543
 15 0  3 53 19.363
 15 0  3 54 19.020
 15 0  3 55 18.197
 15 0  3 56 15.753
 15 0  3 57 20.083
 15 0  3 58 19.219
 15 0  3 59 18.490
 15 0  3 60 19.314
 15 0  3 61 14.329
 15 0  3 62 15.520
 15 0  3 63 13.519
 15 0  3 64 17.803
 15 0  3 65 18.647
 15 0  3 66 18.630
 15 0  3 67 18.787
 15 0  3 68 16.527
 15 0  3 69 18.491
 15 0  3 70 18.760
 15 0  3 71 14.846
 15 0  3 72 19.619
 15 0  3 73 16.683
 15 0  3 74 15.977
 15 0  3 75 18.670
 15 0  3 76 18.577
 15 0  3 77 16.402
 15 0  3 78 17.027
 15 0  3 79 19.616
 15 0  4 40  5.621
 15 0  4 41 19.146
 15 0  4 42 20.080
 15 0  4 43 22.426
 15 0  4 44 15.595
 15 0  4 45 18.475
 15 0  4 46 18.036
 15 0  4 47 18.699
 15 0  4 48 16.290
 15 0  4 49 19.000
 15 0  4 50 15.915
 15 0  4 51 15.621
 15 0  4 52 18.441
 15 0  4 53 17.338
 15 0  4 54 16.495
 15 0  4 55 14.221
 15 0  4 56 13.095
 15 0  4 57 14.998
 15 0  4 58 17.711
 15 0  4 59 16.514
 15 0  4 60  9.364
 15 0  4 61 20.090
 15 0  4 62 20.157
 15 0  4 63 19.698
 15 0  4 64 19.414
 15 0  4 65 21.735
 15 0  4 66 20.459
 15 0  4 67 20.563
 15 0  4 68 18.587
 15 0  4 69 18.342
 15 0  4 70 17.455
 15 0  4 71 14.166
 15 0  4 72 16.128
 15 0  4 73 17.421
 15 0  4 74 16.039
 15 0  4 75 14.429
 15 0  4 76 16.896
 15 0  4 77 17.771
 15 0  4 78 19.126
 15 0  4 79 17.612
 15 0  5 40 17.330
 15 0  5 41 19.518
 15 0  5 42 20.182
 15 0  5 43 19.078
 15 0  5 44 19.644
 15 0  5 45 19.684
 15 0  5 46 21.305
 15 0  5 47 21.839
 15 0  5 48 19.193
 15 0  5 49 21.146
 15 0  5 50 19.534
 15 0  5 51 21.990
 15 0  5 52 18.421
 15 0  5 53 18.048
 15 0  5 54 17.358
 15 0  5 55 16.938
 15 0  5 56  9.526
 15 0  5 57 18.796
 15 0  5 58 19.161
 15 0  5 59 14.835
 15 0  5 60 20.274
 15 0  5 61 18.869
 15 0  5 62 19.122
 15 0  5 63 19.608
 15 0  5 64 20.332
 15 0  5 65 21.458
 15 0  5 66 18.646
 15 0  5 67 19.390
 15 0  5 68 20.587
 15 0  5 69 18.716
 15 0  5 70 22.868
 15 0  5 71 17.020
 15 0  5 72 17.912
 15 0  5 73 19.342
 15 0  5 74 16.637
 15 0  5 75 15.256
 15 0  5 76 18.418
 15 0  5 77 17.542
 15 0  5 78 20.406
 15 0  5 79 20.880
 15 0  6 40 16.250
 15 0  6 41 20.798
 15 0  6 42 20.829
 15 0  6 43 19.853
 15 0  6 44  9.986
 15 0  6 45 18.127
 15 0  6 46 18.372
 15 0  6 47 16.011
 15 0  6 48 19.096
 15 0  6 49 20.323
 15 0  6 50 22.544
 15 0  6 51 18.852
 15 0  6 52 17.289
 15 0  6 53 17.877
 15 0  6 54 16.104
 15 0  6 55 17.670
 15 0  6 56 14.866
 15 0  6 57 19.287
 15 0  6 58 18.108
 15 0  6 59 16.764
 15 0  6 60 16.367
 15 0  6 61 18.638
 15 0  6 62 19.799
 15 0  6 63 16.976
 15 0  6 64 18.227
 15 0  6 65 18.061
 15 0  6 66 18.454
 15 0  6 67 18.919
 15 0  6 68 19.027
 15 0  6 69 18.058
 15 0  6 70 19.446
 15 0  6 71 18.487
 15 0  6 72 17.873
 15 0  6 73 18.949
 15 0  6 74 18.499
 15 0  6 75 20.249
 15 0  6 76 18.689
 15 0  6 77 16.748
 15 0  6 78 19.068
 15 0  6 79 16.624
 15 0  7 40 16.397
 15 0  7 41 21.741
 15 0  7 42 19.260
 15 0  7 43 19.832
 15 0  7 44 21.454
 15 0  7 45 20.678
 15 0  7 46 20.711
 15 0  7 47 19.300
 15 0  7 48 19.921
 15 0  7 49 21.468
 15 0  7 50 19.524
 15 0  7 51 19.511
 15 0  7 52 18.339
 15 0  7 53 20.318
 15 0  7 54 18.751
 15 0  7 55 18.511
 15 0  7 56 20.892
 15 0  7 57 20.344
 15 0  7 58 21.432
 15 0  7 59 17.354
 15 0  7 60 17.575
 15 0  7 61  2.259
 15 0  7 62 16.371
 15 0  7 63 14.005
 15 0  7 64 16.496
 15 0  7 65 17.762
 15 0  7 66 17.051
 15 0  7 67 18.094
 15 0  7 68 18.551
 15 0  7 69 19.586
 15 0  7 70 18.730
 15 0  7 71 18.424
 15 0  7 72 15.990
 15 0  7 73 18.039
 15 0  7 74 19.250
 15 0  7 75 19.453
 15 0  7 76 18.680
 15 0  7 77 19.037
 15 0  7 78 19.587
 15 0  7 79  0.010
 15 1  0 40 15.152
 15 1  0 41 17.385
 15 1  0 42 17.702
 15 1  0 43 17.315
 15 1  0 44 17.304
 15 1  0 45 16.621
 15 1  0 46 16.194
 15 1  0 47 15.226
 15 1  0 48 15.416
 15 1  0 49 15.043
 15 1  0 50 16.477
 15 1  0 51 15.810
 15 1  0 52 16.050
 15 1  0 53 16.167
 15 1  0 54 11.875
 15 1  0 55 16.842
 15 1  0 56 17.834
 15 1  0 57 16.716
 15 1  0 58 17.324
 15 1  0 59 14.004
 15 1  0 60 14.848
 15 1  0 61 16.259
 15 1  0 62 16.203
 15 1  0 63 15.823
 15 1  0 64 16.390
 15 1  0 65 17.127
 15 1  0 66 15.676
 15 1  0 67 15.100
 15 1  0 68 14.810
 15 1  0 69 14.949
 15 1  0 70 16.768
 15 1  0 71 16.762
 15 1  0 72 16.490
 15 1  0 73 16.796
 15 1  0 74  0.010
 15 1  0 75 16.686
 15 1  0 76 16.617
 15 1  0 77 16.653
 15 1  0 78 16.482
 15 1  0 79 14.987
 15 1  1 40 14.864
 15 1  1 41 16.353
 15 1  1 42 15.714
 15 1  1 43 14.615
 15 1  1 44 16.233
 15 1  1 45 16.527
 15 1  1 46 16.226
 15 1  1 47 16.314
 15 1  1 48 15.143
 15 1  1 49 15.736
 15 1  1 50 16.502
 15 1  1 51 16.267
 15 1  1 52 14.648
 15 1  1 53 15.966
 15 1  1 54 16.680
 15 1  1 55 15.432
 15 1  1 56 16.397
 15 1  1 57 17.051
 15 1  1 58 15.417
 15 1  1 59 13.174
 15 1  1 60 12.803
 15 1  1 61 16.181
 15 1  1 62 17.032
 15 1  1 63 15.393
 15 1  1 64 16.061
 15 1  1 65 15.973
 15 1  1 66 16.423
 15 1  1 67 16.352
 15 1  1 68 13.764
 15 1  1 69 15.988
 15 1  1 70 14.568
 15 1  1 71 15.154
 15 1  1 72 14.542
 15 1  1 73 14.993
 15 1  1 74 13.517
 15 1  1 75 13.914
 15 1  1 76 14.238
 15 1  1 77 16.216
 15 1  1 78 14.397
 15 1  1 79 13.712
 15 1  2 40  6.317
 15 1  2 41 15.611
 15 1  2 42 15.173
 15 1  2 43 14.018
 15 1  2 44  9.764
 15 1  2 45 15.718
 15 1  2 46 11.925
 15 1  2 47 13.478
 15 1  2 48 11.898
 15 1  2 49 15.220
 15 1  2 50 13.923
 15 1  2 51 15.271
 15 1  2 52 11.371
 15 1  2 53 15.578
 15 1  2 54 15.997
 15 1  2 55 15.253
 15 1  2 56 14.907
 15 1  2 57 16.576
 15 1  2 58 16.751
 15 1  2 59 14.863
 15 1  2 60 14.427
 15 1  2 61 14.650
 15 1  2 62 15.662
 15 1  2 63 14.160
 15 1  2 64 15.593
 15 1  2 65 13.959
 15 1  2 66 13.684
 15 1  2 67 12.835
 15 1  2 68 14.799
 15 1  2 69 15.360
 15 1  2 70 16.351
 15 1  2 71 17.671
 15 1  2 72 13.977
 15 1  2 73 15.098
 15 1  2 74 14.143
 15 1  2 75  0.010
 15 1  2 76 13.389
 15 1  2 77 15.555
 15 1  2 78 14.890
 15 1  2 79 13.359
 15 1  3 40 13.825
 15 1  3 41 16.712
 15 1  3 42 15.011
 15 1  3 43 14.939
 15 1  3 44 12.736
 15 1  3 45 15.851
 15 1  3 46 14.140
 15 1  3 47 14.668
 15 1  3 48 12.879
 15 1  3 49 16.208
 15 1  3 50  0.010
 15 1  3 51 14.749
 15 1  3 52 12.588
 15 1  3 53 17.019
 15 1  3 54 15.076
 15 1  3 55 16.423
 15 1  3 56 12.586
 15 1  3 57 16.528
 15 1  3 58 15.160
 15 1  3 59 15.993
 15 1  3 60 11.084
 15 1  3 61 13.691
 15 1  3 62 16.159
 15 1  3 63 10.803
 15 1  3 64 14.237
 15 1  3 65 16.869
 15 1  3 66 15.839
 15 1  3 67  4.301
 15 1  3 68 14.705
 15 1  3 69 17.973
 15 1  3 70 16.892
 15 1  3 71 14.284
 15 1  3 72 13.530
 15 1  3 73 16.844
 15 1  3 74 11.418
 15 1  3 75  9.022
 15 1  3 76 15.859
 15 1  3 77 16.676
 15 1  3 78 15.908
 15 1  3 79  8.334
 15 1  4 40 15.668
 15 1  4 41 15.795
 15 1  4 42 15.818
 15 1  4 43 15.254
 15 1  4 44 15.084
 15 1  4 45 17.102
 15 1  4 46 15.092
 15 1  4 47 15.087
 15 1  4 48 16.555
 15 1  4 49 16.191
 15 1  4 50 14.299
 15 1  4 51 15.151
 15 1  4 52 13.465
 15 1  4 53 15.222
 15 1  4 54 15.620
 15 1  4 55 14.957
 15 1  4 56 11.764
 15 1  4 57 13.702
 15 1  4 58 14.593
 15 1  4 59 15.297
 15 1  4 60 15.762
 15 1  4 61 15.440
 15 1  4 62 15.658
 15 1  4 63 13.333
 15 1  4 64 15.252
 15 1  4 65 14.804
 15 1  4 66 15.904
 15 1  4 67  8.790
 15 1  4 68 13.742
 15 1  4 69 15.128
 15 1  4 70 15.265
 15 1  4 71 17.206
 15 1  4 72 11.884
 15 1  4 73 16.025
 15 1  4 74 14.420
 15 1  4 75 12.698
 15 1  4 76 15.401
 15 1  4 77 15.361
 15 1  4 78 16.307
 15 1  4 79 16.244
 15 1  5 40 15.703
 15 1  5 41 16.087
 15 1  5 42 16.080
 15 1  5 43 14.356
 15 1  5 44 12.479
 15 1  5 45 16.202
 15 1  5 46 15.513
 15 1  5 47 15.362
 15 1  5 48 16.239
 15 1  5 49 15.598
 15 1  5 50 13.484
 15 1  5 51 15.089
 15 1  5 52 11.875
 15 1  5 53 15.809
 15 1  5 54 15.770
 15 1  5 55 15.966
 15 1  5 56 13.247
 15 1  5 57 15.485
 15 1  5 58 14.939
 15 1  5 59 13.795
 15 1  5 60 14.534
 15 1  5 61 15.915
 15 1  5 62 15.855
 15 1  5 63 11.273
 15 1  5 64 13.824
 15 1  5 65 14.382
 15 1  5 66 16.062
 15 1  5 67 13.616
 15 1  5 68 13.546
 15 1  5 69 14.943
 15 1  5 70 16.475
 15 1  5 71  9.077
 15 1  5 72 14.636
 15 1  5 73 15.208
 15 1  5 74 16.288
 15 1  5 75  8.952
 15 1  5 76 13.140
 15 1  5 77 14.572
 15 1  5 78 15.169
 15 1  5 79 15.254
 15 1  6 40  8.776
 15 1  6 41 16.285
 15 1  6 42 14.955
 15 1  6 43 16.399
 15 1  6 44 14.353
 15 1  6 45 12.188
 15 1  6 46 16.896
 15 1  6 47 15.952
 15 1  6 48 16.063
 15 1  6 49 15.725
 15 1  6 50 16.938
 15 1  6 51 16.270
 15 1  6 52 14.443
 15 1  6 53 15.893
 15 1  6 54 17.024
 15 1  6 55 14.582
 15 1  6 56 14.461
 15 1  6 57 15.039
 15 1  6 58 16.099
 15 1  6 59 15.612
 15 1  6 60 13.937
 15 1  6 61 15.583
 15 1  6 62 15.491
 15 1  6 63 13.634
 15 1  6 64 14.246
 15 1  6 65 16.796
 15 1  6 66 16.181
 15 1  6 67 13.130
 15 1  6 68 15.547
 15 1  6 69 16.074
 15 1  6 70 16.948
 15 1  6 71 10.912
 15 1  6 72 15.716
 15 1  6 73 16.043
 15 1  6 74 16.941
 15 1  6 75 13.876
 15 1  6 76 14.045
 15 1  6 77 16.536
 15 1  6 78 16.632
 15 1  6 79 15.376
 15 1  7 40 12.094
 15 1  7 41 15.315
 15 1  7 42 15.651
 15 1  7 43 15.663
 15 1  7 44 13.750
 15 1  7 45 15.488
 15 1  7 46 15.478
 15 1  7 47 10.522
 15 1  7 48 16.282
 15 1  7 49 15.928
 15 1  7 50 17.229
 15 1  7 51 14.247
 15 1  7 52 14.372
 15 1  7 53 16.101
 15 1  7 54 16.019
 15 1  7 55 14.951
 15 1  7 56 12.312
 15 1  7 57 15.582
 15 1  7 58 16.962
 15 1  7 59 14.560
 15 1  7 60  9.746
 15 1  7 61 15.433
 15 1  7 62 13.325
 15 1  7 63  9.674
 15 1  7 64  6.450
 15 1  7 65 15.963
 15 1  7 66 16.366
 15 1  7 67 13.172
 15 1  7 68 17.715
 15 1  7 69 16.713
 15 1  7 70 13.010
 15 1  7 71  5.992
 15 1  7 72 14.858
 15 1  7 73 16.540
 15 1  7 74 14.362
 15 1  7 75  7.406
 15 1  7 76 12.202
 15 1  7 77 17.007
 15 1  7 78 10.119
 15 1  7 79  8.612
 21 0  0  0 10.850
 21 0  0  1 11.825
 21 0  0  2 11.365
 21 0  0  3  9.523
 21 0  0  4  9.880
 21 0  0  5  9.859
 21 0  0  6  9.408
 21 0  0  7  9.711
 21 0  0  8  9.775
 21 0  0  9 10.674
 21 0  0 10  9.409
 21 0  0 11  9.107
 21 0  0 12 10.434
 21 0  0 13 12.571
 21 0  0 14  8.915
 21 0  0 15  9.102
 21 0  0 16  6.046
 21 0  0 17  8.875
 21 0  0 18 10.161
 21 0  0 19  9.056
 21 0  0 20  9.343
 21 0  0 21  9.798
 21 0  0 22  8.739
 21 0  0 23 10.462
 21 0  0 24  9.810
 21 0  0 25 10.882
 21 0  0 26  9.562
 21 0  0 27 12.490
 21 0  0 28 10.580
 21 0  0 29 11.690
 21 0  0 30  9.633
 21 0  0 31 10.097
 21 0  0 32  9.482
 21 0  0 33 10.369
 21 0  0 34 10.345
 21 0  0 35 11.399
 21 0  0 36 11.662
 21 0  0 37 10.153
 21 0  0 38  9.140
 21 0  0 39  9.535
 21 0  1  0  9.674
 21 0  1  1  9.423
 21 0  1  2  8.230
 21 0  1  3  9.301
 21 0  1  4  8.388
 21 0  1  5  8.157
 21 0  1  6  9.631
 21 0  1  7  9.839
 21 0  1  8 11.884
 21 0  1  9 11.629
 21 0  1 10 10.959
 21 0  1 11 10.628
 21 0  1 12 10.358
 21 0  1 13  8.975
 21 0  1 14  8.787
 21 0  1 15 10.492
 21 0  1 16 10.658
 21 0  1 17  7.832
 21 0  1 18 10.396
 21 0  1 19  9.346
 21 0  1 20  9.136
 21 0  1 21 10.534
 21 0  1 22  9.837
 21 0  1 23  7.498
 21 0  1 24  9.283
 21 0  1 25 10.187
 21 0  1 26 10.587
 21 0  1 27 10.121
 21 0  1 28 11.252
 21 0  1 29 10.421
 21 0  1 30 10.510
 21 0  1 31 10.676
 21 0  1 32 10.859
 21 0  1 33  8.646
 21 0  1 34  8.177
 21 0  1 35 10.614
 21 0  1 36  3.798
 21 0  1 37 10.711
 21 0  1 38 10.839
 21 0  1 39  8.138
 21 0  2  0  9.493
 21 0  2  1 11.006
 21 0  2  2 10.633
 21 0  2  3 10.662
 21 0  2  4 10.696
 21 0  2  5 11.210
 21 0  2  6 10.595
 21 0  2  7 11.237
 21 0  2  8 11.034
 21 0  2  9 11.492
 21 0  2 10 11.276
 21 0  2 11 10.689
 21 0  2 12 10.186
 21 0  2 13 10.453
 21 0  2 14 11.236
 21 0  2 15 10.521
 21 0  2 16 11.371
 21 0  2 17 11.156
 21 0  2 18 11.972
 21 0  2 19 10.291
 21 0  2 20  9.437
 21 0  2 21  9.912
 21 0  2 22 11.182
 21 0  2 23  8.088
 21 0  2 24 11.728
 21 0  2 25 11.878
 21 0  2 26 10.613
 21 0  2 27 11.089
 21 0  2 28  9.638
 21 0  2 29 10.438
 21 0  2 30 10.357
 21 0  2 31 10.417
 21 0  2 32 11.107
 21 0  2 33 11.197
 21 0  2 34 11.749
 21 0  2 35 10.659
 21 0  2 36  9.689
 21 0  2 37 10.167
 21 0  2 38 10.678
 21 0  2 39  9.834
 21 0  3  0 10.360
 21 0  3  1  9.654
 21 0  3  2  9.163
 21 0  3  3  8.885
 21 0  3  4  9.652
 21 0  3  5  9.194
 21 0  3  6  9.940
 21 0  3  7 10.340
 21 0  3  8  8.955
 21 0  3  9  9.807
 21 0  3 10 10.091
 21 0  3 11  8.875
 21 0  3 12  7.992
 21 0  3 13  9.138
 21 0  3 14  8.594
 21 0  3 15  8.558
 21 0  3 16  9.649
 21 0  3 17 10.027
 21 0  3 18  9.356
 21 0  3 19  9.040
 21 0  3 20 10.719
 21 0  3 21  9.615
 21 0  3 22 10.697
 21 0  3 23 10.423
 21 0  3 24  7.956
 21 0  3 25 10.519
 21 0  3 26  9.588
 21 0  3 27  9.985
 21 0  3 28 10.326
 21 0  3 29  9.503
 21 0  3 30 11.840
 21 0  3 31 11.604
 21 0  3 32 10.571
 21 0  3 33 11.070
 21 0  3 34  9.682
 21 0  3 35 11.510
 21 0  3 36 10.407
 21 0  3 37  9.757
 21 0  3 38  8.193
 21 0  3 39  8.234
 21 0  4  0 10.566
 21 0  4  1  9.911
 21 0  4  2  9.678
 21 0  4  3  9.497
 21 0  4  4  8.824
 21 0  4  5  9.598
 21 0  4  6  8.518
 21 0  4  7  8.557
 21 0  4  8 11.021
 21 0  4  9 10.518
 21 0  4 10 10.629
 21 0  4 11 11.388
 21 0  4 12 10.189
 21 0  4 13 10.286
 21 0  4 14 11.009
 21 0  4 15 10.041
 21 0  4 16 10.728
 21 0  4 17  8.234
 21 0  4 18  8.304
 21 0  4 19  8.955
 21 0  4 20  8.743
 21 0  4 21  8.970
 21 0  4 22  8.768
 21 0  4 23  8.773
 21 0  4 24  8.649
 21 0  4 25 10.638
 21 0  4 26 10.520
 21 0  4 27  9.685
 21 0  4 28 10.986
 21 0  4 29 10.024
 21 0  4 30  8.510
 21 0  4 31 10.097
 21 0  4 32  9.699
 21 0  4 33  9.032
 21 0  4 34 11.147
 21 0  4 35  8.295
 21 0  4 36  8.332
 21 0  4 37  9.243
 21 0  4 38  8.479
 21 0  4 39  9.645
 21 0  5  0  9.569
 21 0  5  1 10.266
 21 0  5  2 11.175
 21 0  5  3 10.518
 21 0  5  4  9.945
 21 0  5  5 10.901
 21 0  5  6  9.965
 21 0  5  7 10.974
 21 0  5  8 10.188
 21 0  5  9 11.209
 21 0  5 10 10.444
 21 0  5 11 11.068
 21 0  5 12 12.157
 21 0  5 13 11.021
 21 0  5 14 10.506
 21 0  5 15  9.869
 21 0  5 16 10.224
 21 0  5 17 10.791
 21 0  5 18 11.434
 21 0  5 19  8.701
 21 0  5 20  9.067
 21 0  5 21  9.752
 21 0  5 22 11.389
 21 0  5 23  8.185
 21 0  5 24  9.009
 21 0  5 25 10.595
 21 0  5 26 10.758
 21 0  5 27 10.576
 21 0  5 28 11.700
 21 0  5 29 10.415
 21 0  5 30 10.456
 21 0  5 31 10.284
 21 0  5 32  9.808
 21 0  5 33  9.011
 21 0  5 34 10.007
 21 0  5 35  9.501
 21 0  5 36  8.590
 21 0  5 37  9.210
 21 0  5 38  8.376
 21 0  5 39  8.281
 21 0  6  0  9.516
 21 0  6  1 10.573
 21 0  6  2  9.929
 21 0  6  3  9.853
 21 0  6  4  9.313
 21 0  6  5  9.189
 21 0  6  6  9.466
 21 0  6  7  9.168
 21 0  6  8  8.561
 21 0  6  9 10.317
 21 0  6 10 10.748
 21 0  6 11  9.950
 21 0  6 12 10.405
 21 0  6 13 10.638
 21 0  6 14  9.804
 21 0  6 15 10.772
 21 0  6 16  9.200
 21 0  6 17 10.128
 21 0  6 18 10.554
 21 0  6 19  9.626
 21 0  6 20 10.688
 21 0  6 21 10.245
 21 0  6 22 10.725
 21 0  6 23  9.209
 21 0  6 24  9.287
 21 0  6 25 11.120
 21 0  6 26 11.112
 21 0  6 27 11.582
 21 0  6 28  9.504
 21 0  6 29 10.268
 21 0  6 30 12.210
 21 0  6 31  8.750
 21 0  6 32 11.035
 21 0  6 33 10.968
 21 0  6 34  9.793
 21 0  6 35 11.275
 21 0  6 36 11.808
 21 0  6 37 10.803
 21 0  6 38 11.228
 21 0  6 39  9.433
 21 0  7  0  8.867
 21 0  7  1 10.280
 21 0  7  2  9.297
 21 0  7  3 10.499
 21 0  7  4 10.756
 21 0  7  5 10.278
 21 0  7  6 10.142
 21 0  7  7 10.060
 21 0  7  8 10.132
 21 0  7  9  9.556
 21 0  7 10  8.700
 21 0  7 11  9.988
 21 0  7 12 10.000
 21 0  7 13  9.931
 21 0  7 14 10.196
 21 0  7 15 10.437
 21 0  7 16  9.338
 21 0  7 17 10.867
 21 0  7 18 11.304
 21 0  7 19 10.637
 21 0  7 20 10.375
 21 0  7 21 10.028
 21 0  7 22  9.590
 21 0  7 23 11.146
 21 0  7 24 10.992
 21 0  7 25 10.886
 21 0  7 26 11.449
 21 0  7 27 10.442
 21 0  7 28 10.661
 21 0  7 29 10.687
 21 0  7 30 10.590
 21 0  7 31  9.353
 21 0  7 32 11.713
 21 0  7 33 11.538
 21 0  7 34 10.678
 21 0  7 35 10.800
 21 0  7 36  8.842
 21 0  7 37  9.741
 21 0  7 38  8.835
 21 0  7 39  9.655
 21 1  0  0  7.281
 21 1  0  1  9.166
 21 1  0  2 10.025
 21 1  0  3  9.503
 21 1  0  4 10.175
 21 1  0  5 10.351
 21 1  0  6  9.421
 21 1  0  7 10.213
 21 1  0  8 11.123
 21 1  0  9 10.671
 21 1  0 10  9.712
 21 1  0 11 11.888
 21 1  0 12 10.835
 21 1  0 13 10.704
 21 1  0 14  9.843
 21 1  0 15 11.365
 21 1  0 16  9.531
 21 1  0 17  9.865
 21 1  0 18 10.656
 21 1  0 19  9.683
 21 1  0 20  9.818
 21 1  0 21 10.453
 21 1  0 22  8.243
 21 1  0 23  9.594
 21 1  0 24 10.116
 21 1  0 25 11.567
 21 1  0 26 11.397
 21 1  0 27 10.086
 21 1  0 28 10.174
 21 1  0 29  9.266
 21 1  0 30 11.094
 21 1  0 31 10.975
 21 1  0 32 10.278
 21 1  0 33 10.507
 21 1  0 34  9.993
 21 1  0 35  9.108
 21 1  0 36  8.396
 21 1  0 37  9.354
 21 1  0 38  9.078
 21 1  0 39  9.273
 21 1  1  0 10.121
 21 1  1  1  9.741
 21 1  1  2 11.135
 21 1  1  3  9.749
 21 1  1  4  8.426
 21 1  1  5 10.169
 21 1  1  6  9.020
 21 1  1  7  9.695
 21 1  1  8 11.965
 21 1  1  9 12.822
 21 1  1 10 11.342
 21 1  1 11 10.881
 21 1  1 12 10.470
 21 1  1 13 10.081
 21 1  1 14  9.522
 21 1  1 15 11.090
 21 1  1 16  9.860
 21 1  1 17 10.751
 21 1  1 18  9.978
 21 1  1 19 10.963
 21 1  1 20 10.009
 21 1  1 21  9.346
 21 1  1 22 10.630
 21 1  1 23  8.090
 21 1  1 24  9.501
 21 1  1 25 10.134
 21 1  1 26 10.073
 21 1  1 27 10.969
 21 1  1 28 11.379
 21 1  1 29 11.111
 21 1  1 30 10.056
 21 1  1 31 10.240
 21 1  1 32 10.631
 21 1  1 33 10.558
 21 1  1 34 10.856
 21 1  1 35 10.381
 21 1  1 36 10.932
 21 1  1 37 11.175
 21 1  1 38 10.234
 21 1  1 39 10.134
 21 1  2  0  7.914
 21 1  2  1 10.994
 21 1  2  2  9.172
 21 1  2  3  6.104
 21 1  2  4 10.350
 21 1  2  5  8.823
 21 1  2  6  8.307
 21 1  2  7 10.717
 21 1  2  8  8.756
 21 1  2  9  9.285
 21 1  2 10  8.495
 21 1  2 11  9.990
 21 1  2 12  6.807
 21 1  2 13  9.174
 21 1  2 14  8.721
 21 1  2 15  9.056
 21 1  2 16  8.233
 21 1  2 17 10.622
 21 1  2 18  8.506
 21 1  2 19  9.341
 21 1  2 20  9.400
 21 1  2 21  9.746
 21 1  2 22 10.886
 21 1  2 23 10.105
 21 1  2 24  9.360
 21 1  2 25  9.907
 21 1  2 26 10.199
 21 1  2 27 11.988
 21 1  2 28  9.950
 21 1  2 29  9.918
 21 1  2 30 10.117
 21 1  2 31  5.841
 21 1  2 32 12.080
 21 1  2 33  9.924
 21 1  2 34  9.435
 21 1  2 35 10.268
 21 1  2 36 10.006
 21 1  2 37  8.355
 21 1  2 38 11.040
 21 1  2 39 10.006
 21 1  3  0  8.447
 21 1  3  1 10.562
 21 1  3  2 11.891
 21 1  3  3  9.124
 21 1  3  4 11.074
 21 1  3  5  9.231
 21 1  3  6  9.793
 21 1  3  7  8.672
 21 1  3  8  9.220
 21 1  3  9  8.697
 21 1  3 10  9.766
 21 1  3 11  9.693
 21 1  3 12  9.991
 21 1  3 13  9.987
 21 1  3 14 10.121
 21 1  3 15  8.057
 21 1  3 16  9.619
 21 1  3 17  9.157
 21 1  3 18 10.235
 21 1  3 19  9.145
 21 1  3 20  9.167
 21 1  3 21  9.163
 21 1  3 22  8.729
 21 1  3 23  9.090
 21 1  3 24 10.166
 21 1  3 25 10.456
 21 1  3 26  8.855
 21 1  3 27 10.543
 21 1  3 28 10.462
 21 1  3 29 10.084
 21 1  3 30 10.506
 21 1  3 31 11.084
 21 1  3 32 12.170
 21 1  3 33  8.495
 21 1  3 34 10.068
 21 1  3 35  9.995
 21 1  3 36  7.434
 21 1  3 37  8.533
 21 1  3 38  9.729
 21 1  3 39  9.822
 21 1  4  0 10.011
 21 1  4  1 11.437
 21 1  4  2  9.668
 21 1  4  3 11.116
 21 1  4  4 11.590
 21 1  4  5 10.823
 21 1  4  6 11.533
 21 1  4  7 10.585
 21 1  4  8  9.570
 21 1  4  9 11.218
 21 1  4 10 10.250
 21 1  4 11  9.200
 21 1  4 12 11.416
 21 1  4 13 10.723
 21 1  4 14 10.409
 21 1  4 15 11.495
 21 1  4 16  9.912
 21 1  4 17 11.379
 21 1  4 18 10.241
 21 1  4 19 10.992
 21 1  4 20  9.334
 21 1  4 21  9.320
 21 1  4 22 10.069
 21 1  4 23 10.820
 21 1  4 24  8.956
 21 1  4 25  9.449
 21 1  4 26  9.622
 21 1  4 27 11.242
 21 1  4 28  9.928
 21 1  4 29  9.599
 21 1  4 30  8.768
 21 1  4 31 10.617
 21 1  4 32  7.771
 21 1  4 33  9.545
 21 1  4 34  8.932
 21 1  4 35  9.279
 21 1  4 36  9.810
 21 1  4 37  9.056
 21 1  4 38  9.646
 21 1  4 39 11.020
 21 1  5  0 11.410
 21 1  5  1 11.260
 21 1  5  2 11.391
 21 1  5  3  9.541
 21 1  5  4  9.736
 21 1  5  5  9.499
 21 1  5  6  9.745
 21 1  5  7  9.478
 21 1  5  8 10.460
 21 1  5  9 11.509
 21 1  5 10 10.269
 21 1  5 11 12.130
 21 1  5 12  9.065
 21 1  5 13  9.424
 21 1  5 14  9.906
 21 1  5 15 11.800
 21 1  5 16 10.647
 21 1  5 17 11.028
 21 1  5 18 11.708
 21 1  5 19  9.729
 21 1  5 20 11.113
 21 1  5 21 11.122
 21 1  5 22  9.629
 21 1  5 23 11.351
 21 1  5 24 10.997
 21 1  5 25 11.124
 21 1  5 26 10.723
 21 1  5 27 11.778
 21 1  5 28 11.617
 21 1  5 29  9.562
 21 1  5 30 11.307
 21 1  5 31 11.340
 21 1  5 32  9.797
 21 1  5 33 10.379
 21 1  5 34 11.196
 21 1  5 35  9.208
 21 1  5 36  9.995
 21 1  5 37  9.306
 21 1  5 38  7.723
 21 1  5 39 10.333
 21 1  6  0  7.271
 21 1  6  1  8.636
 21 1  6  2  6.893
 21 1  6  3  9.901
 21 1  6  4  8.301
 21 1  6  5 10.451
 21 1  6  6  9.923
 21 1  6  7  9.862
 21 1  6  8  8.798
 21 1  6  9  9.095
 21 1  6 10  9.780
 21 1  6 11  9.749
 21 1  6 12  9.678
 21 1  6 13 10.216
 21 1  6 14  9.264
 21 1  6 15  8.244
 21 1  6 16 10.047
 21 1  6 17 10.463
 21 1  6 18  9.849
 21 1  6 19 11.233
 21 1  6 20 12.303
 21 1  6 21 10.465
 21 1  6 22 10.124
 21 1  6 23 10.869
 21 1  6 24  9.094
 21 1  6 25  8.577
 21 1  6 26  9.046
 21 1  6 27  9.076
 21 1  6 28  9.223
 21 1  6 29 10.137
 21 1  6 30  9.729
 21 1  6 31  9.030
 21 1  6 32  9.881
 21 1  6 33  9.885
 21 1  6 34 10.323
 21 1  6 35  9.888
 21 1  6 36 10.972
 21 1  6 37 10.308
 21 1  6 38  9.817
 21 1  6 39 11.282
 21 1  7  0  9.782
 21 1  7  1  9.073
 21 1  7  2 10.292
 21 1  7  3  9.378
 21 1  7  4  8.669
 21 1  7  5 10.635
 21 1  7  6  9.577
 21 1  7  7 10.769
 21 1  7  8  9.168
 21 1  7  9  9.725
 21 1  7 10  9.720
 21 1  7 11  8.196
 21 1  7 12  9.939
 21 1  7 13  9.908
 21 1  7 14  8.032
 21 1  7 15 10.025
 21 1  7 16 11.704
 21 1  7 17 11.081
 21 1  7 18 11.047
 21 1  7 19  8.539
 21 1  7 20 11.092
 21 1  7 21  9.777
 21 1  7 22 11.632
 21 1  7 23 11.982
 21 1  7 24  9.674
 21 1  7 25  8.960
 21 1  7 26  8.847
 21 1  7 27  9.281
 21 1  7 28 10.217
 21 1  7 29  9.327
 21 1  7 30  9.729
 21 1  7 31  9.038
 21 1  7 32 10.226
 21 1  7 33  9.545
 21 1  7 34 10.198
 21 1  7 35  9.967
 21 1  7 36  9.056
 21 1  7 37  9.867
 21 1  7 38  8.889
 21 1  7 39  8.579
 21 0  0 40  8.995
 21 0  0 41  9.617
 21 0  0 42  9.786
 21 0  0 43  8.302
 21 0  0 44  8.624
 21 0  0 45  9.334
 21 0  0 46  9.123
 21 0  0 47  8.580
 21 0  0 48 10.011
 21 0  0 49  9.010
 21 0  0 50  9.405
 21 0  0 51  9.985
 21 0  0 52 10.130
 21 0  0 53  9.776
 21 0  0 54 10.080
 21 0  0 55 10.361
 21 0  0 56  9.910
 21 0  0 57  9.956
 21 0  0 58 10.840
 21 0  0 59 10.114
 21 0  0 60  8.685
 21 0  0 61  8.412
 21 0  0 62  9.939
 21 0  0 63  9.176
 21 0  0 64  9.430
 21 0  0 65  9.480
 21 0  0 66 10.980
 21 0  0 67  8.607
 21 0  0 68 10.778
 21 0  0 69 11.547
 21 0  0 70  9.732
 21 0  0 71  9.215
 21 0  0 72  9.110
 21 0  0 73  8.785
 21 0  0 74 11.999
 21 0  0 75 10.613
 21 0  0 76 10.862
 21 0  0 77  9.392
 21 0  0 78  9.887
 21 0  0 79  8.473
 21 0  1 40 10.052
 21 0  1 41  9.370
 21 0  1 42  9.076
 21 0  1 43 10.050
 21 0  1 44 10.122
 21 0  1 45  9.907
 21 0  1 46  9.588
 21 0  1 47 10.855
 21 0  1 48  9.402
 21 0  1 49 10.320
 21 0  1 50  9.588
 21 0  1 51  9.145
 21 0  1 52 10.413
 21 0  1 53 11.392
 21 0  1 54 11.764
 21 0  1 55  8.775
 21 0  1 56  9.371
 21 0  1 57  9.291
 21 0  1 58  8.847
 21 0  1 59  9.063
 21 0  1 60  9.011
 21 0  1 61 10.088
 21 0  1 62 10.840
 21 0  1 63 10.441
 21 0  1 64 11.327
 21 0  1 65 10.172
 21 0  1 66 10.267
 21 0  1 67  8.493
 21 0  1 68  9.671
 21 0  1 69 10.376
 21 0  1 70 10.611
 21 0  1 71  9.616
 21 0  1 72  8.682
 21 0  1 73  9.752
 21 0  1 74  9.591
 21 0  1 75  9.115
 21 0  1 76  8.978
 21 0  1 77 10.708
 21 0  1 78  9.431
 21 0  1 79 11.818
 21 0  2 40 11.146
 21 0  2 41 10.944
 21 0  2 42  9.882
 21 0  2 43 11.072
 21 0  2 44 11.276
 21 0  2 45  9.877
 21 0  2 46 10.534
 21 0  2 47  9.816
 21 0  2 48 11.315
 21 0  2 49 11.599
 21 0  2 50 11.853
 21 0  2 51 11.448
 21 0  2 52 11.114
 21 0  2 53 10.869
 21 0  2 54 11.209
 21 0  2 55 11.325
 21 0  2 56 10.624
 21 0  2 57 10.768
 21 0  2 58 10.784
 21 0  2 59 10.790
 21 0  2 60  9.028
 21 0  2 61 10.181
 21 0  2 62 10.523
 21 0  2 63  9.137
 21 0  2 64  9.991
 21 0  2 65 10.336
 21 0  2 66 10.706
 21 0  2 67 10.512
 21 0  2 68 12.284
 21 0  2 69 10.448
 21 0  2 70 11.477
 21 0  2 71 10.022
 21 0  2 72  9.817
 21 0  2 73 10.621
 21 0  2 74  8.705
 21 0  2 75 11.186
 21 0  2 76 10.336
 21 0  2 77 10.064
 21 0  2 78 10.235
 21 0  2 79  9.683
 21 0  3 40 10.435
 21 0  3 41 10.598
 21 0  3 42 10.801
 21 0  3 43 11.222
 21 0  3 44  9.224
 21 0  3 45 10.110
 21 0  3 46  9.328
 21 0  3 47  9.780
 21 0  3 48 10.395
 21 0  3 49 10.977
 21 0  3 50 10.413
 21 0  3 51 10.458
 21 0  3 52 11.079
 21 0  3 53  9.341
 21 0  3 54 10.092
 21 0  3 55  9.919
 21 0  3 56  9.380
 21 0  3 57 10.008
 21 0  3 58  9.507
 21 0  3 59  9.388
 21 0  3 60  9.428
 21 0  3 61 10.116
 21 0  3 62 10.161
 21 0  3 63  9.448
 21 0  3 64 10.602
 21 0  3 65  9.538
 21 0  3 66 10.539
 21 0  3 67  9.992
 21 0  3 68 10.073
 21 0  3 69  9.787
 21 0  3 70 10.095
 21 0  3 71 11.177
 21 0  3 72 10.283
 21 0  3 73  9.929
 21 0  3 74 10.435
 21 0  3 75  9.809
 21 0  3 76  9.812
 21 0  3 77  9.892
 21 0  3 78 10.133
 21 0  3 79 10.115
 21 0  4 40 10.464
 21 0  4 41  9.947
 21 0  4 42  9.611
 21 0  4 43  9.018
 21 0  4 44 10.045
 21 0  4 45 11.102
 21 0  4 46 10.992
 21 0  4 47  9.990
 21 0  4 48 10.839
 21 0  4 49 11.122
 21 0  4 50 10.408
 21 0  4 51 10.167
 21 0  4 52 10.876
 21 0  4 53 10.318
 21 0  4 54 11.719
 21 0  4 55  9.788
 21 0  4 56 10.883
 21 0  4 57  9.377
 21 0  4 58  5.079
 21 0  4 59 10.506
 21 0  4 60  9.903
 21 0  4 61 10.363
 21 0  4 62 10.176
 21 0  4 63  9.853
 21 0  4 64 10.077
 21 0  4 65 10.606
 21 0  4 66 10.362
 21 0  4 67  9.679
 21 0  4 68  9.145
 21 0  4 69  9.909
 21 0  4 70  9.781
 21 0  4 71  8.858
 21 0  4 72 10.516
 21 0  4 73  9.683
 21 0  4 74 10.055
 21 0  4 75  9.551
 21 0  4 76 11.384
 21 0  4 77 10.026
 21 0  4 78 10.186
 21 0  4 79  9.157
 21 0  5 40  9.101
 21 0  5 41  9.758
 21 0  5 42  9.222
 21 0  5 43  8.954
 21 0  5 44 11.208
 21 0  5 45  9.530
 21 0  5 46  9.668
 21 0  5 47  9.727
 21 0  5 48  8.620
 21 0  5 49  8.819
 21 0  5 50  9.995
 21 0  5 51  9.970
 21 0  5 52  9.373
 21 0  5 53  9.948
 21 0  5 54  9.941
 21 0  5 55 10.278
 21 0  5 56 10.162
 21 0  5 57 10.356
 21 0  5 58 10.611
 21 0  5 59 10.637
 21 0  5 60 10.131
 21 0  5 61  9.695
 21 0  5 62  9.736
 21 0  5 63  8.688
 21 0  5 64  9.642
 21 0  5 65 10.427
 21 0  5 66 10.734
 21 0  5 67 11.227
 21 0  5 68  9.699
 21 0  5 69  8.343
 21 0  5 70 10.348
 21 0  5 71  9.776
 21 0  5 72  9.064
 21 0  5 73 10.224
 21 0  5 74 12.079
 21 0  5 75 11.759
 21 0  5 76 11.032
 21 0  5 77  9.918
 21 0  5 78  9.486
 21 0  5 79 10.277
 21 0  6 40 10.663
 21 0  6 41 11.231
 21 0  6 42 10.623
 21 0  6 43 11.111
 21 0  6 44 10.908
 21 0  6 45  9.458
 21 0  6 46  9.793
 21 0  6 47 10.287
 21 0  6 48  9.035
 21 0  6 49  8.833
 21 0  6 50  8.910
 21 0  6 51  8.973
 21 0  6 52 10.306
 21 0  6 53 10.227
 21 0  6 54 10.526
 21 0  6 55  8.942
 21 0  6 56  9.605
 21 0  6 57  9.237
 21 0  6 58  9.616
 21 0  6 59  8.982
 21 0  6 60 10.418
 21 0  6 61 11.971
 21 0  6 62 10.054
 21 0  6 63 10.836
 21 0  6 64 11.750
 21 0  6 65 11.661
 21 0  6 66 10.578
 21 0  6 67 10.219
 21 0  6 68 10.753
 21 0  6 69  9.932
 21 0  6 70 10.180
 21 0  6 71  9.424
 21 0  6 72  9.765
 21 0  6 73  8.855
 21 0  6 74  9.184
 21 0  6 75 10.567
 21 0  6 76 10.230
 21 0  6 77  9.515
 21 0  6 78 11.622
 21 0  6 79 11.333
 21 0  7 40  9.330
 21 0  7 41  8.413
 21 0  7 42  9.348
 21 0  7 43  9.560
 21 0  7 44  9.842
 21 0  7 45  9.842
 21 0  7 46  9.774
 21 0  7 47  9.471
 21 0  7 48 10.487
 21 0  7 49  9.228
 21 0  7 50 10.857
 21 0  7 51  9.645
 21 0  7 52 10.460
 21 0  7 53 10.064
 21 0  7 54 11.632
 21 0  7 55 10.740
 21 0  7 56 10.244
 21 0  7 57  9.643
 21 0  7 58  8.628
 21 0  7 59  9.833
 21 0  7 60  9.926
 21 0  7 61 11.050
 21 0  7 62  8.866
 21 0  7 63 10.195
 21 0  7 64 10.464
 21 0  7 65 11.514
 21 0  7 66 10.506
 21 0  7 67  9.816
 21 0  7 68 11.321
 21 0  7 69 10.056
 21 0  7 70 10.570
 21 0  7 71 11.103
 21 0  7 72 10.416
 21 0  7 73 10.575
 21 0  7 74  9.607
 21 0  7 75 11.138
 21 0  7 76 11.637
 21 0  7 77 10.475
 21 0  7 78 11.732
 21 0  7 79 11.450
 21 1  0 40  9.759
 21 1  0 41 10.473
 21 1  0 42 10.875
 21 1  0 43 10.307
 21 1  0 44 11.194
 21 1  0 45 11.156
 21 1  0 46 11.261
 21 1  0 47  9.928
 21 1  0 48 10.231
 21 1  0 49 10.361
 21 1  0 50 10.985
 21 1  0 51 11.733
 21 1  0 52 10.924
 21 1  0 53 10.752
 21 1  0 54 11.059
 21 1  0 55 12.205
 21 1  0 56 10.076
 21 1  0 57 10.817
 21 1  0 58 10.221
 21 1  0 59  9.215
 21 1  0 60  8.553
 21 1  0 61  7.877
 21 1  0 62  8.866
 21 1  0 63  7.158
 21 1  0 64  8.905
 21 1  0 65  9.759
 21 1  0 66  8.727
 21 1  0 67 10.740
 21 1  0 68  8.136
 21 1  0 69  7.867
 21 1  0 70  9.667
 21 1  0 71  9.502
 21 1  0 72  9.488
 21 1  0 73  9.496
 21 1  0 74  9.811
 21 1  0 75  8.361
 21 1  0 76  7.428
 21 1  0 77  8.148
 21 1  0 78  7.780
 21 1  0 79  8.692
 21 1  1 40  8.272
 21 1  1 41  9.541
 21 1  1 42  8.115
 21 1  1 43  7.858
 21 1  1 44  8.701
 21 1  1 45 11.092
 21 1  1 46  9.654
 21 1  1 47  9.910
 21 1  1 48 10.912
 21 1  1 49  8.614
 21 1  1 50  8.326
 21 1  1 51  9.732
 21 1  1 52  8.656
 21 1  1 53 10.170
 21 1  1 54  9.164
 21 1  1 55  8.491
 21 1  1 56  8.361
 21 1  1 57  9.841
 21 1  1 58  8.654
 21 1  1 59  8.290
 21 1  1 60  9.329
 21 1  1 61  9.212
 21 1  1 62  9.992
 21 1  1 63  9.830
 21 1  1 64 10.028
 21 1  1 65 10.660
 21 1  1 66 11.060
 21 1  1 67 10.341
 21 1  1 68  9.180
 21 1  1 69  6.761
 21 1  1 70  8.279
 21 1  1 71 10.287
 21 1  1 72  9.732
 21 1  1 73 10.028
 21 1  1 74  9.997
 21 1  1 75  8.041
 21 1  1 76  8.374
 21 1  1 77  8.089
 21 1  1 78  8.215
 21 1  1 79  7.917
 21 1  2 40  8.217
 21 1  2 41  9.702
 21 1  2 42  8.930
 21 1  2 43  8.315
 21 1  2 44  8.919
 21 1  2 45  9.586
 21 1  2 46  8.449
 21 1  2 47  7.727
 21 1  2 48  9.215
 21 1  2 49  9.288
 21 1  2 50  8.612
 21 1  2 51  8.532
 21 1  2 52  9.434
 21 1  2 53  9.684
 21 1  2 54 10.012
 21 1  2 55 10.014
 21 1  2 56  9.325
 21 1  2 57  9.928
 21 1  2 58  9.208
 21 1  2 59  9.444
 21 1  2 60 10.638
 21 1  2 61  8.272
 21 1  2 62  8.696
 21 1  2 63 10.644
 21 1  2 64  8.964
 21 1  2 65  8.933
 21 1  2 66  8.979
 21 1  2 67  7.677
 21 1  2 68  8.303
 21 1  2 69  8.213
 21 1  2 70  9.018
 21 1  2 71  8.255
 21 1  2 72  9.964
 21 1  2 73 10.079
 21 1  2 74  8.400
 21 1  2 75  8.119
 21 1  2 76 11.591
 21 1  2 77 10.734
 21 1  2 78 10.437
 21 1  2 79 10.790
 21 1  3 40  9.923
 21 1  3 41  9.241
 21 1  3 42  8.984
 21 1  3 43 10.569
 21 1  3 44  7.629
 21 1  3 45  8.203
 21 1  3 46  9.767
 21 1  3 47  9.097
 21 1  3 48 10.024
 21 1  3 49 10.184
 21 1  3 50  7.074
 21 1  3 51  7.891
 21 1  3 52  8.503
 21 1  3 53  7.842
 21 1  3 54  8.594
 21 1  3 55 10.695
 21 1  3 56  9.000
 21 1  3 57  9.905
 21 1  3 58  9.213
 21 1  3 59  8.189
 21 1  3 60 10.251
 21 1  3 61 10.109
 21 1  3 62  9.718
 21 1  3 63 10.519
 21 1  3 64  8.695
 21 1  3 65  8.324
 21 1  3 66  8.664
 21 1  3 67  7.361
 21 1  3 68 10.240
 21 1  3 69 10.072
 21 1  3 70  8.378
 21 1  3 71  8.881
 21 1  3 72 10.731
 21 1  3 73 10.098
 21 1  3 74  9.380
 21 1  3 75 10.122
 21 1  3 76  8.714
 21 1  3 77 10.179
 21 1  3 78  9.230
 21 1  3 79  9.410
 21 1  4 40  8.758
 21 1  4 41 10.347
 21 1  4 42 11.206
 21 1  4 43 10.075
 21 1  4 44 10.329
 21 1  4 45 10.985
 21 1  4 46 11.625
 21 1  4 47 10.375
 21 1  4 48  9.869
 21 1  4 49  9.772
 21 1  4 50  8.771
 21 1  4 51  8.188
 21 1  4 52  8.545
 21 1  4 53  8.081
 21 1  4 54  9.510
 21 1  4 55  8.826
 21 1  4 56  8.580
 21 1  4 57  8.483
 21 1  4 58  9.893
 21 1  4 59 10.255
 21 1  4 60 10.829
 21 1  4 61  9.756
 21 1  4 62  9.920
 21 1  4 63 11.088
 21 1  4 64  8.845
 21 1  4 65 12.476
 21 1  4 66 10.287
 21 1  4 67 11.786
 21 1  4 68  9.229
 21 1  4 69  9.990
 21 1  4 70 11.283
 21 1  4 71 10.626
 21 1  4 72  9.759
 21 1  4 73 10.354
 21 1  4 74 11.787
 21 1  4 75  9.210
 21 1  4 76  9.025
 21 1  4 77  8.751
 21 1  4 78  7.820
 21 1  4 79  9.483
 21 1  5 40  9.960
 21 1  5 41 10.611
 21 1  5 42  9.897
 21 1  5 43 11.418
 21 1  5 44 11.600
 21 1  5 45 10.846
 21 1  5 46 10.633
 21 1  5 47  9.175
 21 1  5 48  8.451
 21 1  5 49 10.472
 21 1  5 50 10.111
 21 1  5 51  9.870
 21 1  5 52 10.656
 21 1  5 53 10.103
 21 1  5 54  8.132
 21 1  5 55  9.608
 21 1  5 56  2.504
 21 1  5 57  8.828
 21 1  5 58  8.613
 21 1  5 59  8.877
 21 1  5 60  9.648
 21 1  5 61 10.007
 21 1  5 62  8.694
 21 1  5 63  9.427
 21 1  5 64 10.281
 21 1  5 65  7.861
 21 1  5 66 11.774
 21 1  5 67  8.596
 21 1  5 68  8.747
 21 1  5 69  9.469
 21 1  5 70 10.439
 21 1  5 71 11.494
 21 1  5 72 11.081
 21 1  5 73  9.021
 21 1  5 74 10.648
 21 1  5 75 10.983
 21 1  5 76 10.520
 21 1  5 77  9.852
 21 1  5 78 10.288
 21 1  5 79  7.652
 21 1  6 40  8.931
 21 1  6 41 10.230
 21 1  6 42 10.537
 21 1  6 43 10.256
 21 1  6 44  9.925
 21 1  6 45  9.621
 21 1  6 46  9.843
 21 1  6 47  5.691
 21 1  6 48  9.607
 21 1  6 49 10.097
 21 1  6 50  9.712
 21 1  6 51 10.045
 21 1  6 52  9.114
 21 1  6 53  8.571
 21 1  6 54 10.072
 21 1  6 55  9.128
 21 1  6 56 10.192
 21 1  6 57  9.160
 21 1  6 58 10.184
 21 1  6 59  8.826
 21 1  6 60 10.557
 21 1  6 61 10.815
 21 1  6 62 10.512
 21 1  6 63  9.000
 21 1  6 64  9.430
 21 1  6 65 10.139
 21 1  6 66  9.336
 21 1  6 67 10.120
 21 1  6 68 11.745
 21 1  6 69 11.861
 21 1  6 70 11.860
 21 1  6 71  9.736
 21 1  6 72  9.954
 21 1  6 73  9.260
 21 1  6 74  8.878
 21 1  6 75  9.921
 21 1  6 76  9.267
 21 1  6 77  8.300
 21 1  6 78  8.247
 21 1  6 79  8.879
 21 1  7 40 10.086
 21 1  7 41 10.520
 21 1  7 42  8.632
 21 1  7 43  9.256
 21 1  7 44  9.389
 21 1  7 45  7.221
 21 1  7 46  8.410
 21 1  7 47  7.927
 21 1  7 48 10.535
 21 1  7 49 10.992
 21 1  7 50  9.389
 21 1  7 51 10.690
 21 1  7 52 10.570
 21 1  7 53 10.624
 21 1  7 54 10.521
 21 1  7 55  8.815
 21 1  7 56  7.728
 21 1  7 57  9.834
 21 1  7 58  9.678
 21 1  7 59  9.548
 21 1  7 60  9.789
 21 1  7 61 11.039
 21 1  7 62 10.665
 21 1  7 63  9.185
 21 1  7 64  9.907
 21 1  7 65  9.996
 21 1  7 66 10.201
 21 1  7 67  8.934
 21 1  7 68  9.318
 21 1  7 69 10.721
 21 1  7 70 10.349
 21 1  7 71  8.897
 21 1  7 72  9.024
 21 1  7 73  9.253
 21 1  7 74  8.142
 21 1  7 75  8.528
 21 1  7 76  9.239
 21 1  7 77  8.901
 21 1  7 78  7.949
 21 1  7 79  8.659
 16 0  0  0 22.249
 16 0  0  1 19.123
 16 0  0  2 21.813
 16 0  0  3 19.871
 16 0  0  4 22.184
 16 0  0  5 18.750
 16 0  0  6 21.084
 16 0  0  7 21.704
 16 0  0  8 21.905
 16 0  0  9 16.932
 16 0  0 10 19.972
 16 0  0 11 19.180
 16 0  0 12 23.948
 16 0  0 13 19.694
 16 0  0 14 19.848
 16 0  0 15 23.141
 16 0  0 16 23.295
 16 0  0 17 22.895
 16 0  0 18 20.266
 16 0  0 19 16.265
 16 0  0 20 18.185
 16 0  0 21 19.914
 16 0  0 22 21.752
 16 0  0 23 17.509
 16 0  1  0 21.069
 16 0  1  1 24.535
 16 0  1  2 24.241
 16 0  1  3 19.514
 16 0  1  4 21.603
 16 0  1  5 18.806
 16 0  1  6 22.754
 16 0  1  7 22.235
 16 0  1  8 38.992
 16 0  1  9 40.123
 16 0  1 10 42.543
 16 0  1 11 39.008
 16 0  1 12 39.740
 16 0  1 13 40.154
 16 0  1 14 32.086
 16 0  1 15 39.996
 16 0  1 16 39.741
 16 0  1 17 38.780
 16 0  1 18 38.324
 16 0  1 19 37.675
 16 0  1 20 39.768
 16 0  1 21 40.261
 16 0  1 22 41.688
 16 0  1 23 37.637
 16 0  1 24 22.946
 16 0  1 25 22.698
 16 0  1 26 24.291
 16 0  1 27 18.070
 16 0  1 28 24.800
 16 0  1 29 20.136
 16 0  1 30 20.543
 16 0  1 31 19.819
 16 0  2  0 21.709
 16 0  2  1 18.527
 16 0  2  2 23.837
 16 0  2  3 19.503
 16 0  2  4 20.583
 16 0  2  5 18.262
 16 0  2  6 20.121
 16 0  2  7 22.858
 16 0  2  8 41.944
 16 0  2  9 38.002
 16 0  2 10 40.748
 16 0  2 11 39.097
 16 0  2 12 38.522
 16 0  2 13 36.829
 16 0  2 14 41.220
 16 0  2 15 39.184
 16 0  2 16 41.959
 16 0  2 17 40.906
 16 0  2 18 41.552
 16 0  2 19 36.818
 16 0  2 20 37.165
 16 0  2 21 39.717
 16 0  2 22 42.701
 16 0  2 23 40.694
 16 0  2 24 24.638
 16 0  2 25 22.713
 16 0  2 26 20.746
 16 0  2 27 23.446
 16 0  2 28 23.694
 16 0  2 29 23.467
 16 0  2 30 24.521
 16 0  2 31 19.477
 16 0  3  0 18.759
 16 0  3  1 19.266
 16 0  3  2 25.174
 16 0  3  3 20.367
 16 0  3  4 27.886
 16 0  3  5 24.723
 16 0  3  6 24.989
 16 0  3  7 18.983
 16 0  3  8 42.301
 16 0  3  9 41.075
 16 0  3 10 37.561
 16 0  3 11 40.720
 16 0  3 12 38.764
 16 0  3 13 38.982
 16 0  3 14 36.967
 16 0  3 15 34.566
 16 0  3 16 37.944
 16 0  3 17 41.757
 16 0  3 18 42.310
 16 0  3 19 41.029
 16 0  3 20 36.766
 16 0  3 21 39.410
 16 0  3 22 39.402
 16 0  3 23 36.362
 16 0  3 24 23.246
 16 0  3 25 20.401
 16 0  3 26 24.626
 16 0  3 27 25.073
 16 0  3 28 21.561
 16 0  3 29 18.427
 16 0  3 30 23.410
 16 0  3 31 17.349
 16 0  4  0 26.962
 16 0  4  1 21.049
 16 0  4  2 20.783
 16 0  4  3 21.959
 16 0  4  4 21.110
 16 0  4  5 18.169
 16 0  4  6 24.920
 16 0  4  7 25.172
 16 0  4  8 38.343
 16 0  4  9 38.986
 16 0  4 10 40.980
 16 0  4 11 38.685
 16 0  4 12 39.383
 16 0  4 13 42.178
 16 0  4 14 40.040
 16 0  4 15 36.578
 16 0  4 16 38.472
 16 0  4 17 38.505
 16 0  4 18 39.298
 16 0  4 19 41.185
 16 0  4 20 38.317
 16 0  4 21 40.730
 16 0  4 22 41.382
 16 0  4 23 38.780
 16 0  4 24 26.027
 16 0  4 25 22.349
 16 0  4 26 22.193
 16 0  4 27 22.464
 16 0  4 28 21.702
 16 0  4 29 21.915
 16 0  4 30 23.225
 16 0  4 31 23.513
 16 0  5  0 21.995
 16 0  5  1 26.062
 16 0  5  2 22.451
 16 0  5  3 21.728
 16 0  5  4 21.414
 16 0  5  5 21.180
 16 0  5  6 22.074
 16 0  5  7 21.265
 16 0  5  8 37.505
 16 0  5  9 37.540
 16 0  5 10 38.359
 16 0  5 11 37.423
 16 0  5 12 38.536
 16 0  5 13 37.548
 16 0  5 14 36.882
 16 0  5 15 34.882
 16 0  5 16 37.383
 16 0  5 17 37.675
 16 0  5 18 38.954
 16 0  5 19 38.422
 16 0  5 20 37.148
 16 0  5 21 37.206
 16 0  5 22 37.706
 16 0  5 23 36.564
 16 0  5 24 25.243
 16 0  5 25 21.138
 16 0  5 26 19.400
 16 0  5 27 19.223
 16 0  5 28 20.757
 16 0  5 29 18.637
 16 0  5 30 20.016
 16 0  5 31 19.753
 16 0  6  0 24.017
 16 0  6  1 26.119
 16 0  6  2 24.698
 16 0  6  3 23.854
 16 0  6  4 23.339
 16 0  6  5 25.256
 16 0  6  6 22.137
 16 0  6  7 22.143
 16 0  6  8 38.762
 16 0  6  9 39.195
 16 0  6 10 41.413
 16 0  6 11 36.524
 16 0  6 12 41.024
 16 0  6 13 38.945
 16 0  6 14 42.303
 16 0  6 15 39.227
 16 0  6 16 39.712
 16 0  6 17 39.606
 16 0  6 18 40.286
 16 0  6 19 39.094
 16 0  6 20 41.239
 16 0  6 21 41.828
 16 0  6 22 40.262
 16 0  6 23 38.528
 16 0  6 24 22.944
 16 0  6 25 23.726
 16 0  6 26 22.890
 16 0  6 27 23.605
 16 0  6 28 23.325
 16 0  6 29 22.718
 16 0  6 30 23.360
 16 0  6 31 22.150
 16 0  7  0 23.255
 16 0  7  1 24.519
 16 0  7  2 25.309
 16 0  7  3 24.077
 16 0  7  4 22.410
 16 0  7  5 21.762
 16 0  7  6 23.875
 16 0  7  7 23.643
 16 0  7  8 41.533
 16 0  7  9 40.201
 16 0  7 10 40.925
 16 0  7 11 39.853
 16 0  7 12 41.008
 16 0  7 13 41.130
 16 0  7 14 40.251
 16 0  7 15 40.703
 16 0  7 16 40.835
 16 0  7 17 38.333
 16 0  7 18 40.880
 16 0  7 19 40.368
 16 0  7 20 41.959
 16 0  7 21 38.357
 16 0  7 22 39.910
 16 0  7 23 39.245
 16 0  7 24 23.835
 16 0  7 25 23.669
 16 0  7 26 23.210
 16 0  7 27 23.206
 16 0  7 28 23.112
 16 0  7 29 21.960
 16 0  7 30 23.676
 16 0  7 31 23.285
 16 0  8  0 22.158
 16 0  8  1 26.243
 16 0  8  2 23.303
 16 0  8  3 21.153
 16 0  8  4 25.380
 16 0  8  5 21.973
 16 0  8  6 22.552
 16 0  8  7 25.649
 16 0  8  8 41.212
 16 0  8  9 41.905
 16 0  8 10 40.233
 16 0  8 11 42.715
 16 0  8 12 41.369
 16 0  8 13 39.561
 16 0  8 14 42.014
 16 0  8 15 42.308
 16 0  8 16 39.490
 16 0  8 17 43.150
 16 0  8 18 43.922
 16 0  8 19 42.003
 16 0  8 20 40.605
 16 0  8 21 41.478
 16 0  8 22 40.976
 16 0  8 23 42.149
 16 0  8 24 23.052
 16 0  8 25 22.170
 16 0  8 26 21.798
 16 0  8 27 21.444
 16 0  8 28 23.642
 16 0  8 29 24.900
 16 0  8 30 25.047
 16 0  8 31 24.171
 16 0  9  0 24.424
 16 0  9  1 24.883
 16 0  9  2 22.970
 16 0  9  3 26.649
 16 0  9  4 24.431
 16 0  9  5 25.324
 16 0  9  6 23.722
 16 0  9  7 25.983
 16 0  9  8 39.976
 16 0  9  9 41.292
 16 0  9 10 41.453
 16 0  9 11 39.903
 16 0  9 12 41.546
 16 0  9 13 41.230
 16 0  9 14 39.774
 16 0  9 15 39.210
 16 0  9 16 41.932
 16 0  9 17 41.486
 16 0  9 18 43.340
 16 0  9 19 39.730
 16 0  9 20 40.393
 16 0  9 21 39.716
 16 0  9 22 40.390
 16 0  9 23 39.066
 16 0  9 24 22.724
 16 0  9 25 21.268
 16 0  9 26 21.941
 16 0  9 27 20.979
 16 0  9 28 22.061
 16 0  9 29 24.619
 16 0  9 30 24.372
 16 0  9 31 24.120
 16 0 10  0 23.230
 16 0 10  1 20.909
 16 0 10  2 20.845
 16 0 10  3 24.836
 16 0 10  4 24.709
 16 0 10  5 23.230
 16 0 10  6 24.019
 16 0 10  7 22.565
 16 0 10  8 40.705
 16 0 10  9 39.830
 16 0 10 10 39.681
 16 0 10 11 36.552
 16 0 10 12 42.140
 16 0 10 13 42.320
 16 0 10 14 40.750
 16 0 10 15 39.754
 16 0 10 16 40.580
 16 0 10 17 39.769
 16 0 10 18 39.902
 16 0 10 19 40.255
 16 0 10 20 39.438
 16 0 10 21 40.605
 16 0 10 22 40.035
 16 0 10 23 36.559
 16 0 10 24 21.554
 16 0 10 25 21.307
 16 0 10 26 24.104
 16 0 10 27 23.160
 16 0 10 28 21.507
 16 0 10 29 22.018
 16 0 10 30 22.268
 16 0 10 31 23.738
 16 0 11  0 24.396
 16 0 11  1 21.696
 16 0 11  2 23.342
 16 0 11  3 20.599
 16 0 11  4 22.001
 16 0 11  5 18.637
 16 0 11  6 23.596
 16 0 11  7 22.018
 16 0 11  8 41.097
 16 0 11  9 37.867
 16 0 11 10 38.293
 16 0 11 11 35.749
 16 0 11 12 39.461
 16 0 11 13 38.897
 16 0 11 14 36.575
 16 0 11 15 32.402
 16 0 11 16 39.712
 16 0 11 17 36.760
 16 0 11 18 36.962
 16 0 11 19 37.100
 16 0 11 20 38.689
 16 0 11 21 38.555
 16 0 11 22 38.742
 16 0 11 23 38.485
 16 0 11 24 24.946
 16 0 11 25 20.014
 16 0 11 26 25.309
 16 0 11 27 20.533
 16 0 11 28 20.775
 16 0 11 29 23.241
 16 0 11 30 24.784
 16 0 11 31 24.316
 16 0 12  0 24.285
 16 0 12  1 23.365
 16 0 12  2 22.469
 16 0 12  3 23.574
 16 0 12  4 22.836
 16 0 12  5 18.440
 16 0 12  6 22.529
 16 0 12  7 18.032
 16 0 12  8 38.517
 16 0 12  9 41.704
 16 0 12 10 38.975
 16 0 12 11 38.526
 16 0 12 12 39.529
 16 0 12 13 41.063
 16 0 12 14 38.981
 16 0 12 15 36.866
 16 0 12 16 38.453
 16 0 12 17 39.223
 16 0 12 18 35.462
 16 0 12 19 39.628
 16 0 12 20 40.074
 16 0 12 21 38.638
 16 0 12 22 39.236
 16 0 12 23 39.664
 16 0 12 24 20.769
 16 0 12 25 19.335
 16 0 12 26 21.918
 16 0 12 27 22.910
 16 0 12 28 22.437
 16 0 12 29 24.569
 16 0 12 30 20.588
 16 0 12 31 20.604
 16 0 13  0 25.253
 16 0 13  1 25.178
 16 0 13  2 27.116
 16 0 13  3 22.827
 16 0 13  4 22.823
 16 0 13  5 26.332
 16 0 13  6 23.666
 16 0 13  7 25.512
 16 0 13  8 39.658
 16 0 13  9 40.103
 16 0 13 10 40.669
 16 0 13 11 39.109
 16 0 13 12 39.634
 16 0 13 13 38.659
 16 0 13 14 41.605
 16 0 13 15 37.174
 16 0 13 16 42.137
 16 0 13 17 38.686
 16 0 13 18 40.643
 16 0 13 19 38.466
 16 0 13 20 40.573
 16 0 13 21 40.849
 16 0 13 22 39.086
 16 0 13 23 37.623
 16 0 13 24 24.750
 16 0 13 25 22.113
 16 0 13 26 23.763
 16 0 13 27 18.945
 16 0 13 28 23.356
 16 0 13 29 22.453
 16 0 13 30 24.783
 16 0 13 31 21.694
 16 0 14  0 23.292
 16 0 14  1 25.379
 16 0 14  2 24.087
 16 0 14  3 25.847
 16 0 14  4 20.517
 16 0 14  5 25.928
 16 0 14  6 22.412
 16 0 14  7 20.411
 16 0 14  8 41.584
 16 0 14  9 41.002
 16 0 14 10 42.218
 16 0 14 11 39.864
 16 0 14 12 41.158
 16 0 14 13 36.841
 16 0 14 14 40.112
 16 0 14 15 39.631
 16 0 14 16 38.280
 16 0 14 17 38.435
 16 0 14 18 42.749
 16 0 14 19 40.366
 16 0 14 20 40.941
 16 0 14 21 41.762
 16 0 14 22 42.239
 16 0 14 23 41.573
 16 0 14 24 24.115
 16 0 14 25 23.450
 16 0 14 26 22.733
 16 0 14 27 21.639
 16 0 14 28 27.204
 16 0 14 29 24.898
 16 0 14 30 22.549
 16 0 14 31 23.433
 16 0 15  0 23.043
 16 0 15  1 25.168
 16 0 15  2 24.730
 16 0 15  3 25.357
 16 0 15  4 23.835
 16 0 15  5 22.431
 16 0 15  6 24.225
 16 0 15  7 19.583
 16 0 15  8 40.013
 16 0 15  9 35.731
 16 0 15 10 40.558
 16 0 15 11 39.444
 16 0 15 12 38.888
 16 0 15 13 39.676
 16 0 15 14 39.533
 16 0 15 15 41.313
 16 0 15 16 40.700
 16 0 15 17 37.557
 16 0 15 18 40.632
 16 0 15 19 39.311
 16 0 15 20 40.442
 16 0 15 21 40.747
 16 0 15 22 41.041
 16 0 15 23 40.301
 16 0 15 24 22.198
 16 0 15 25 24.332
 16 0 15 26 20.831
 16 0 15 27 23.594
 16 0 15 28 25.953
 16 0 15 29 24.472
 16 0 15 30 21.811
 16 0 15 31 23.751
 16 0 16  0 22.153
 16 0 16  1 24.790
 16 0 16  2 25.832
 16 0 16  3 23.974
 16 0 16  4 25.431
 16 0 16  5 22.307
 16 0 16  6 24.429
 16 0 16  7 24.605
 16 0 16  8 41.995
 16 0 16  9 41.931
 16 0 16 10 41.291
 16 0 16 11 38.380
 16 0 16 12 41.019
 16 0 16 13 39.543
 16 0 16 14 42.658
 16 0 16 15 39.719
 16 0 16 16 42.738
 16 0 16 17 37.147
 16 0 16 18 36.881
 16 0 16 19 42.289
 16 0 16 20 40.041
 16 0 16 21 42.190
 16 0 16 22 42.491
 16 0 16 23 43.413
 16 0 16 24 21.635
 16 0 16 25 23.819
 16 0 16 26 23.775
 16 0 16 27 23.612
 16 0 16 28 18.731
 16 0 16 29 24.497
 16 0 16 30 23.582
 16 0 16 31 19.540
 16 0 17  0 20.232
 16 0 17  1 19.887
 16 0 17  2 20.356
 16 0 17  3 21.892
 16 0 17  4 25.435
 16 0 17  5 20.727
 16 0 17  6 25.425
 16 0 17  7 23.253
 16 0 17  8 42.309
 16 0 17  9 40.413
 16 0 17 10 39.817
 16 0 17 11 41.265
 16 0 17 12 37.240
 16 0 17 13 41.205
 16 0 17 14 37.643
 16 0 17 15 41.150
 16 0 17 16 40.627
 16 0 17 17 31.651
 16 0 17 18 40.207
 16 0 17 19 38.923
 16 0 17 20 39.060
 16 0 17 21 35.837
 16 0 17 22 40.184
 16 0 17 23 41.177
 16 0 17 24 21.942
 16 0 17 25 19.924
 16 0 17 26 21.298
 16 0 17 27 21.141
 16 0 17 28 18.642
 16 0 17 29 25.030
 16 0 17 30 21.523
 16 0 17 31 22.440
 16 1  0  0 16.821
 16 1  0  1 18.125
 16 1  0  2 19.519
 16 1  0  3 17.242
 16 1  0  4 20.418
 16 1  0  5 18.587
 16 1  0  6 21.438
 16 1  0  7 20.244
 16 1  0  8 19.639
 16 1  0  9 21.836
 16 1  0 10 19.750
 16 1  0 11 21.781
 16 1  0 12 23.477
 16 1  0 13 17.299
 16 1  0 14 23.121
 16 1  0 15 19.006
 16 1  0 16 18.398
 16 1  0 17 18.955
 16 1  0 18 19.470
 16 1  0 19 21.769
 16 1  0 20 18.826
 16 1  0 21 17.895
 16 1  0 22 21.051
 16 1  0 23 18.501
 16 1  1  0 24.842
 16 1  1  1 24.678
 16 1  1  2 24.249
 16 1  1  3 24.301
 16 1  1  4 17.955
 16 1  1  5 21.082
 16 1  1  6 22.097
 16 1  1  7 23.423
 16 1  1  8 37.306
 16 1  1  9 37.659
 16 1  1 10 36.257
 16 1  1 11 36.932
 16 1  1 12 34.511
 16 1  1 13 33.093
 16 1  1 14 36.593
 16 1  1 15 38.122
 16 1  1 16 38.212
 16 1  1 17 37.699
 16 1  1 18 36.272
 16 1  1 19 37.780
 16 1  1 20 36.924
 16 1  1 21 38.140
 16 1  1 22 37.273
 16 1  1 23 35.190
 16 1  1 24 21.237
 16 1  1 25 20.191
 16 1  1 26 18.582
 16 1  1 27 23.852
 16 1  1 28 23.395
 16 1  1 29 23.239
 16 1  1 30 22.998
 16 1  1 31 21.103
 16 1  2  0 21.141
 16 1  2  1 21.462
 16 1  2  2 21.870
 16 1  2  3 23.446
 16 1  2  4 19.844
 16 1  2  5 23.279
 16 1  2  6 22.153
 16 1  2  7 20.413
 16 1  2  8 37.448
 16 1  2  9 35.005
 16 1  2 10 32.881
 16 1  2 11 37.786
 16 1  2 12 36.940
 16 1  2 13 35.106
 16 1  2 14 35.522
 16 1  2 15 37.578
 16 1  2 16 35.027
 16 1  2 17 35.444
 16 1  2 18 32.710
 16 1  2 19 37.893
 16 1  2 20 37.407
 16 1  2 21 37.229
 16 1  2 22 37.226
 16 1  2 23 34.935
 16 1  2 24 24.790
 16 1  2 25 21.186
 16 1  2 26 21.503
 16 1  2 27 24.026
 16 1  2 28 22.122
 16 1  2 29 23.614
 16 1  2 30 22.853
 16 1  2 31 25.758
 16 1  3  0 23.989
 16 1  3  1 24.260
 16 1  3  2 23.203
 16 1  3  3 23.780
 16 1  3  4 22.987
 16 1  3  5 22.097
 16 1  3  6 21.907
 16 1  3  7 21.213
 16 1  3  8 36.726
 16 1  3  9 38.074
 16 1  3 10 35.766
 16 1  3 11 37.569
 16 1  3 12 37.288
 16 1  3 13 37.633
 16 1  3 14 38.143
 16 1  3 15 38.183
 16 1  3 16 36.643
 16 1  3 17 38.293
 16 1  3 18 35.317
 16 1  3 19 37.879
 16 1  3 20 36.749
 16 1  3 21 38.591
 16 1  3 22 37.954
 16 1  3 23 37.831
 16 1  3 24 23.038
 16 1  3 25 22.367
 16 1  3 26 19.781
 16 1  3 27 23.063
 16 1  3 28 24.095
 16 1  3 29 22.342
 16 1  3 30 24.705
 16 1  3 31 20.543
 16 1  4  0 21.302
 16 1  4  1 22.988
 16 1  4  2 25.463
 16 1  4  3 25.158
 16 1  4  4 19.173
 16 1  4  5 20.907
 16 1  4  6 21.090
 16 1  4  7 23.154
 16 1  4  8 35.298
 16 1  4  9 34.492
 16 1  4 10 35.694
 16 1  4 11 36.821
 16 1  4 12 36.612
 16 1  4 13 36.186
 16 1  4 14 35.960
 16 1  4 15 35.184
 16 1  4 16 35.266
 16 1  4 17 35.554
 16 1  4 18 33.996
 16 1  4 19 32.099
 16 1  4 20 34.471
 16 1  4 21 36.549
 16 1  4 22 36.017
 16 1  4 23 37.041
 16 1  4 24 22.317
 16 1  4 25 22.896
 16 1  4 26 20.755
 16 1  4 27 21.851
 16 1  4 28 20.265
 16 1  4 29 20.426
 16 1  4 30 24.011
 16 1  4 31 20.384
 16 1  5  0 22.584
 16 1  5  1 22.606
 16 1  5  2 20.453
 16 1  5  3 21.499
 16 1  5  4 21.974
 16 1  5  5 21.506
 16 1  5  6 21.170
 16 1  5  7 21.721
 16 1  5  8 34.939
 16 1  5  9 34.334
 16 1  5 10 35.947
 16 1  5 11 35.118
 16 1  5 12 35.865
 16 1  5 13 34.622
 16 1  5 14 35.748
 16 1  5 15 36.264
 16 1  5 16 36.703
 16 1  5 17 36.358
 16 1  5 18 36.205
 16 1  5 19 36.233
 16 1  5 20 36.073
 16 1  5 21 33.479
 16 1  5 22 35.304
 16 1  5 23 36.325
 16 1  5 24 22.221
 16 1  5 25 22.062
 16 1  5 26 22.529
 16 1  5 27 22.031
 16 1  5 28 19.800
 16 1  5 29 22.302
 16 1  5 30 22.745
 16 1  5 31 21.878
 16 1  6  0 24.078
 16 1  6  1 22.102
 16 1  6  2 23.241
 16 1  6  3 23.560
 16 1  6  4 20.141
 16 1  6  5 22.377
 16 1  6  6 22.066
 16 1  6  7 21.190
 16 1  6  8 36.190
 16 1  6  9 37.496
 16 1  6 10 37.429
 16 1  6 11 34.375
 16 1  6 12 34.600
 16 1  6 13 35.537
 16 1  6 14 36.637
 16 1  6 15 36.974
 16 1  6 16 34.818
 16 1  6 17 35.023
 16 1  6 18 35.623
 16 1  6 19 36.123
 16 1  6 20 35.651
 16 1  6 21 36.603
 16 1  6 22 37.187
 16 1  6 23 36.102
 16 1  6 24 24.448
 16 1  6 25 24.553
 16 1  6 26 22.545
 16 1  6 27 23.145
 16 1  6 28 21.826
 16 1  6 29 20.482
 16 1  6 30 23.893
 16 1  6 31 23.602
 16 1  7  0 23.182
 16 1  7  1 22.208
 16 1  7  2 21.212
 16 1  7  3 22.320
 16 1  7  4 21.169
 16 1  7  5 21.557
 16 1  7  6 21.510
 16 1  7  7 24.362
 16 1  7  8 35.887
 16 1  7  9 36.592
 16 1  7 10 35.257
 16 1  7 11 36.010
 16 1  7 12 36.387
 16 1  7 13 35.125
 16 1  7 14 36.171
 16 1  7 15 36.351
 16 1  7 16 35.308
 16 1  7 17 36.050
 16 1  7 18 36.055
 16 1  7 19 36.810
 16 1  7 20 35.726
 16 1  7 21 35.328
 16 1  7 22 35.455
 16 1  7 23 36.311
 16 1  7 24 25.219
 16 1  7 25 23.649
 16 1  7 26 18.243
 16 1  7 27 22.504
 16 1  7 28 23.823
 16 1  7 29 23.030
 16 1  7 30 22.047
 16 1  7 31 21.966
 16 1  8  0 20.781
 16 1  8  1 22.882
 16 1  8  2 22.901
 16 1  8  3 23.494
 16 1  8  4 21.880
 16 1  8  5 23.702
 16 1  8  6 24.322
 16 1  8  7 24.548
 16 1  8  8 36.176
 16 1  8  9 36.245
 16 1  8 10 34.226
 16 1  8 11 35.841
 16 1  8 12 37.425
 16 1  8 13 36.952
 16 1  8 14 35.278
 16 1  8 15 35.711
 16 1  8 16 34.593
 16 1  8 17 36.291
 16 1  8 18 37.255
 16 1  8 19 36.497
 16 1  8 20 35.331
 16 1  8 21 35.732
 16 1  8 22 34.659
 16 1  8 23 35.748
 16 1  8 24 21.493
 16 1  8 25 22.338
 16 1  8 26 19.822
 16 1  8 27 23.226
 16 1  8 28 24.158
 16 1  8 29 21.340
 16 1  8 30 21.719
 16 1  8 31 22.666
 16 1  9  0 24.596
 16 1  9  1 22.261
 16 1  9  2 21.458
 16 1  9  3 22.582
 16 1  9  4 21.155
 16 1  9  5 23.754
 16 1  9  6 22.427
 16 1  9  7 21.562
 16 1  9  8 35.439
 16 1  9  9 35.852
 16 1  9 10 35.119
 16 1  9 11 36.558
 16 1  9 12 35.203
 16 1  9 13 36.292
 16 1  9 14 35.133
 16 1  9 15 36.441
 16 1  9 16 35.815
 16 1  9 17 35.590
 16 1  9 18 36.253
 16 1  9 19 34.692
 16 1  9 20 33.402
 16 1  9 21  0.010
 16 1  9 22 36.883
 16 1  9 23 35.985
 16 1  9 24 21.344
 16 1  9 25 23.334
 16 1  9 26 22.771
 16 1  9 27 22.202
 16 1  9 28 23.583
 16 1  9 29 23.223
 16 1  9 30 23.163
 16 1  9 31 21.915
 16 1 10  0 23.913
 16 1 10  1 21.430
 16 1 10  2 21.242
 16 1 10  3 24.848
 16 1 10  4 18.296
 16 1 10  5 22.084
 16 1 10  6 21.151
 16 1 10  7 22.212
 16 1 10  8 36.123
 16 1 10  9 36.488
 16 1 10 10 37.005
 16 1 10 11 35.856
 16 1 10 12 34.868
 16 1 10 13 36.257
 16 1 10 14 35.703
 16 1 10 15 36.620
 16 1 10 16 36.463
 16 1 10 17 34.867
 16 1 10 18 36.909
 16 1 10 19 35.478
 16 1 10 20 36.102
 16 1 10 21 34.465
 16 1 10 22 35.195
 16 1 10 23 35.883
 16 1 10 24 21.794
 16 1 10 25 20.981
 16 1 10 26 24.621
 16 1 10 27 22.365
 16 1 10 28 22.745
 16 1 10 29 22.175
 16 1 10 30 22.953
 16 1 10 31 20.620
 16 1 11  0 19.016
 16 1 11  1 18.939
 16 1 11  2 20.212
 16 1 11  3 20.335
 16 1 11  4 20.006
 16 1 11  5 24.329
 16 1 11  6 21.163
 16 1 11  7 18.964
 16 1 11  8 36.632
 16 1 11  9 34.045
 16 1 11 10 32.080
 16 1 11 11 34.758
 16 1 11 12 33.913
 16 1 11 13 35.153
 16 1 11 14 36.845
 16 1 11 15 37.131
 16 1 11 16 34.030
 16 1 11 17 34.384
 16 1 11 18 35.100
 16 1 11 19 34.344
 16 1 11 20 33.541
 16 1 11 21 35.912
 16 1 11 22 33.895
 16 1 11 23 30.701
 16 1 11 24 20.114
 16 1 11 25 19.128
 16 1 11 26 21.122
 16 1 11 27 17.397
 16 1 11 28 19.636
 16 1 11 29 19.826
 16 1 11 30 22.427
 16 1 11 31 22.337
 16 1 12  0 21.893
 16 1 12  1 19.993
 16 1 12  2 20.829
 16 1 12  3 19.528
 16 1 12  4 18.046
 16 1 12  5 16.866
 16 1 12  6 19.765
 16 1 12  7 21.637
 16 1 12  8 34.974
 16 1 12  9 33.554
 16 1 12 10 34.354
 16 1 12 11 33.322
 16 1 12 12 36.621
 16 1 12 13 36.305
 16 1 12 14 36.335
 16 1 12 15 36.954
 16 1 12 16 36.582
 16 1 12 17 36.426
 16 1 12 18 36.264
 16 1 12 19 35.727
 16 1 12 20 35.520
 16 1 12 21 35.577
 16 1 12 22 36.591
 16 1 12 23 32.707
 16 1 12 24 24.011
 16 1 12 25 20.342
 16 1 12 26 22.577
 16 1 12 27 18.320
 16 1 12 28 22.186
 16 1 12 29 20.512
 16 1 12 30 21.185
 16 1 12 31 19.482
 16 1 13  0 21.834
 16 1 13  1 22.691
 16 1 13  2 23.191
 16 1 13  3 24.750
 16 1 13  4 23.895
 16 1 13  5 21.876
 16 1 13  6 23.755
 16 1 13  7 20.154
 16 1 13  8 37.773
 16 1 13  9 36.067
 16 1 13 10 36.328
 16 1 13 11 35.868
 16 1 13 12 36.134
 16 1 13 13 34.560
 16 1 13 14 36.577
 16 1 13 15 37.229
 16 1 13 16 36.762
 16 1 13 17 35.962
 16 1 13 18 37.151
 16 1 13 19 36.109
 16 1 13 20 36.771
 16 1 13 21 34.548
 16 1 13 22 36.307
 16 1 13 23 36.898
 16 1 13 24 23.949
 16 1 13 25 19.753
 16 1 13 26 20.058
 16 1 13 27 22.401
 16 1 13 28 22.869
 16 1 13 29 22.020
 16 1 13 30 23.348
 16 1 13 31 24.487
 16 1 14  0 23.955
 16 1 14  1 23.097
 16 1 14  2 23.798
 16 1 14  3 22.548
 16 1 14  4 23.583
 16 1 14  5 22.901
 16 1 14  6 24.621
 16 1 14  7 22.222
 16 1 14  8 38.461
 16 1 14  9 37.807
 16 1 14 10 37.405
 16 1 14 11 38.238
 16 1 14 12 36.437
 16 1 14 13 37.114
 16 1 14 14 37.960
 16 1 14 15 36.927
 16 1 14 16 37.185
 16 1 14 17 37.122
 16 1 14 18 37.310
 16 1 14 19 37.703
 16 1 14 20 38.002
 16 1 14 21 37.322
 16 1 14 22 37.476
 16 1 14 23 38.994
 16 1 14 24 22.611
 16 1 14 25 23.351
 16 1 14 26 22.891
 16 1 14 27 23.232
 16 1 14 28 23.618
 16 1 14 29 23.420
 16 1 14 30 23.683
 16 1 14 31 24.671
 16 1 15  0 23.350
 16 1 15  1 23.248
 16 1 15  2 25.636
 16 1 15  3 24.605
 16 1 15  4 21.138
 16 1 15  5 22.956
 16 1 15  6 22.715
 16 1 15  7 22.385
 16 1 15  8 33.626
 16 1 15  9 36.833
 16 1 15 10 37.042
 16 1 15 11 37.194
 16 1 15 12 37.019
 16 1 15 13 36.074
 16 1 15 14 36.312
 16 1 15 15 36.566
 16 1 15 16 37.237
 16 1 15 17 34.712
 16 1 15 18 36.371
 16 1 15 19 36.817
 16 1 15 20 36.728
 16 1 15 21 37.908
 16 1 15 22 34.605
 16 1 15 23 36.921
 16 1 15 24 23.834
 16 1 15 25 20.539
 16 1 15 26 17.261
 16 1 15 27 22.696
 16 1 15 28 23.307
 16 1 15 29 23.475
 16 1 15 30 24.278
 16 1 15 31 20.840
 16 1 16  0 21.390
 16 1 16  1 25.161
 16 1 16  2 21.564
 16 1 16  3 23.011
 16 1 16  4 23.134
 16 1 16  5 24.877
 16 1 16  6 22.607
 16 1 16  7 22.551
 16 1 16  8 39.109
 16 1 16  9 37.527
 16 1 16 10 36.376
 16 1 16 11 35.625
 16 1 16 12 38.644
 16 1 16 13 38.013
 16 1 16 14 38.303
 16 1 16 15 38.654
 16 1 16 16 35.351
 16 1 16 17 39.577
 16 1 16 18 34.777
 16 1 16 19 38.003
 16 1 16 20 37.242
 16 1 16 21 37.051
 16 1 16 22 38.798
 16 1 16 23 38.048
 16 1 16 24 20.505
 16 1 16 25 21.993
 16 1 16 26 23.915
 16 1 16 27 24.539
 16 1 16 28 22.575
 16 1 16 29 21.209
 16 1 16 30 24.587
 16 1 16 31 23.150
 16 1 17  0 24.678
 16 1 17  1 24.842
 16 1 17  2 26.078
 16 1 17  3 24.589
 16 1 17  4 26.208
 16 1 17  5 21.253
 16 1 17  6 25.852
 16 1 17  7 25.575
 16 1 17  8 39.843
 16 1 17  9 39.167
 16 1 17 10 38.757
 16 1 17 11 39.303
 16 1 17 12 36.469
 16 1 17 13 37.548
 16 1 17 14 40.065
 16 1 17 15 38.990
 16 1 17 16 39.444
 16 1 17 17 38.716
 16 1 17 18 39.089
 16 1 17 19 36.919
 16 1 17 20 35.128
 16 1 17 21 38.387
 16 1 17 22 37.690
 16 1 17 23 38.409
 16 1 17 24 24.632
 16 1 17 25 20.486
 16 1 17 26 23.019
 16 1 17 27 22.462
 16 1 17 28 23.683
 16 1 17 29 24.281
 16 1 17 30 23.556
 16 1 17 31 24.471
 14 0  0  0 26.958
 14 0  0  1 26.503
 14 0  0  2 24.543
 14 0  0  3 27.372
 14 0  0  4 24.812
 14 0  0  5 28.663
 14 0  0  6 26.667
 14 0  0  7 27.204
 14 0  0  8 27.380
 14 0  0  9 28.495
 14 0  0 10 27.588
 14 0  0 11 23.719
 14 0  0 12 26.786
 14 0  0 13 27.976
 14 0  0 14 28.523
 14 0  0 15 26.188
 14 0  0 16 28.212
 14 0  0 17 25.485
 14 0  0 18 26.097
 14 0  0 19 23.866
 14 0  0 20 25.433
 14 0  0 21 27.799
 14 0  0 22 25.716
 14 0  0 23 29.956
 14 0  1  0 27.589
 14 0  1  1 25.398
 14 0  1  2 27.398
 14 0  1  3 26.359
 14 0  1  4 26.716
 14 0  1  5 28.331
 14 0  1  6 26.123
 14 0  1  7 27.166
 14 0  1  8 28.993
 14 0  1  9  0.010
 14 0  1 10 25.737
 14 0  1 11 24.349
 14 0  1 12 26.916
 14 0  1 13 24.801
 14 0  1 14 26.700
 14 0  1 15 25.915
 14 0  1 16 29.165
 14 0  1 17 27.332
 14 0  1 18 28.186
 14 0  1 19 27.879
 14 0  1 20 25.606
 14 0  1 21 25.528
 14 0  1 22 28.666
 14 0  1 23 24.192
 14 0  2  0 28.499
 14 0  2  1 27.906
 14 0  2  2 28.475
 14 0  2  3 26.209
 14 0  2  4 30.267
 14 0  2  5 25.004
 14 0  2  6 28.542
 14 0  2  7 28.055
 14 0  2  8 26.050
 14 0  2  9 26.260
 14 0  2 10 25.718
 14 0  2 11 26.281
 14 0  2 12 20.967
 14 0  2 13 27.545
 14 0  2 14 28.424
 14 0  2 15 24.377
 14 0  2 16 25.987
 14 0  2 17 25.938
 14 0  2 18 23.959
 14 0  2 19 23.931
 14 0  2 20 26.885
 14 0  2 21 26.927
 14 0  2 22 26.355
 14 0  2 23 26.305
 14 0  3  0 30.078
 14 0  3  1 27.296
 14 0  3  2 28.692
 14 0  3  3 27.981
 14 0  3  4 28.825
 14 0  3  5 27.007
 14 0  3  6 26.687
 14 0  3  7 28.834
 14 0  3  8 28.237
 14 0  3  9 27.360
 14 0  3 10 28.712
 14 0  3 11 28.820
 14 0  3 12 26.805
 14 0  3 13 29.039
 14 0  3 14 28.695
 14 0  3 15 26.212
 14 0  3 16 27.781
 14 0  3 17 26.332
 14 0  3 18 29.130
 14 0  3 19 25.390
 14 0  3 20 28.843
 14 0  3 21 23.927
 14 0  3 22 25.793
 14 0  3 23 25.704
 14 0  4  0 28.632
 14 0  4  1 27.892
 14 0  4  2 26.896
 14 0  4  3  0.010
 14 0  4  4 29.319
 14 0  4  5 28.127
 14 0  4  6 27.380
 14 0  4  7 29.126
 14 0  4  8 28.000
 14 0  4  9 28.164
 14 0  4 10 28.275
 14 0  4 11 25.614
 14 0  4 12 28.402
 14 0  4 13 29.689
 14 0  4 14 28.863
 14 0  4 15 28.615
 14 0  4 16 29.472
 14 0  4 17 28.581
 14 0  4 18 29.324
 14 0  4 19 28.421
 14 0  4 20 27.800
 14 0  4 21 29.468
 14 0  4 22 25.843
 14 0  4 23 27.759
 14 0  5  0 26.930
 14 0  5  1 24.471
 14 0  5  2 28.449
 14 0  5  3 27.465
 14 0  5  4 26.776
 14 0  5  5 28.185
 14 0  5  6 23.889
 14 0  5  7 23.714
 14 0  5  8 29.262
 14 0  5  9 24.116
 14 0  5 10 28.360
 14 0  5 11 26.138
 14 0  5 12 23.631
 14 0  5 13 24.188
 14 0  5 14 28.239
 14 0  5 15 28.692
 14 0  5 16 26.150
 14 0  5 17 26.659
 14 0  5 18 29.613
 14 0  5 19 23.401
 14 0  5 20 27.783
 14 0  5 21 22.632
 14 0  5 22 28.150
 14 0  5 23 25.806
 14 0  6  0 27.948
 14 0  6  1 29.058
 14 0  6  2 28.893
 14 0  6  3 29.983
 14 0  6  4 24.694
 14 0  6  5 29.088
 14 0  6  6 26.575
 14 0  6  7 29.350
 14 0  6  8 28.938
 14 0  6  9 29.184
 14 0  6 10 29.105
 14 0  6 11 29.196
 14 0  6 12 28.346
 14 0  6 13 25.866
 14 0  6 14 27.608
 14 0  6 15 27.939
 14 0  6 16 26.886
 14 0  6 17 25.934
 14 0  6 18 26.117
 14 0  6 19 26.982
 14 0  6 20 28.264
 14 0  6 21 27.734
 14 0  6 22 27.158
 14 0  6 23 27.231
 14 0  7  0 25.646
 14 0  7  1 24.697
 14 0  7  2 25.384
 14 0  7  3 26.042
 14 0  7  4 26.913
 14 0  7  5 25.568
 14 0  7  6 26.753
 14 0  7  7 26.634
 14 0  7  8 22.810
 14 0  7  9 23.938
 14 0  7 10 23.423
 14 0  7 11 25.265
 14 0  7 12 27.086
 14 0  7 13 26.148
 14 0  7 14 24.856
 14 0  7 15 24.995
 14 0  7 16 27.313
 14 0  7 17 26.828
 14 0  7 18 27.040
 14 0  7 19 26.309
 14 0  7 20 26.998
 14 0  7 21 26.750
 14 0  7 22 25.610
 14 0  7 23 25.998
 14 0  8  0 27.910
 14 0  8  1 27.698
 14 0  8  2 27.322
 14 0  8  3 28.562
 14 0  8  4 27.356
 14 0  8  5 27.190
 14 0  8  6 29.347
 14 0  8  7 27.205
 14 0  8  8 27.657
 14 0  8  9  0.010
 14 0  8 10 28.128
 14 0  8 11 27.622
 14 0  8 12 28.422
 14 0  8 13 27.126
 14 0  8 14 26.911
 14 0  8 15 26.777
 14 0  8 16 28.616
 14 0  8 17 27.096
 14 0  8 18 27.126
 14 0  8 19 28.392
 14 0  8 20 24.971
 14 0  8 21 28.326
 14 0  8 22 25.021
 14 0  8 23 25.643
 14 0  9  0 21.710
 14 0  9  1 27.917
 14 0  9  2 28.201
 14 0  9  3 27.943
 14 0  9  4 24.164
 14 0  9  5 27.866
 14 0  9  6 27.514
 14 0  9  7 27.985
 14 0  9  8 22.299
 14 0  9  9 23.181
 14 0  9 10 22.270
 14 0  9 11 26.500
 14 0  9 12 26.185
 14 0  9 13 28.149
 14 0  9 14 23.880
 14 0  9 15 23.901
 14 0  9 16 28.507
 14 0  9 17 24.920
 14 0  9 18 25.909
 14 0  9 19 23.472
 14 0  9 20 27.031
 14 0  9 21 24.273
 14 0  9 22 25.623
 14 0  9 23 22.862
 14 0 10  0 27.157
 14 0 10  1 23.653
 14 0 10  2 26.833
 14 0 10  3 24.451
 14 0 10  4 26.944
 14 0 10  5 25.465
 14 0 10  6 25.820
 14 0 10  7 26.370
 14 0 10  8 25.683
 14 0 10  9 24.894
 14 0 10 10 26.032
 14 0 10 11 24.685
 14 0 10 12 24.681
 14 0 10 13 24.796
 14 0 10 14 23.479
 14 0 10 15 24.808
 14 0 10 16 25.832
 14 0 10 17 25.807
 14 0 10 18 24.861
 14 0 10 19 17.642
 14 0 10 20 23.805
 14 0 10 21 24.451
 14 0 10 22 24.194
 14 0 10 23 26.624
 14 1  0  0 23.825
 14 1  0  1 22.317
 14 1  0  2 24.955
 14 1  0  3 25.412
 14 1  0  4 25.398
 14 1  0  5 24.729
 14 1  0  6 25.072
 14 1  0  7 22.754
 14 1  0  8 25.001
 14 1  0  9 25.984
 14 1  0 10 25.345
 14 1  0 11 24.873
 14 1  0 12 26.049
 14 1  0 13 26.226
 14 1  0 14 24.662
 14 1  0 15 26.394
 14 1  0 16 25.168
 14 1  0 17 25.808
 14 1  0 18 26.125
 14 1  0 19 25.897
 14 1  0 20 24.433
 14 1  0 21 25.633
 14 1  0 22 25.064
 14 1  0 23 25.467
 14 1  1  0 25.009
 14 1  1  1 24.088
 14 1  1  2 23.190
 14 1  1  3 27.351
 14 1  1  4 23.667
 14 1  1  5 26.333
 14 1  1  6 25.139
 14 1  1  7 24.638
 14 1  1  8 23.731
 14 1  1  9 25.540
 14 1  1 10 23.668
 14 1  1 11 25.234
 14 1  1 12 24.396
 14 1  1 13 25.824
 14 1  1 14 24.496
 14 1  1 15 25.593
 14 1  1 16  0.010
 14 1  1 17 26.219
 14 1  1 18 24.328
 14 1  1 19 26.233
 14 1  1 20 25.560
 14 1  1 21 26.204
 14 1  1 22 23.887
 14 1  1 23 26.127
 14 1  2  0 24.446
 14 1  2  1 26.448
 14 1  2  2 25.898
 14 1  2  3 25.201
 14 1  2  4 26.708
 14 1  2  5 27.026
 14 1  2  6 25.492
 14 1  2  7 26.103
 14 1  2  8 24.371
 14 1  2  9 26.246
 14 1  2 10 26.068
 14 1  2 11 27.363
 14 1  2 12 26.419
 14 1  2 13 24.127
 14 1  2 14 29.046
 14 1  2 15 25.567
 14 1  2 16 24.360
 14 1  2 17 24.631
 14 1  2 18 24.196
 14 1  2 19 26.483
 14 1  2 20 23.680
 14 1  2 21 27.194
 14 1  2 22 25.498
 14 1  2 23 25.189
 14 1  3  0 25.882
 14 1  3  1 25.283
 14 1  3  2 26.327
 14 1  3  3 25.098
 14 1  3  4 24.646
 14 1  3  5 26.457
 14 1  3  6 25.226
 14 1  3  7 26.030
 14 1  3  8 22.978
 14 1  3  9 25.694
 14 1  3 10 22.547
 14 1  3 11 26.366
 14 1  3 12 25.596
 14 1  3 13 25.548
 14 1  3 14 26.677
 14 1  3 15 25.336
 14 1  3 16 25.634
 14 1  3 17 26.777
 14 1  3 18 25.060
 14 1  3 19 26.226
 14 1  3 20 24.796
 14 1  3 21 26.548
 14 1  3 22 27.104
 14 1  3 23 26.062
 14 1  4  0 26.773
 14 1  4  1 27.190
 14 1  4  2 27.388
 14 1  4  3 25.985
 14 1  4  4 23.968
 14 1  4  5 25.164
 14 1  4  6 27.117
 14 1  4  7 26.746
 14 1  4  8 27.466
 14 1  4  9 28.245
 14 1  4 10 27.146
 14 1  4 11 25.653
 14 1  4 12 27.466
 14 1  4 13 25.269
 14 1  4 14 26.665
 14 1  4 15 26.086
 14 1  4 16 28.578
 14 1  4 17 28.934
 14 1  4 18 27.922
 14 1  4 19 27.797
 14 1  4 20 27.543
 14 1  4 21 27.833
 14 1  4 22 25.887
 14 1  4 23 27.604
 14 1  5  0 27.148
 14 1  5  1 26.550
 14 1  5  2 26.575
 14 1  5  3 26.141
 14 1  5  4 25.146
 14 1  5  5 25.607
 14 1  5  6 26.846
 14 1  5  7 23.864
 14 1  5  8  0.010
 14 1  5  9 23.068
 14 1  5 10  0.010
 14 1  5 11 21.289
 14 1  5 12 22.771
 14 1  5 13  0.010
 14 1  5 14 19.495
 14 1  5 15 23.926
 14 1  5 16 25.848
 14 1  5 17 27.562
 14 1  5 18 24.295
 14 1  5 19 25.937
 14 1  5 20 20.764
 14 1  5 21 23.178
 14 1  5 22 22.444
 14 1  5 23 19.777
 14 1  6  0 26.362
 14 1  6  1 25.221
 14 1  6  2 24.341
 14 1  6  3 20.765
 14 1  6  4 26.267
 14 1  6  5 25.637
 14 1  6  6 25.719
 14 1  6  7 23.815
 14 1  6  8 24.220
 14 1  6  9 25.575
 14 1  6 10 24.754
 14 1  6 11 26.884
 14 1  6 12 24.253
 14 1  6 13 27.234
 14 1  6 14 26.766
 14 1  6 15 24.991
 14 1  6 16 24.843
 14 1  6 17 25.782
 14 1  6 18 25.679
 14 1  6 19 26.701
 14 1  6 20 24.074
 14 1  6 21 25.189
 14 1  6 22 23.690
 14 1  6 23 26.257
 14 1  7  0 27.193
 14 1  7  1 26.187
 14 1  7  2 26.659
 14 1  7  3 26.062
 14 1  7  4 26.951
 14 1  7  5 24.218
 14 1  7  6 27.570
 14 1  7  7 26.829
 14 1  7  8 27.346
 14 1  7  9 27.031
 14 1  7 10 26.454
 14 1  7 11 26.517
 14 1  7 12 26.827
 14 1  7 13  0.010
 14 1  7 14 27.487
 14 1  7 15 27.603
 14 1  7 16 26.682
 14 1  7 17 25.820
 14 1  7 18 24.368
 14 1  7 19 26.092
 14 1  7 20 26.142
 14 1  7 21 27.210
 14 1  7 22 27.326
 14 1  7 23 27.523
 14 1  8  0 27.981
 14 1  8  1 27.150
 14 1  8  2 26.995
 14 1  8  3 25.730
 14 1  8  4 28.269
 14 1  8  5 28.065
 14 1  8  6 27.875
 14 1  8  7 27.159
 14 1  8  8  0.010
 14 1  8  9 27.628
 14 1  8 10 27.185
 14 1  8 11 26.722
 14 1  8 12 27.959
 14 1  8 13 28.264
 14 1  8 14 28.694
 14 1  8 15 25.993
 14 1  8 16 26.513
 14 1  8 17 29.527
 14 1  8 18 28.456
 14 1  8 19 27.423
 14 1  8 20  0.010
 14 1  8 21 28.736
 14 1  8 22 27.740
 14 1  8 23 25.032
 14 1  9  0 22.116
 14 1  9  1 25.092
 14 1  9  2 25.574
 14 1  9  3 22.324
 14 1  9  4 21.771
 14 1  9  5 27.068
 14 1  9  6 19.537
 14 1  9  7 24.341
 14 1  9  8 27.297
 14 1  9  9 22.223
 14 1  9 10 27.347
 14 1  9 11 21.054
 14 1  9 12 26.091
 14 1  9 13 28.202
 14 1  9 14 24.818
 14 1  9 15 26.973
 14 1  9 16 25.700
 14 1  9 17 26.607
 14 1  9 18 26.644
 14 1  9 19 23.570
 14 1  9 20 21.033
 14 1  9 21 21.280
 14 1  9 22 26.498
 14 1  9 23 19.017
 14 1 10  0 24.586
 14 1 10  1 24.238
 14 1 10  2 25.436
 14 1 10  3 25.093
 14 1 10  4 21.502
 14 1 10  5 25.711
 14 1 10  6 24.854
 14 1 10  7 23.725
 14 1 10  8 24.171
 14 1 10  9 24.277
 14 1 10 10 25.416
 14 1 10 11 25.711
 14 1 10 12 26.228
 14 1 10 13 26.313
 14 1 10 14  0.010
 14 1 10 15 26.063
 14 1 10 16 24.117
 14 1 10 17 25.833
 14 1 10 18 25.337
 14 1 10 19 26.107
 14 1 10 20 25.455
 14 1 10 21 26.649
 14 1 10 22  0.010
 14 1 10 23 26.432
