  3 0  0  0  8.286
  3 0  0  1  7.991
  3 0  0  2  7.959
  3 0  0  3  8.010
  3 0  0  4  7.968
  3 0  0  5  8.145
  3 0  0  6  8.251
  3 0  0  7  7.999
  3 0  0  8  8.147
  3 0  0  9  8.060
  3 0  0 10  8.119
  3 0  0 11  8.169
  3 0  0 12  8.101
  3 0  0 13  8.093
  3 0  0 14  8.112
  3 0  0 15  8.052
  3 0  0 16  8.064
  3 0  0 17  8.032
  3 0  0 18  8.065
  3 0  0 19  7.966
  3 0  0 20  8.156
  3 0  0 21  7.923
  3 0  0 22  7.864
  3 0  0 23  7.994
  3 0  1  0  8.830
  3 0  1  1  8.782
  3 0  1  2  8.893
  3 0  1  3  8.745
  3 0  1  4  8.845
  3 0  1  5  8.832
  3 0  1  6  8.915
  3 0  1  7  9.097
  3 0  1  8  8.868
  3 0  1  9  8.717
  3 0  1 10  8.702
  3 0  1 11  8.777
  3 0  1 12  8.867
  3 0  1 13  8.814
  3 0  1 14  8.954
  3 0  1 15  8.870
  3 0  1 16  8.878
  3 0  1 17  8.869
  3 0  1 18  8.995
  3 0  1 19  8.891
  3 0  1 20  8.844
  3 0  1 21  8.831
  3 0  1 22  8.710
  3 0  1 23  8.462
  3 0  2  0  8.956
  3 0  2  1  8.842
  3 0  2  2  8.662
  3 0  2  3  8.882
  3 0  2  4  8.918
  3 0  2  5  8.836
  3 0  2  6  8.834
  3 0  2  7  8.745
  3 0  2  8  8.799
  3 0  2  9  8.999
  3 0  2 10  9.076
  3 0  2 11  8.823
  3 0  2 12  8.873
  3 0  2 13  8.759
  3 0  2 14  8.732
  3 0  2 15  8.748
  3 0  2 16  8.801
  3 0  2 17  8.970
  3 0  2 18  8.896
  3 0  2 19  8.789
  3 0  2 20  8.808
  3 0  2 21  8.849
  3 0  2 22  8.807
  3 0  2 23  9.064
  3 0  3  0  9.026
  3 0  3  1  8.926
  3 0  3  2  8.751
  3 0  3  3  8.688
  3 0  3  4  8.678
  3 0  3  5  8.826
  3 0  3  6  8.739
  3 0  3  7  8.699
  3 0  3  8  8.588
  3 0  3  9  8.725
  3 0  3 10  8.680
  3 0  3 11  8.586
  3 0  3 12  8.714
  3 0  3 13  8.770
  3 0  3 14  8.780
  3 0  3 15  8.841
  3 0  3 16  8.765
  3 0  3 17  8.548
  3 0  3 18  8.825
  3 0  3 19  8.851
  3 0  3 20  8.867
  3 0  3 21  8.820
  3 0  3 22  9.019
  3 0  3 23  8.984
  3 0  4  0  8.814
  3 0  4  1  8.960
  3 0  4  2  8.994
  3 0  4  3  8.855
  3 0  4  4  8.684
  3 0  4  5  8.718
  3 0  4  6  1.000
  3 0  4  7  8.560
  3 0  4  8  8.731
  3 0  4  9  8.694
  3 0  4 10  8.724
  3 0  4 11  8.765
  3 0  4 12  8.599
  3 0  4 13  8.713
  3 0  4 14  8.639
  3 0  4 15  8.655
  3 0  4 16  8.673
  3 0  4 17  8.606
  3 0  4 18  8.702
  3 0  4 19  8.777
  3 0  4 20  8.665
  3 0  4 21  8.637
  3 0  4 22  8.745
  3 0  4 23  8.846
  3 0  5  0  8.763
  3 0  5  1  8.843
  3 0  5  2  8.722
  3 0  5  3  8.635
  3 0  5  4  8.701
  3 0  5  5  8.734
  3 0  5  6  8.748
  3 0  5  7  8.883
  3 0  5  8  8.799
  3 0  5  9  8.655
  3 0  5 10  8.482
  3 0  5 11  8.599
  3 0  5 12  8.638
  3 0  5 13  8.702
  3 0  5 14  8.745
  3 0  5 15  8.587
  3 0  5 16  8.881
  3 0  5 17  8.681
  3 0  5 18  8.643
  3 0  5 19  8.764
  3 0  5 20  8.738
  3 0  5 21  8.628
  3 0  5 22  8.795
  3 0  5 23  8.849
  3 0  6  0  8.819
  3 0  6  1  8.662
  3 0  6  2  8.723
  3 0  6  3  8.713
  3 0  6  4  8.641
  3 0  6  5  8.745
  3 0  6  6  8.733
  3 0  6  7  8.597
  3 0  6  8  8.673
  3 0  6  9  8.742
  3 0  6 10  8.515
  3 0  6 11  8.783
  3 0  6 12  8.735
  3 0  6 13  8.531
  3 0  6 14  8.568
  3 0  6 15  8.697
  3 0  6 16  8.587
  3 0  6 17  8.666
  3 0  6 18  8.669
  3 0  6 19  8.816
  3 0  6 20  8.743
  3 0  6 21  8.719
  3 0  6 22  8.723
  3 0  6 23  8.899
  3 0  7  0  8.724
  3 0  7  1  8.597
  3 0  7  2  8.584
  3 0  7  3  8.731
  3 0  7  4  8.689
  3 0  7  5  8.599
  3 0  7  6  8.655
  3 0  7  7  8.593
  3 0  7  8  8.731
  3 0  7  9  8.529
  3 0  7 10  8.822
  3 0  7 11  8.652
  3 0  7 12  8.476
  3 0  7 13  8.688
  3 0  7 14  8.762
  3 0  7 15  8.898
  3 0  7 16  8.664
  3 0  7 17  8.580
  3 0  7 18  8.690
  3 0  7 19  8.679
  3 0  7 20  8.810
  3 0  7 21  8.728
  3 0  7 22  8.722
  3 0  7 23  8.691
  3 0  8  0  8.761
  3 0  8  1  8.913
  3 0  8  2  8.692
  3 0  8  3  8.536
  3 0  8  4  8.692
  3 0  8  5  8.634
  3 0  8  6  8.736
  3 0  8  7  1.000
  3 0  8  8  8.509
  3 0  8  9  8.730
  3 0  8 10  8.777
  3 0  8 11  8.742
  3 0  8 12  8.533
  3 0  8 13  8.837
  3 0  8 14  8.581
  3 0  8 15  8.586
  3 0  8 16  8.625
  3 0  8 17  8.852
  3 0  8 18  8.654
  3 0  8 19  8.769
  3 0  8 20  8.808
  3 0  8 21  8.617
  3 0  8 22  8.740
  3 0  8 23  8.824
  3 0  9  0  8.461
  3 0  9  1  8.384
  3 0  9  2  8.510
  3 0  9  3  8.476
  3 0  9  4  8.627
  3 0  9  5  8.262
  3 0  9  6  8.615
  3 0  9  7  8.752
  3 0  9  8  8.632
  3 0  9  9  8.622
  3 0  9 10  8.620
  3 0  9 11  8.560
  3 0  9 12  8.548
  3 0  9 13  8.589
  3 0  9 14  8.628
  3 0  9 15  8.575
  3 0  9 16  8.579
  3 0  9 17  8.697
  3 0  9 18  8.490
  3 0  9 19  8.515
  3 0  9 20  8.592
  3 0  9 21  8.531
  3 0  9 22  8.629
  3 0  9 23  8.703
  3 0 10  0  8.197
  3 0 10  1  8.145
  3 0 10  2  8.253
  3 0 10  3  8.125
  3 0 10  4  8.110
  3 0 10  5  8.096
  3 0 10  6  8.164
  3 0 10  7  8.250
  3 0 10  8  8.253
  3 0 10  9  8.194
  3 0 10 10  8.201
  3 0 10 11  8.201
  3 0 10 12  8.219
  3 0 10 13  8.249
  3 0 10 14  1.000
  3 0 10 15  8.282
  3 0 10 16  8.195
  3 0 10 17  8.144
  3 0 10 18  8.279
  3 0 10 19  8.224
  3 0 10 20  8.167
  3 0 10 21  8.231
  3 0 10 22  8.104
  3 0 10 23  8.331
  3 1  0  0  8.478
  3 1  0  1  8.191
  3 1  0  2  8.208
  3 1  0  3  8.469
  3 1  0  4  8.425
  3 1  0  5  8.078
  3 1  0  6  8.311
  3 1  0  7  8.417
  3 1  0  8  8.229
  3 1  0  9  8.412
  3 1  0 10  8.391
  3 1  0 11  8.247
  3 1  0 12  8.288
  3 1  0 13  8.352
  3 1  0 14  8.439
  3 1  0 15  8.405
  3 1  0 16  8.345
  3 1  0 17  8.269
  3 1  0 18  8.468
  3 1  0 19  8.359
  3 1  0 20  8.280
  3 1  0 21  8.178
  3 1  0 22  8.334
  3 1  0 23  8.305
  3 1  1  0  8.890
  3 1  1  1  8.759
  3 1  1  2  9.031
  3 1  1  3  9.033
  3 1  1  4  8.961
  3 1  1  5  8.855
  3 1  1  6  8.909
  3 1  1  7  8.861
  3 1  1  8  8.961
  3 1  1  9  8.994
  3 1  1 10  8.983
  3 1  1 11  8.750
  3 1  1 12  8.762
  3 1  1 13  8.745
  3 1  1 14  8.849
  3 1  1 15  8.808
  3 1  1 16  8.786
  3 1  1 17  8.797
  3 1  1 18  8.681
  3 1  1 19  8.817
  3 1  1 20  8.730
  3 1  1 21  8.938
  3 1  1 22  8.825
  3 1  1 23  8.761
  3 1  2  0  8.866
  3 1  2  1  8.823
  3 1  2  2  8.827
  3 1  2  3  8.773
  3 1  2  4  8.680
  3 1  2  5  8.552
  3 1  2  6  8.687
  3 1  2  7  8.501
  3 1  2  8  8.694
  3 1  2  9  8.691
  3 1  2 10  8.790
  3 1  2 11  8.671
  3 1  2 12  8.708
  3 1  2 13  8.791
  3 1  2 14  8.877
  3 1  2 15  8.629
  3 1  2 16  8.712
  3 1  2 17  8.892
  3 1  2 18  8.890
  3 1  2 19  8.727
  3 1  2 20  8.819
  3 1  2 21  8.948
  3 1  2 22  9.113
  3 1  2 23  9.044
  3 1  3  0  8.754
  3 1  3  1  8.732
  3 1  3  2  9.026
  3 1  3  3  8.864
  3 1  3  4  8.672
  3 1  3  5  8.621
  3 1  3  6  8.526
  3 1  3  7  8.608
  3 1  3  8  8.310
  3 1  3  9  8.585
  3 1  3 10  8.473
  3 1  3 11  8.572
  3 1  3 12  8.484
  3 1  3 13  8.544
  3 1  3 14  8.635
  3 1  3 15  8.650
  3 1  3 16  8.586
  3 1  3 17  8.608
  3 1  3 18  8.528
  3 1  3 19  8.596
  3 1  3 20  8.644
  3 1  3 21  8.741
  3 1  3 22  8.986
  3 1  3 23  8.931
  3 1  4  0  8.704
  3 1  4  1  8.681
  3 1  4  2  8.810
  3 1  4  3  8.898
  3 1  4  4  8.680
  3 1  4  5  8.649
  3 1  4  6  8.852
  3 1  4  7  8.812
  3 1  4  8  8.747
  3 1  4  9  8.671
  3 1  4 10  8.849
  3 1  4 11  8.731
  3 1  4 12  8.754
  3 1  4 13  8.726
  3 1  4 14  8.759
  3 1  4 15  8.918
  3 1  4 16  8.845
  3 1  4 17  8.849
  3 1  4 18  8.723
  3 1  4 19  8.767
  3 1  4 20  8.673
  3 1  4 21  8.819
  3 1  4 22  8.822
  3 1  4 23  8.751
  3 1  5  0  8.762
  3 1  5  1  8.765
  3 1  5  2  8.777
  3 1  5  3  8.861
  3 1  5  4  8.860
  3 1  5  5  8.613
  3 1  5  6  8.870
  3 1  5  7  8.652
  3 1  5  8  8.693
  3 1  5  9  8.690
  3 1  5 10  8.919
  3 1  5 11  8.839
  3 1  5 12  8.819
  3 1  5 13  8.563
  3 1  5 14  8.623
  3 1  5 15  8.773
  3 1  5 16  8.673
  3 1  5 17  8.672
  3 1  5 18  8.736
  3 1  5 19  8.687
  3 1  5 20  8.909
  3 1  5 21  8.680
  3 1  5 22  8.810
  3 1  5 23  9.015
  3 1  6  0  8.639
  3 1  6  1  8.812
  3 1  6  2  8.723
  3 1  6  3  8.872
  3 1  6  4  8.684
  3 1  6  5  8.721
  3 1  6  6  8.691
  3 1  6  7  8.460
  3 1  6  8  8.665
  3 1  6  9  8.682
  3 1  6 10  8.619
  3 1  6 11  8.591
  3 1  6 12  8.761
  3 1  6 13  8.665
  3 1  6 14  8.633
  3 1  6 15  8.841
  3 1  6 16  8.721
  3 1  6 17  8.842
  3 1  6 18  8.829
  3 1  6 19  8.713
  3 1  6 20  8.770
  3 1  6 21  8.777
  3 1  6 22  8.688
  3 1  6 23  8.506
  3 1  7  0  9.058
  3 1  7  1  9.013
  3 1  7  2  8.670
  3 1  7  3  8.599
  3 1  7  4  8.807
  3 1  7  5  8.618
  3 1  7  6  8.693
  3 1  7  7  8.944
  3 1  7  8  8.583
  3 1  7  9  8.664
  3 1  7 10  8.608
  3 1  7 11  8.654
  3 1  7 12  8.799
  3 1  7 13  8.713
  3 1  7 14  8.815
  3 1  7 15  8.638
  3 1  7 16  8.671
  3 1  7 17  8.743
  3 1  7 18  8.596
  3 1  7 19  8.643
  3 1  7 20  8.550
  3 1  7 21  8.733
  3 1  7 22  8.785
  3 1  7 23  8.784
  3 1  8  0  8.864
  3 1  8  1  8.774
  3 1  8  2  8.973
  3 1  8  3  8.668
  3 1  8  4  8.773
  3 1  8  5  8.514
  3 1  8  6  8.676
  3 1  8  7  8.731
  3 1  8  8  8.641
  3 1  8  9  8.570
  3 1  8 10  8.611
  3 1  8 11  8.664
  3 1  8 12  8.656
  3 1  8 13  8.732
  3 1  8 14  8.782
  3 1  8 15  8.729
  3 1  8 16  8.733
  3 1  8 17  8.654
  3 1  8 18  8.698
  3 1  8 19  8.761
  3 1  8 20  8.676
  3 1  8 21  8.736
  3 1  8 22  8.437
  3 1  8 23  9.016
  3 1  9  0  8.471
  3 1  9  1  8.678
  3 1  9  2  8.643
  3 1  9  3  8.697
  3 1  9  4  8.598
  3 1  9  5  8.469
  3 1  9  6  8.583
  3 1  9  7  8.496
  3 1  9  8  8.480
  3 1  9  9  8.466
  3 1  9 10  8.439
  3 1  9 11  8.499
  3 1  9 12  8.552
  3 1  9 13  8.569
  3 1  9 14  8.507
  3 1  9 15  8.542
  3 1  9 16  8.544
  3 1  9 17  8.568
  3 1  9 18  8.544
  3 1  9 19  8.430
  3 1  9 20  8.518
  3 1  9 21  8.613
  3 1  9 22  8.455
  3 1  9 23  8.580
  3 1 10  0  8.419
  3 1 10  1  8.328
  3 1 10  2  8.424
  3 1 10  3  8.388
  3 1 10  4  8.243
  3 1 10  5  8.388
  3 1 10  6  8.402
  3 1 10  7  8.305
  3 1 10  8  8.452
  3 1 10  9  8.452
  3 1 10 10  8.331
  3 1 10 11  8.514
  3 1 10 12  8.195
  3 1 10 13  8.468
  3 1 10 14  8.372
  3 1 10 15  8.375
  3 1 10 16  8.497
  3 1 10 17  8.279
  3 1 10 18  8.482
  3 1 10 19  8.340
  3 1 10 20  8.376
  3 1 10 21  8.465
  3 1 10 22  8.432
  3 1 10 23  8.470
 15 0  0  0  4.146
 15 0  0  1  4.121
 15 0  0  2  4.151
 15 0  0  3  4.353
 15 0  0  4  4.096
 15 0  0  5  4.374
 15 0  0  6  4.201
 15 0  0  7  4.367
 15 0  0  8  4.449
 15 0  0  9  4.292
 15 0  0 10  4.352
 15 0  0 11  4.346
 15 0  0 12  4.089
 15 0  0 13  4.381
 15 0  0 14  4.301
 15 0  0 15  4.341
 15 0  0 16  4.452
 15 0  0 17  4.107
 15 0  0 18  4.248
 15 0  0 19  4.280
 15 0  0 20  4.167
 15 0  0 21  4.073
 15 0  0 22  4.389
 15 0  0 23  4.359
 15 0  0 24  4.213
 15 0  0 25  4.175
 15 0  0 26  4.202
 15 0  0 27  4.245
 15 0  0 28  4.231
 15 0  0 29  4.306
 15 0  0 30  3.974
 15 0  0 31  4.175
 15 0  0 32  4.062
 15 0  0 33  4.245
 15 0  0 34  4.012
 15 0  0 35  4.193
 15 0  0 36  4.193
 15 0  0 37  4.277
 15 0  0 38  4.148
 15 0  0 39  4.389
 15 0  1  0  4.614
 15 0  1  1  4.494
 15 0  1  2  4.499
 15 0  1  3  4.523
 15 0  1  4  4.355
 15 0  1  5  4.551
 15 0  1  6  4.400
 15 0  1  7  4.480
 15 0  1  8  4.476
 15 0  1  9  4.349
 15 0  1 10  4.379
 15 0  1 11  4.428
 15 0  1 12  4.427
 15 0  1 13  4.460
 15 0  1 14  4.405
 15 0  1 15  4.475
 15 0  1 16  4.573
 15 0  1 17  4.539
 15 0  1 18  4.368
 15 0  1 19  4.512
 15 0  1 20  4.462
 15 0  1 21  4.479
 15 0  1 22  4.465
 15 0  1 23  4.493
 15 0  1 24  4.395
 15 0  1 25  4.650
 15 0  1 26  4.516
 15 0  1 27  4.514
 15 0  1 28  4.358
 15 0  1 29  4.511
 15 0  1 30  4.373
 15 0  1 31  4.558
 15 0  1 32  4.423
 15 0  1 33  4.303
 15 0  1 34  4.537
 15 0  1 35  4.535
 15 0  1 36  4.463
 15 0  1 37  4.399
 15 0  1 38  4.320
 15 0  1 39  4.329
 15 0  2  0  4.459
 15 0  2  1  4.471
 15 0  2  2  4.607
 15 0  2  3  4.446
 15 0  2  4  4.603
 15 0  2  5  4.402
 15 0  2  6  4.325
 15 0  2  7  4.449
 15 0  2  8  4.454
 15 0  2  9  4.553
 15 0  2 10  4.517
 15 0  2 11  4.425
 15 0  2 12  4.488
 15 0  2 13  4.614
 15 0  2 14  4.402
 15 0  2 15  4.235
 15 0  2 16  4.458
 15 0  2 17  4.728
 15 0  2 18  4.612
 15 0  2 19  4.403
 15 0  2 20  4.571
 15 0  2 21  4.545
 15 0  2 22  4.461
 15 0  2 23  4.416
 15 0  2 24  4.403
 15 0  2 25  4.542
 15 0  2 26  4.501
 15 0  2 27  4.491
 15 0  2 28  4.236
 15 0  2 29  4.588
 15 0  2 30  4.450
 15 0  2 31  4.504
 15 0  2 32  4.361
 15 0  2 33  4.587
 15 0  2 34  4.411
 15 0  2 35  4.552
 15 0  2 36  4.388
 15 0  2 37  4.671
 15 0  2 38  4.483
 15 0  2 39  4.526
 15 0  3  0  4.690
 15 0  3  1  4.580
 15 0  3  2  4.599
 15 0  3  3  4.507
 15 0  3  4  4.498
 15 0  3  5  4.600
 15 0  3  6  4.453
 15 0  3  7  4.427
 15 0  3  8  4.506
 15 0  3  9  4.509
 15 0  3 10  4.495
 15 0  3 11  4.540
 15 0  3 12  4.542
 15 0  3 13  4.443
 15 0  3 14  4.640
 15 0  3 15  4.456
 15 0  3 16  4.551
 15 0  3 17  4.555
 15 0  3 18  4.450
 15 0  3 19  4.579
 15 0  3 20  4.437
 15 0  3 21  4.499
 15 0  3 22  4.431
 15 0  3 23  4.440
 15 0  3 24  4.444
 15 0  3 25  4.467
 15 0  3 26  4.622
 15 0  3 27  4.530
 15 0  3 28  4.492
 15 0  3 29  4.464
 15 0  3 30  4.557
 15 0  3 31  4.388
 15 0  3 32  4.475
 15 0  3 33  4.486
 15 0  3 34  4.534
 15 0  3 35  4.502
 15 0  3 36  4.477
 15 0  3 37  4.637
 15 0  3 38  4.611
 15 0  3 39  4.703
 15 0  4  0  4.759
 15 0  4  1  4.435
 15 0  4  2  4.621
 15 0  4  3  4.495
 15 0  4  4  4.561
 15 0  4  5  4.483
 15 0  4  6  4.400
 15 0  4  7  4.600
 15 0  4  8  4.383
 15 0  4  9  4.533
 15 0  4 10  4.621
 15 0  4 11  4.442
 15 0  4 12  4.476
 15 0  4 13  4.412
 15 0  4 14  4.484
 15 0  4 15  4.628
 15 0  4 16  4.544
 15 0  4 17  4.362
 15 0  4 18  4.518
 15 0  4 19  4.512
 15 0  4 20  4.337
 15 0  4 21  4.391
 15 0  4 22  4.510
 15 0  4 23  4.378
 15 0  4 24  4.390
 15 0  4 25  4.424
 15 0  4 26  4.454
 15 0  4 27  4.421
 15 0  4 28  4.325
 15 0  4 29  4.514
 15 0  4 30  4.623
 15 0  4 31  4.681
 15 0  4 32  4.442
 15 0  4 33  4.449
 15 0  4 34  4.488
 15 0  4 35  4.550
 15 0  4 36  4.523
 15 0  4 37  4.479
 15 0  4 38  4.475
 15 0  4 39  4.606
 15 0  5  0  4.560
 15 0  5  1  4.577
 15 0  5  2  4.494
 15 0  5  3  4.476
 15 0  5  4  4.591
 15 0  5  5  4.466
 15 0  5  6  4.589
 15 0  5  7  4.581
 15 0  5  8  4.468
 15 0  5  9  4.611
 15 0  5 10  4.602
 15 0  5 11  4.633
 15 0  5 12  4.511
 15 0  5 13  4.644
 15 0  5 14  4.355
 15 0  5 15  4.629
 15 0  5 16  4.516
 15 0  5 17  4.520
 15 0  5 18  4.573
 15 0  5 19  4.536
 15 0  5 20  4.435
 15 0  5 21  4.512
 15 0  5 22  4.534
 15 0  5 23  4.437
 15 0  5 24  4.312
 15 0  5 25  4.605
 15 0  5 26  4.439
 15 0  5 27  4.408
 15 0  5 28  4.484
 15 0  5 29  4.507
 15 0  5 30  4.487
 15 0  5 31  1.000
 15 0  5 32  4.402
 15 0  5 33  4.534
 15 0  5 34  4.423
 15 0  5 35  4.391
 15 0  5 36  4.569
 15 0  5 37  4.464
 15 0  5 38  4.653
 15 0  5 39  4.756
 15 0  6  0  4.446
 15 0  6  1  4.436
 15 0  6  2  4.446
 15 0  6  3  4.530
 15 0  6  4  4.418
 15 0  6  5  4.457
 15 0  6  6  4.378
 15 0  6  7  4.492
 15 0  6  8  4.574
 15 0  6  9  4.617
 15 0  6 10  4.659
 15 0  6 11  4.559
 15 0  6 12  4.483
 15 0  6 13  4.621
 15 0  6 14  4.437
 15 0  6 15  4.596
 15 0  6 16  4.542
 15 0  6 17  4.603
 15 0  6 18  4.531
 15 0  6 19  4.469
 15 0  6 20  4.482
 15 0  6 21  4.690
 15 0  6 22  4.460
 15 0  6 23  4.403
 15 0  6 24  4.406
 15 0  6 25  4.547
 15 0  6 26  4.684
 15 0  6 27  4.532
 15 0  6 28  4.573
 15 0  6 29  4.690
 15 0  6 30  4.509
 15 0  6 31  4.597
 15 0  6 32  4.781
 15 0  6 33  4.518
 15 0  6 34  4.394
 15 0  6 35  4.657
 15 0  6 36  4.459
 15 0  6 37  4.631
 15 0  6 38  4.702
 15 0  6 39  4.895
 15 0  7  0  4.414
 15 0  7  1  4.205
 15 0  7  2  4.413
 15 0  7  3  4.547
 15 0  7  4  4.386
 15 0  7  5  4.480
 15 0  7  6  4.448
 15 0  7  7  4.535
 15 0  7  8  4.418
 15 0  7  9  4.618
 15 0  7 10  4.587
 15 0  7 11  4.630
 15 0  7 12  4.574
 15 0  7 13  4.689
 15 0  7 14  4.538
 15 0  7 15  4.651
 15 0  7 16  4.694
 15 0  7 17  4.751
 15 0  7 18  4.738
 15 0  7 19  4.727
 15 0  7 20  4.676
 15 0  7 21  4.490
 15 0  7 22  4.653
 15 0  7 23  4.596
 15 0  7 24  4.662
 15 0  7 25  4.797
 15 0  7 26  4.782
 15 0  7 27  4.661
 15 0  7 28  4.616
 15 0  7 29  4.595
 15 0  7 30  4.623
 15 0  7 31  4.546
 15 0  7 32  4.641
 15 0  7 33  4.745
 15 0  7 34  4.514
 15 0  7 35  4.847
 15 0  7 36  4.444
 15 0  7 37  4.742
 15 0  7 38  4.503
 15 0  7 39  4.555
 15 1  0  0  4.409
 15 1  0  1  4.158
 15 1  0  2  4.196
 15 1  0  3  4.225
 15 1  0  4  4.234
 15 1  0  5  4.159
 15 1  0  6  4.301
 15 1  0  7  4.305
 15 1  0  8  4.266
 15 1  0  9  4.146
 15 1  0 10  4.277
 15 1  0 11  4.220
 15 1  0 12  4.351
 15 1  0 13  4.232
 15 1  0 14  4.270
 15 1  0 15  4.308
 15 1  0 16  4.314
 15 1  0 17  4.341
 15 1  0 18  4.180
 15 1  0 19  4.305
 15 1  0 20  4.113
 15 1  0 21  4.240
 15 1  0 22  4.156
 15 1  0 23  4.376
 15 1  0 24  4.173
 15 1  0 25  4.426
 15 1  0 26  4.126
 15 1  0 27  4.091
 15 1  0 28  4.344
 15 1  0 29  4.203
 15 1  0 30  4.251
 15 1  0 31  4.397
 15 1  0 32  4.271
 15 1  0 33  4.319
 15 1  0 34  4.170
 15 1  0 35  4.265
 15 1  0 36  4.240
 15 1  0 37  4.237
 15 1  0 38  4.100
 15 1  0 39  4.253
 15 1  1  0  4.161
 15 1  1  1  4.400
 15 1  1  2  4.495
 15 1  1  3  4.322
 15 1  1  4  4.363
 15 1  1  5  4.303
 15 1  1  6  4.233
 15 1  1  7  4.332
 15 1  1  8  4.346
 15 1  1  9  4.252
 15 1  1 10  4.474
 15 1  1 11  4.504
 15 1  1 12  4.299
 15 1  1 13  4.434
 15 1  1 14  4.284
 15 1  1 15  4.420
 15 1  1 16  4.440
 15 1  1 17  4.416
 15 1  1 18  4.389
 15 1  1 19  4.391
 15 1  1 20  4.511
 15 1  1 21  4.475
 15 1  1 22  4.274
 15 1  1 23  4.410
 15 1  1 24  4.264
 15 1  1 25  4.373
 15 1  1 26  4.373
 15 1  1 27  4.289
 15 1  1 28  4.383
 15 1  1 29  4.490
 15 1  1 30  4.214
 15 1  1 31  4.369
 15 1  1 32  4.208
 15 1  1 33  4.561
 15 1  1 34  4.401
 15 1  1 35  4.394
 15 1  1 36  4.351
 15 1  1 37  4.351
 15 1  1 38  4.407
 15 1  1 39  4.479
 15 1  2  0  4.566
 15 1  2  1  4.404
 15 1  2  2  4.467
 15 1  2  3  4.407
 15 1  2  4  4.452
 15 1  2  5  4.490
 15 1  2  6  4.491
 15 1  2  7  4.515
 15 1  2  8  4.371
 15 1  2  9  4.260
 15 1  2 10  4.336
 15 1  2 11  4.372
 15 1  2 12  4.228
 15 1  2 13  4.405
 15 1  2 14  4.392
 15 1  2 15  4.359
 15 1  2 16  4.473
 15 1  2 17  1.000
 15 1  2 18  4.452
 15 1  2 19  4.349
 15 1  2 20  4.453
 15 1  2 21  4.440
 15 1  2 22  4.285
 15 1  2 23  4.366
 15 1  2 24  4.453
 15 1  2 25  4.352
 15 1  2 26  4.331
 15 1  2 27  4.351
 15 1  2 28  4.447
 15 1  2 29  4.253
 15 1  2 30  4.405
 15 1  2 31  4.553
 15 1  2 32  4.448
 15 1  2 33  4.372
 15 1  2 34  4.413
 15 1  2 35  4.400
 15 1  2 36  4.268
 15 1  2 37  4.444
 15 1  2 38  4.264
 15 1  2 39  4.365
 15 1  3  0  4.285
 15 1  3  1  4.238
 15 1  3  2  4.416
 15 1  3  3  4.442
 15 1  3  4  4.365
 15 1  3  5  4.368
 15 1  3  6  4.296
 15 1  3  7  4.483
 15 1  3  8  4.286
 15 1  3  9  4.592
 15 1  3 10  4.339
 15 1  3 11  4.504
 15 1  3 12  4.371
 15 1  3 13  4.457
 15 1  3 14  4.264
 15 1  3 15  4.485
 15 1  3 16  4.402
 15 1  3 17  4.426
 15 1  3 18  4.429
 15 1  3 19  4.649
 15 1  3 20  4.389
 15 1  3 21  4.448
 15 1  3 22  4.482
 15 1  3 23  4.375
 15 1  3 24  4.469
 15 1  3 25  4.571
 15 1  3 26  4.253
 15 1  3 27  4.554
 15 1  3 28  4.454
 15 1  3 29  4.501
 15 1  3 30  4.433
 15 1  3 31  4.472
 15 1  3 32  4.430
 15 1  3 33  4.601
 15 1  3 34  4.355
 15 1  3 35  4.447
 15 1  3 36  4.594
 15 1  3 37  4.546
 15 1  3 38  4.440
 15 1  3 39  4.537
 15 1  4  0  4.359
 15 1  4  1  4.259
 15 1  4  2  4.459
 15 1  4  3  4.524
 15 1  4  4  4.425
 15 1  4  5  4.328
 15 1  4  6  4.564
 15 1  4  7  4.386
 15 1  4  8  4.426
 15 1  4  9  4.474
 15 1  4 10  4.232
 15 1  4 11  4.497
 15 1  4 12  4.536
 15 1  4 13  4.592
 15 1  4 14  4.347
 15 1  4 15  4.562
 15 1  4 16  4.390
 15 1  4 17  4.500
 15 1  4 18  4.449
 15 1  4 19  1.000
 15 1  4 20  4.402
 15 1  4 21  4.498
 15 1  4 22  4.459
 15 1  4 23  4.543
 15 1  4 24  4.337
 15 1  4 25  4.352
 15 1  4 26  4.425
 15 1  4 27  4.368
 15 1  4 28  4.433
 15 1  4 29  4.479
 15 1  4 30  4.302
 15 1  4 31  4.394
 15 1  4 32  4.386
 15 1  4 33  4.442
 15 1  4 34  4.462
 15 1  4 35  4.520
 15 1  4 36  4.288
 15 1  4 37  4.511
 15 1  4 38  4.342
 15 1  4 39  4.353
 15 1  5  0  4.092
 15 1  5  1  4.289
 15 1  5  2  4.437
 15 1  5  3  4.375
 15 1  5  4  4.318
 15 1  5  5  4.417
 15 1  5  6  4.248
 15 1  5  7  4.468
 15 1  5  8  4.382
 15 1  5  9  4.438
 15 1  5 10  4.329
 15 1  5 11  4.491
 15 1  5 12  4.546
 15 1  5 13  4.667
 15 1  5 14  4.410
 15 1  5 15  4.414
 15 1  5 16  4.454
 15 1  5 17  4.421
 15 1  5 18  4.410
 15 1  5 19  4.478
 15 1  5 20  4.479
 15 1  5 21  4.352
 15 1  5 22  4.449
 15 1  5 23  4.436
 15 1  5 24  4.479
 15 1  5 25  4.370
 15 1  5 26  4.473
 15 1  5 27  4.418
 15 1  5 28  4.374
 15 1  5 29  4.489
 15 1  5 30  4.493
 15 1  5 31  4.489
 15 1  5 32  4.569
 15 1  5 33  4.557
 15 1  5 34  4.403
 15 1  5 35  4.529
 15 1  5 36  4.417
 15 1  5 37  4.481
 15 1  5 38  4.393
 15 1  5 39  4.558
 15 1  6  0  4.115
 15 1  6  1  4.382
 15 1  6  2  4.433
 15 1  6  3  4.438
 15 1  6  4  4.381
 15 1  6  5  4.551
 15 1  6  6  4.457
 15 1  6  7  4.531
 15 1  6  8  4.481
 15 1  6  9  4.495
 15 1  6 10  4.307
 15 1  6 11  4.507
 15 1  6 12  4.521
 15 1  6 13  4.502
 15 1  6 14  4.521
 15 1  6 15  4.453
 15 1  6 16  4.637
 15 1  6 17  4.489
 15 1  6 18  4.641
 15 1  6 19  4.506
 15 1  6 20  4.462
 15 1  6 21  4.454
 15 1  6 22  4.453
 15 1  6 23  4.429
 15 1  6 24  4.443
 15 1  6 25  4.693
 15 1  6 26  4.603
 15 1  6 27  4.495
 15 1  6 28  4.615
 15 1  6 29  4.470
 15 1  6 30  4.522
 15 1  6 31  4.522
 15 1  6 32  4.621
 15 1  6 33  4.353
 15 1  6 34  4.415
 15 1  6 35  4.554
 15 1  6 36  4.385
 15 1  6 37  4.453
 15 1  6 38  4.515
 15 1  6 39  4.442
 15 1  7  0  4.525
 15 1  7  1  4.144
 15 1  7  2  4.330
 15 1  7  3  4.640
 15 1  7  4  4.660
 15 1  7  5  4.556
 15 1  7  6  4.666
 15 1  7  7  4.679
 15 1  7  8  4.586
 15 1  7  9  4.530
 15 1  7 10  4.542
 15 1  7 11  4.737
 15 1  7 12  4.534
 15 1  7 13  4.793
 15 1  7 14  4.279
 15 1  7 15  4.776
 15 1  7 16  4.529
 15 1  7 17  4.849
 15 1  7 18  4.543
 15 1  7 19  4.501
 15 1  7 20  4.617
 15 1  7 21  4.819
 15 1  7 22  4.648
 15 1  7 23  4.683
 15 1  7 24  4.628
 15 1  7 25  4.522
 15 1  7 26  4.588
 15 1  7 27  4.525
 15 1  7 28  4.744
 15 1  7 29  4.668
 15 1  7 30  4.565
 15 1  7 31  4.553
 15 1  7 32  4.679
 15 1  7 33  4.508
 15 1  7 34  4.531
 15 1  7 35  4.743
 15 1  7 36  4.394
 15 1  7 37  4.678
 15 1  7 38  4.698
 15 1  7 39  4.415
 15 0  0 40  4.434
 15 0  0 41  4.514
 15 0  0 42  4.402
 15 0  0 43  4.553
 15 0  0 44  4.414
 15 0  0 45  4.543
 15 0  0 46  4.366
 15 0  0 47  4.427
 15 0  0 48  4.487
 15 0  0 49  4.467
 15 0  0 50  4.300
 15 0  0 51  4.480
 15 0  0 52  4.635
 15 0  0 53  4.466
 15 0  0 54  4.503
 15 0  0 55  4.520
 15 0  0 56  4.310
 15 0  0 57  4.307
 15 0  0 58  4.144
 15 0  0 59  4.142
 15 0  0 60  4.266
 15 0  0 61  4.605
 15 0  0 62  4.434
 15 0  0 63  4.317
 15 0  0 64  4.238
 15 0  0 65  4.478
 15 0  0 66  4.369
 15 0  0 67  4.359
 15 0  0 68  4.587
 15 0  0 69  4.404
 15 0  0 70  4.452
 15 0  0 71  4.329
 15 0  0 72  4.320
 15 0  0 73  4.363
 15 0  0 74  4.573
 15 0  0 75  4.503
 15 0  0 76  4.087
 15 0  0 77  4.318
 15 0  0 78  3.921
 15 0  0 79  3.992
 15 0  1 40  4.436
 15 0  1 41  4.498
 15 0  1 42  4.457
 15 0  1 43  4.390
 15 0  1 44  4.751
 15 0  1 45  4.586
 15 0  1 46  4.499
 15 0  1 47  4.463
 15 0  1 48  4.639
 15 0  1 49  4.579
 15 0  1 50  4.632
 15 0  1 51  4.714
 15 0  1 52  4.437
 15 0  1 53  4.553
 15 0  1 54  4.545
 15 0  1 55  4.592
 15 0  1 56  4.452
 15 0  1 57  4.433
 15 0  1 58  4.523
 15 0  1 59  4.029
 15 0  1 60  4.309
 15 0  1 61  4.501
 15 0  1 62  4.706
 15 0  1 63  4.616
 15 0  1 64  4.475
 15 0  1 65  4.584
 15 0  1 66  4.425
 15 0  1 67  4.552
 15 0  1 68  4.539
 15 0  1 69  4.533
 15 0  1 70  4.803
 15 0  1 71  4.638
 15 0  1 72  4.468
 15 0  1 73  4.617
 15 0  1 74  4.349
 15 0  1 75  4.448
 15 0  1 76  4.503
 15 0  1 77  4.263
 15 0  1 78  4.282
 15 0  1 79  4.184
 15 0  2 40  4.282
 15 0  2 41  4.470
 15 0  2 42  4.572
 15 0  2 43  4.749
 15 0  2 44  4.732
 15 0  2 45  4.551
 15 0  2 46  4.529
 15 0  2 47  4.579
 15 0  2 48  4.680
 15 0  2 49  4.787
 15 0  2 50  4.604
 15 0  2 51  4.504
 15 0  2 52  4.640
 15 0  2 53  4.620
 15 0  2 54  4.425
 15 0  2 55  4.544
 15 0  2 56  4.534
 15 0  2 57  4.530
 15 0  2 58  4.459
 15 0  2 59  4.648
 15 0  2 60  4.411
 15 0  2 61  4.493
 15 0  2 62  4.560
 15 0  2 63  4.685
 15 0  2 64  4.731
 15 0  2 65  4.327
 15 0  2 66  4.426
 15 0  2 67  4.591
 15 0  2 68  4.607
 15 0  2 69  4.595
 15 0  2 70  4.537
 15 0  2 71  4.446
 15 0  2 72  4.628
 15 0  2 73  4.624
 15 0  2 74  4.650
 15 0  2 75  4.735
 15 0  2 76  4.582
 15 0  2 77  4.514
 15 0  2 78  4.457
 15 0  2 79  4.325
 15 0  3 40  4.467
 15 0  3 41  4.491
 15 0  3 42  4.526
 15 0  3 43  4.368
 15 0  3 44  4.708
 15 0  3 45  4.655
 15 0  3 46  4.533
 15 0  3 47  4.629
 15 0  3 48  4.563
 15 0  3 49  4.656
 15 0  3 50  4.600
 15 0  3 51  4.697
 15 0  3 52  4.587
 15 0  3 53  4.705
 15 0  3 54  4.581
 15 0  3 55  4.580
 15 0  3 56  4.542
 15 0  3 57  4.630
 15 0  3 58  4.805
 15 0  3 59  4.724
 15 0  3 60  4.413
 15 0  3 61  4.417
 15 0  3 62  4.523
 15 0  3 63  4.497
 15 0  3 64  4.792
 15 0  3 65  4.539
 15 0  3 66  4.632
 15 0  3 67  4.558
 15 0  3 68  4.577
 15 0  3 69  4.466
 15 0  3 70  4.608
 15 0  3 71  4.558
 15 0  3 72  4.500
 15 0  3 73  4.483
 15 0  3 74  4.753
 15 0  3 75  4.567
 15 0  3 76  4.504
 15 0  3 77  4.587
 15 0  3 78  4.533
 15 0  3 79  4.807
 15 0  4 40  4.321
 15 0  4 41  4.431
 15 0  4 42  4.609
 15 0  4 43  4.409
 15 0  4 44  4.516
 15 0  4 45  4.604
 15 0  4 46  4.660
 15 0  4 47  4.362
 15 0  4 48  4.677
 15 0  4 49  4.568
 15 0  4 50  4.619
 15 0  4 51  4.547
 15 0  4 52  4.450
 15 0  4 53  4.471
 15 0  4 54  4.401
 15 0  4 55  4.667
 15 0  4 56  4.639
 15 0  4 57  4.499
 15 0  4 58  4.532
 15 0  4 59  4.598
 15 0  4 60  4.358
 15 0  4 61  4.412
 15 0  4 62  4.534
 15 0  4 63  4.506
 15 0  4 64  4.413
 15 0  4 65  4.634
 15 0  4 66  4.735
 15 0  4 67  4.648
 15 0  4 68  4.588
 15 0  4 69  4.817
 15 0  4 70  4.612
 15 0  4 71  4.632
 15 0  4 72  4.604
 15 0  4 73  4.607
 15 0  4 74  4.620
 15 0  4 75  4.445
 15 0  4 76  4.627
 15 0  4 77  4.709
 15 0  4 78  4.467
 15 0  4 79  4.696
 15 0  5 40  4.530
 15 0  5 41  4.496
 15 0  5 42  4.418
 15 0  5 43  4.560
 15 0  5 44  4.662
 15 0  5 45  4.618
 15 0  5 46  4.731
 15 0  5 47  4.539
 15 0  5 48  4.488
 15 0  5 49  4.574
 15 0  5 50  4.866
 15 0  5 51  4.330
 15 0  5 52  4.662
 15 0  5 53  4.641
 15 0  5 54  4.404
 15 0  5 55  4.536
 15 0  5 56  4.570
 15 0  5 57  4.393
 15 0  5 58  4.528
 15 0  5 59  4.900
 15 0  5 60  4.138
 15 0  5 61  4.501
 15 0  5 62  4.649
 15 0  5 63  4.469
 15 0  5 64  4.612
 15 0  5 65  4.571
 15 0  5 66  4.705
 15 0  5 67  4.422
 15 0  5 68  4.582
 15 0  5 69  4.563
 15 0  5 70  4.699
 15 0  5 71  4.859
 15 0  5 72  4.656
 15 0  5 73  4.676
 15 0  5 74  4.578
 15 0  5 75  4.709
 15 0  5 76  4.620
 15 0  5 77  4.547
 15 0  5 78  4.421
 15 0  5 79  4.893
 15 0  6 40  4.340
 15 0  6 41  4.495
 15 0  6 42  4.605
 15 0  6 43  4.575
 15 0  6 44  4.455
 15 0  6 45  4.521
 15 0  6 46  4.654
 15 0  6 47  4.622
 15 0  6 48  4.510
 15 0  6 49  4.499
 15 0  6 50  4.531
 15 0  6 51  4.712
 15 0  6 52  4.441
 15 0  6 53  4.678
 15 0  6 54  4.762
 15 0  6 55  4.575
 15 0  6 56  4.475
 15 0  6 57  4.420
 15 0  6 58  4.530
 15 0  6 59  4.592
 15 0  6 60  4.000
 15 0  6 61  4.466
 15 0  6 62  4.459
 15 0  6 63  4.696
 15 0  6 64  4.756
 15 0  6 65  4.957
 15 0  6 66  4.637
 15 0  6 67  4.662
 15 0  6 68  4.527
 15 0  6 69  4.853
 15 0  6 70  4.758
 15 0  6 71  4.567
 15 0  6 72  4.510
 15 0  6 73  4.681
 15 0  6 74  4.598
 15 0  6 75  4.791
 15 0  6 76  4.750
 15 0  6 77  4.574
 15 0  6 78  4.618
 15 0  6 79  4.299
 15 0  7 40  4.340
 15 0  7 41  4.326
 15 0  7 42  5.022
 15 0  7 43  4.922
 15 0  7 44  4.707
 15 0  7 45  4.675
 15 0  7 46  4.700
 15 0  7 47  4.679
 15 0  7 48  4.559
 15 0  7 49  4.701
 15 0  7 50  4.911
 15 0  7 51  4.613
 15 0  7 52  4.645
 15 0  7 53  4.546
 15 0  7 54  4.701
 15 0  7 55  4.598
 15 0  7 56  4.833
 15 0  7 57  4.710
 15 0  7 58  4.664
 15 0  7 59  4.256
 15 0  7 60  4.999
 15 0  7 61  4.777
 15 0  7 62  4.920
 15 0  7 63  5.246
 15 0  7 64  5.024
 15 0  7 65  5.084
 15 0  7 66  4.765
 15 0  7 67  4.811
 15 0  7 68  5.177
 15 0  7 69  5.065
 15 0  7 70  5.120
 15 0  7 71  5.157
 15 0  7 72  4.856
 15 0  7 73  4.945
 15 0  7 74  5.234
 15 0  7 75  1.000
 15 0  7 76  5.065
 15 0  7 77  5.115
 15 0  7 78  4.483
 15 0  7 79  4.610
 15 1  0 40  4.136
 15 1  0 41  4.115
 15 1  0 42  4.411
 15 1  0 43  5.393
 15 1  0 44  4.557
 15 1  0 45  4.168
 15 1  0 46  3.867
 15 1  0 47  4.319
 15 1  0 48  4.253
 15 1  0 49  4.517
 15 1  0 50  4.223
 15 1  0 51  4.194
 15 1  0 52  4.409
 15 1  0 53  4.250
 15 1  0 54  4.553
 15 1  0 55  4.355
 15 1  0 56  3.944
 15 1  0 57  3.896
 15 1  0 58  3.969
 15 1  0 59  3.102
 15 1  0 60  3.529
 15 1  0 61  4.225
 15 1  0 62  4.666
 15 1  0 63  4.785
 15 1  0 64  4.096
 15 1  0 65  4.606
 15 1  0 66  4.905
 15 1  0 67  4.739
 15 1  0 68  5.109
 15 1  0 69  4.623
 15 1  0 70  5.050
 15 1  0 71  4.306
 15 1  0 72  4.759
 15 1  0 73  4.209
 15 1  0 74  1.000
 15 1  0 75  4.873
 15 1  0 76  4.537
 15 1  0 77  4.544
 15 1  0 78  4.837
 15 1  0 79  4.361
 15 1  1 40  3.108
 15 1  1 41  4.137
 15 1  1 42  4.251
 15 1  1 43  4.003
 15 1  1 44  4.099
 15 1  1 45  3.910
 15 1  1 46  4.086
 15 1  1 47  4.233
 15 1  1 48  4.278
 15 1  1 49  4.151
 15 1  1 50  4.122
 15 1  1 51  4.034
 15 1  1 52  4.320
 15 1  1 53  4.254
 15 1  1 54  4.200
 15 1  1 55  4.283
 15 1  1 56  4.194
 15 1  1 57  3.990
 15 1  1 58  4.005
 15 1  1 59  3.248
 15 1  1 60  3.728
 15 1  1 61  4.204
 15 1  1 62  4.407
 15 1  1 63  4.545
 15 1  1 64  4.157
 15 1  1 65  4.636
 15 1  1 66  4.977
 15 1  1 67  4.769
 15 1  1 68  4.441
 15 1  1 69  4.312
 15 1  1 70  4.780
 15 1  1 71  4.515
 15 1  1 72  4.352
 15 1  1 73  4.717
 15 1  1 74  4.333
 15 1  1 75  4.734
 15 1  1 76  4.480
 15 1  1 77  4.191
 15 1  1 78  4.802
 15 1  1 79  3.985
 15 1  2 40  3.355
 15 1  2 41  4.373
 15 1  2 42  4.647
 15 1  2 43  4.344
 15 1  2 44  4.192
 15 1  2 45  4.460
 15 1  2 46  4.466
 15 1  2 47  4.369
 15 1  2 48  4.283
 15 1  2 49  4.581
 15 1  2 50  1.000
 15 1  2 51  4.370
 15 1  2 52  4.306
 15 1  2 53  3.968
 15 1  2 54  4.179
 15 1  2 55  4.253
 15 1  2 56  4.172
 15 1  2 57  4.133
 15 1  2 58  4.487
 15 1  2 59  3.721
 15 1  2 60  3.739
 15 1  2 61  4.352
 15 1  2 62  4.732
 15 1  2 63  4.538
 15 1  2 64  4.761
 15 1  2 65  4.337
 15 1  2 66  4.645
 15 1  2 67  4.909
 15 1  2 68  4.480
 15 1  2 69  4.524
 15 1  2 70  4.808
 15 1  2 71  4.634
 15 1  2 72  4.116
 15 1  2 73  4.872
 15 1  2 74  5.075
 15 1  2 75  1.000
 15 1  2 76  4.208
 15 1  2 77  4.671
 15 1  2 78  4.843
 15 1  2 79  4.564
 15 1  3 40  3.687
 15 1  3 41  4.346
 15 1  3 42  4.465
 15 1  3 43  4.591
 15 1  3 44  4.270
 15 1  3 45  4.199
 15 1  3 46  4.266
 15 1  3 47  4.566
 15 1  3 48  4.435
 15 1  3 49  4.303
 15 1  3 50  1.000
 15 1  3 51  4.426
 15 1  3 52  4.528
 15 1  3 53  4.471
 15 1  3 54  4.682
 15 1  3 55  4.494
 15 1  3 56  4.391
 15 1  3 57  4.122
 15 1  3 58  4.379
 15 1  3 59  3.558
 15 1  3 60  4.311
 15 1  3 61  3.827
 15 1  3 62  4.646
 15 1  3 63  4.292
 15 1  3 64  4.716
 15 1  3 65  4.614
 15 1  3 66  4.636
 15 1  3 67  4.670
 15 1  3 68  4.793
 15 1  3 69  4.536
 15 1  3 70  4.401
 15 1  3 71  4.517
 15 1  3 72  4.308
 15 1  3 73  4.551
 15 1  3 74  4.479
 15 1  3 75  4.427
 15 1  3 76  4.233
 15 1  3 77  4.316
 15 1  3 78  4.598
 15 1  3 79  4.227
 15 1  4 40  3.356
 15 1  4 41  4.335
 15 1  4 42  4.309
 15 1  4 43  4.590
 15 1  4 44  4.381
 15 1  4 45  4.379
 15 1  4 46  4.107
 15 1  4 47  4.246
 15 1  4 48  4.257
 15 1  4 49  4.147
 15 1  4 50  4.279
 15 1  4 51  4.436
 15 1  4 52  4.060
 15 1  4 53  4.306
 15 1  4 54  4.377
 15 1  4 55  4.049
 15 1  4 56  4.259
 15 1  4 57  4.441
 15 1  4 58  4.447
 15 1  4 59  4.245
 15 1  4 60  3.525
 15 1  4 61  4.222
 15 1  4 62  4.366
 15 1  4 63  4.472
 15 1  4 64  4.851
 15 1  4 65  4.494
 15 1  4 66  4.801
 15 1  4 67  4.347
 15 1  4 68  4.652
 15 1  4 69  4.389
 15 1  4 70  4.008
 15 1  4 71  4.715
 15 1  4 72  4.250
 15 1  4 73  4.681
 15 1  4 74  4.621
 15 1  4 75  4.703
 15 1  4 76  4.262
 15 1  4 77  4.350
 15 1  4 78  4.619
 15 1  4 79  4.232
 15 1  5 40  3.720
 15 1  5 41  3.670
 15 1  5 42  4.393
 15 1  5 43  4.435
 15 1  5 44  4.159
 15 1  5 45  4.433
 15 1  5 46  4.265
 15 1  5 47  4.266
 15 1  5 48  4.376
 15 1  5 49  4.367
 15 1  5 50  4.330
 15 1  5 51  4.336
 15 1  5 52  4.599
 15 1  5 53  4.177
 15 1  5 54  4.373
 15 1  5 55  4.513
 15 1  5 56  4.786
 15 1  5 57  4.416
 15 1  5 58  4.203
 15 1  5 59  4.730
 15 1  5 60  3.496
 15 1  5 61  4.796
 15 1  5 62  4.723
 15 1  5 63  4.267
 15 1  5 64  4.858
 15 1  5 65  4.947
 15 1  5 66  4.549
 15 1  5 67  4.732
 15 1  5 68  4.464
 15 1  5 69  4.671
 15 1  5 70  4.302
 15 1  5 71  4.566
 15 1  5 72  4.494
 15 1  5 73  4.470
 15 1  5 74  4.627
 15 1  5 75  4.441
 15 1  5 76  4.633
 15 1  5 77  4.388
 15 1  5 78  4.664
 15 1  5 79  4.534
 15 1  6 40  3.460
 15 1  6 41  3.608
 15 1  6 42  4.802
 15 1  6 43  4.136
 15 1  6 44  4.684
 15 1  6 45  4.590
 15 1  6 46  4.957
 15 1  6 47  4.395
 15 1  6 48  4.917
 15 1  6 49  4.855
 15 1  6 50  4.237
 15 1  6 51  4.770
 15 1  6 52  4.577
 15 1  6 53  4.894
 15 1  6 54  4.131
 15 1  6 55  4.509
 15 1  6 56  4.310
 15 1  6 57  4.724
 15 1  6 58  4.645
 15 1  6 59  4.330
 15 1  6 60  4.079
 15 1  6 61  4.086
 15 1  6 62  4.087
 15 1  6 63  3.906
 15 1  6 64  4.141
 15 1  6 65  4.031
 15 1  6 66  4.260
 15 1  6 67  4.381
 15 1  6 68  4.477
 15 1  6 69  4.302
 15 1  6 70  4.396
 15 1  6 71  4.142
 15 1  6 72  4.603
 15 1  6 73  3.995
 15 1  6 74  4.738
 15 1  6 75  4.391
 15 1  6 76  4.366
 15 1  6 77  4.092
 15 1  6 78  4.307
 15 1  6 79  4.018
 15 1  7 40  3.353
 15 1  7 41  4.007
 15 1  7 42  4.270
 15 1  7 43  4.014
 15 1  7 44  4.498
 15 1  7 45  4.840
 15 1  7 46  4.557
 15 1  7 47  4.641
 15 1  7 48  4.639
 15 1  7 49  4.717
 15 1  7 50  4.339
 15 1  7 51  4.553
 15 1  7 52  4.886
 15 1  7 53  4.338
 15 1  7 54  4.501
 15 1  7 55  4.609
 15 1  7 56  4.547
 15 1  7 57  4.341
 15 1  7 58  4.415
 15 1  7 59  4.210
 15 1  7 60  3.420
 15 1  7 61  3.730
 15 1  7 62  4.195
 15 1  7 63  4.282
 15 1  7 64  4.424
 15 1  7 65  4.233
 15 1  7 66  4.311
 15 1  7 67  4.312
 15 1  7 68  4.467
 15 1  7 69  4.942
 15 1  7 70  4.052
 15 1  7 71  4.480
 15 1  7 72  4.174
 15 1  7 73  3.803
 15 1  7 74  4.229
 15 1  7 75  3.940
 15 1  7 76  4.081
 15 1  7 77  4.197
 15 1  7 78  4.508
 15 1  7 79  3.541
 21 0  0  0  4.171
 21 0  0  1  4.411
 21 0  0  2  4.203
 21 0  0  3  4.335
 21 0  0  4  4.134
 21 0  0  5  4.271
 21 0  0  6  4.335
 21 0  0  7  4.328
 21 0  0  8  4.225
 21 0  0  9  4.331
 21 0  0 10  4.248
 21 0  0 11  4.239
 21 0  0 12  4.276
 21 0  0 13  4.389
 21 0  0 14  4.382
 21 0  0 15  4.295
 21 0  0 16  4.383
 21 0  0 17  4.243
 21 0  0 18  4.351
 21 0  0 19  4.129
 21 0  0 20  4.219
 21 0  0 21  4.244
 21 0  0 22  4.270
 21 0  0 23  4.284
 21 0  0 24  4.163
 21 0  0 25  4.329
 21 0  0 26  4.205
 21 0  0 27  4.304
 21 0  0 28  4.202
 21 0  0 29  4.317
 21 0  0 30  4.161
 21 0  0 31  4.298
 21 0  0 32  4.193
 21 0  0 33  4.225
 21 0  0 34  4.156
 21 0  0 35  4.084
 21 0  0 36  4.324
 21 0  0 37  4.190
 21 0  0 38  4.220
 21 0  0 39  4.033
 21 0  1  0  4.489
 21 0  1  1  4.423
 21 0  1  2  4.312
 21 0  1  3  4.450
 21 0  1  4  4.405
 21 0  1  5  4.545
 21 0  1  6  4.517
 21 0  1  7  4.437
 21 0  1  8  4.332
 21 0  1  9  4.487
 21 0  1 10  4.492
 21 0  1 11  4.426
 21 0  1 12  4.445
 21 0  1 13  4.375
 21 0  1 14  4.455
 21 0  1 15  4.640
 21 0  1 16  4.493
 21 0  1 17  4.418
 21 0  1 18  4.593
 21 0  1 19  4.424
 21 0  1 20  4.383
 21 0  1 21  4.445
 21 0  1 22  4.423
 21 0  1 23  4.531
 21 0  1 24  4.407
 21 0  1 25  4.455
 21 0  1 26  4.413
 21 0  1 27  4.392
 21 0  1 28  4.355
 21 0  1 29  4.455
 21 0  1 30  4.362
 21 0  1 31  4.342
 21 0  1 32  4.479
 21 0  1 33  4.291
 21 0  1 34  4.335
 21 0  1 35  4.378
 21 0  1 36  4.388
 21 0  1 37  4.210
 21 0  1 38  4.379
 21 0  1 39  4.341
 21 0  2  0  4.447
 21 0  2  1  4.638
 21 0  2  2  4.495
 21 0  2  3  4.459
 21 0  2  4  4.503
 21 0  2  5  4.435
 21 0  2  6  4.441
 21 0  2  7  4.451
 21 0  2  8  4.585
 21 0  2  9  4.506
 21 0  2 10  4.492
 21 0  2 11  4.460
 21 0  2 12  4.514
 21 0  2 13  4.561
 21 0  2 14  4.395
 21 0  2 15  4.546
 21 0  2 16  4.535
 21 0  2 17  4.491
 21 0  2 18  4.505
 21 0  2 19  4.433
 21 0  2 20  4.517
 21 0  2 21  4.468
 21 0  2 22  4.687
 21 0  2 23  4.507
 21 0  2 24  4.463
 21 0  2 25  4.412
 21 0  2 26  4.589
 21 0  2 27  4.483
 21 0  2 28  4.436
 21 0  2 29  4.547
 21 0  2 30  4.425
 21 0  2 31  4.577
 21 0  2 32  4.415
 21 0  2 33  4.490
 21 0  2 34  4.485
 21 0  2 35  4.383
 21 0  2 36  4.483
 21 0  2 37  4.503
 21 0  2 38  4.428
 21 0  2 39  4.708
 21 0  3  0  4.515
 21 0  3  1  4.543
 21 0  3  2  4.449
 21 0  3  3  4.540
 21 0  3  4  4.423
 21 0  3  5  4.449
 21 0  3  6  4.505
 21 0  3  7  4.389
 21 0  3  8  4.430
 21 0  3  9  4.469
 21 0  3 10  4.599
 21 0  3 11  4.476
 21 0  3 12  4.374
 21 0  3 13  4.688
 21 0  3 14  4.498
 21 0  3 15  4.454
 21 0  3 16  4.534
 21 0  3 17  4.705
 21 0  3 18  4.395
 21 0  3 19  4.528
 21 0  3 20  4.417
 21 0  3 21  4.372
 21 0  3 22  4.449
 21 0  3 23  4.427
 21 0  3 24  4.503
 21 0  3 25  4.471
 21 0  3 26  4.440
 21 0  3 27  4.570
 21 0  3 28  4.536
 21 0  3 29  4.434
 21 0  3 30  4.544
 21 0  3 31  4.508
 21 0  3 32  4.461
 21 0  3 33  4.412
 21 0  3 34  4.439
 21 0  3 35  4.473
 21 0  3 36  4.463
 21 0  3 37  4.510
 21 0  3 38  4.495
 21 0  3 39  4.627
 21 0  4  0  4.756
 21 0  4  1  4.459
 21 0  4  2  4.486
 21 0  4  3  4.465
 21 0  4  4  4.474
 21 0  4  5  4.473
 21 0  4  6  4.451
 21 0  4  7  4.585
 21 0  4  8  4.381
 21 0  4  9  4.494
 21 0  4 10  4.570
 21 0  4 11  4.323
 21 0  4 12  4.381
 21 0  4 13  4.566
 21 0  4 14  4.534
 21 0  4 15  4.594
 21 0  4 16  4.328
 21 0  4 17  4.403
 21 0  4 18  4.464
 21 0  4 19  4.477
 21 0  4 20  4.589
 21 0  4 21  4.623
 21 0  4 22  4.446
 21 0  4 23  4.503
 21 0  4 24  4.495
 21 0  4 25  4.693
 21 0  4 26  4.447
 21 0  4 27  4.414
 21 0  4 28  4.492
 21 0  4 29  4.453
 21 0  4 30  4.416
 21 0  4 31  4.544
 21 0  4 32  4.395
 21 0  4 33  4.508
 21 0  4 34  4.455
 21 0  4 35  4.608
 21 0  4 36  4.457
 21 0  4 37  4.628
 21 0  4 38  4.481
 21 0  4 39  4.700
 21 0  5  0  4.342
 21 0  5  1  4.502
 21 0  5  2  4.424
 21 0  5  3  4.531
 21 0  5  4  4.524
 21 0  5  5  4.590
 21 0  5  6  4.500
 21 0  5  7  4.356
 21 0  5  8  4.396
 21 0  5  9  4.544
 21 0  5 10  4.467
 21 0  5 11  4.606
 21 0  5 12  4.417
 21 0  5 13  4.529
 21 0  5 14  4.369
 21 0  5 15  4.468
 21 0  5 16  4.441
 21 0  5 17  4.579
 21 0  5 18  4.530
 21 0  5 19  4.604
 21 0  5 20  4.479
 21 0  5 21  4.509
 21 0  5 22  4.361
 21 0  5 23  4.420
 21 0  5 24  4.410
 21 0  5 25  4.352
 21 0  5 26  4.412
 21 0  5 27  4.477
 21 0  5 28  4.470
 21 0  5 29  4.542
 21 0  5 30  4.501
 21 0  5 31  4.480
 21 0  5 32  4.488
 21 0  5 33  4.596
 21 0  5 34  4.534
 21 0  5 35  4.496
 21 0  5 36  4.426
 21 0  5 37  4.730
 21 0  5 38  4.581
 21 0  5 39  4.442
 21 0  6  0  4.313
 21 0  6  1  4.533
 21 0  6  2  4.547
 21 0  6  3  4.547
 21 0  6  4  4.560
 21 0  6  5  4.755
 21 0  6  6  4.512
 21 0  6  7  4.654
 21 0  6  8  4.489
 21 0  6  9  4.485
 21 0  6 10  4.504
 21 0  6 11  4.453
 21 0  6 12  4.468
 21 0  6 13  4.598
 21 0  6 14  4.714
 21 0  6 15  4.517
 21 0  6 16  4.571
 21 0  6 17  4.614
 21 0  6 18  4.566
 21 0  6 19  4.527
 21 0  6 20  4.486
 21 0  6 21  4.458
 21 0  6 22  4.532
 21 0  6 23  4.633
 21 0  6 24  4.576
 21 0  6 25  4.538
 21 0  6 26  4.493
 21 0  6 27  4.508
 21 0  6 28  4.482
 21 0  6 29  4.531
 21 0  6 30  4.407
 21 0  6 31  4.590
 21 0  6 32  4.413
 21 0  6 33  4.549
 21 0  6 34  4.473
 21 0  6 35  4.527
 21 0  6 36  4.455
 21 0  6 37  4.615
 21 0  6 38  4.604
 21 0  6 39  4.750
 21 0  7  0  4.545
 21 0  7  1  4.533
 21 0  7  2  4.628
 21 0  7  3  4.619
 21 0  7  4  4.541
 21 0  7  5  4.692
 21 0  7  6  4.548
 21 0  7  7  4.520
 21 0  7  8  4.499
 21 0  7  9  4.714
 21 0  7 10  4.406
 21 0  7 11  4.687
 21 0  7 12  4.538
 21 0  7 13  4.628
 21 0  7 14  4.724
 21 0  7 15  4.588
 21 0  7 16  4.660
 21 0  7 17  4.714
 21 0  7 18  4.546
 21 0  7 19  4.710
 21 0  7 20  4.528
 21 0  7 21  4.672
 21 0  7 22  4.630
 21 0  7 23  4.722
 21 0  7 24  4.720
 21 0  7 25  4.743
 21 0  7 26  4.558
 21 0  7 27  4.417
 21 0  7 28  4.543
 21 0  7 29  4.838
 21 0  7 30  4.591
 21 0  7 31  4.641
 21 0  7 32  4.574
 21 0  7 33  4.684
 21 0  7 34  4.603
 21 0  7 35  4.563
 21 0  7 36  4.600
 21 0  7 37  4.778
 21 0  7 38  4.502
 21 0  7 39  4.711
 21 1  0  0  4.087
 21 1  0  1  4.229
 21 1  0  2  4.281
 21 1  0  3  4.198
 21 1  0  4  4.408
 21 1  0  5  4.494
 21 1  0  6  4.386
 21 1  0  7  4.314
 21 1  0  8  4.318
 21 1  0  9  4.259
 21 1  0 10  4.173
 21 1  0 11  4.357
 21 1  0 12  4.194
 21 1  0 13  4.438
 21 1  0 14  4.211
 21 1  0 15  4.227
 21 1  0 16  4.372
 21 1  0 17  4.350
 21 1  0 18  4.320
 21 1  0 19  4.225
 21 1  0 20  4.199
 21 1  0 21  4.330
 21 1  0 22  4.263
 21 1  0 23  4.279
 21 1  0 24  4.262
 21 1  0 25  4.274
 21 1  0 26  4.286
 21 1  0 27  4.384
 21 1  0 28  4.326
 21 1  0 29  4.278
 21 1  0 30  4.312
 21 1  0 31  4.400
 21 1  0 32  4.371
 21 1  0 33  4.384
 21 1  0 34  4.212
 21 1  0 35  4.251
 21 1  0 36  4.256
 21 1  0 37  4.354
 21 1  0 38  4.167
 21 1  0 39  4.277
 21 1  1  0  4.007
 21 1  1  1  4.439
 21 1  1  2  4.242
 21 1  1  3  4.517
 21 1  1  4  4.467
 21 1  1  5  4.469
 21 1  1  6  4.337
 21 1  1  7  4.346
 21 1  1  8  4.313
 21 1  1  9  4.341
 21 1  1 10  4.406
 21 1  1 11  4.407
 21 1  1 12  4.346
 21 1  1 13  4.406
 21 1  1 14  4.344
 21 1  1 15  4.356
 21 1  1 16  4.460
 21 1  1 17  4.401
 21 1  1 18  4.385
 21 1  1 19  4.387
 21 1  1 20  4.414
 21 1  1 21  4.507
 21 1  1 22  4.512
 21 1  1 23  4.177
 21 1  1 24  4.402
 21 1  1 25  4.435
 21 1  1 26  4.349
 21 1  1 27  4.316
 21 1  1 28  4.360
 21 1  1 29  4.510
 21 1  1 30  4.263
 21 1  1 31  4.494
 21 1  1 32  4.339
 21 1  1 33  4.562
 21 1  1 34  4.393
 21 1  1 35  4.397
 21 1  1 36  4.341
 21 1  1 37  4.371
 21 1  1 38  4.338
 21 1  1 39  4.423
 21 1  2  0  4.243
 21 1  2  1  4.246
 21 1  2  2  4.328
 21 1  2  3  4.324
 21 1  2  4  4.443
 21 1  2  5  4.429
 21 1  2  6  4.380
 21 1  2  7  4.412
 21 1  2  8  4.371
 21 1  2  9  4.286
 21 1  2 10  4.413
 21 1  2 11  4.439
 21 1  2 12  4.468
 21 1  2 13  4.485
 21 1  2 14  4.295
 21 1  2 15  4.344
 21 1  2 16  4.416
 21 1  2 17  4.459
 21 1  2 18  4.244
 21 1  2 19  4.509
 21 1  2 20  4.369
 21 1  2 21  4.212
 21 1  2 22  4.447
 21 1  2 23  4.402
 21 1  2 24  4.381
 21 1  2 25  4.368
 21 1  2 26  4.363
 21 1  2 27  4.456
 21 1  2 28  4.413
 21 1  2 29  4.354
 21 1  2 30  4.375
 21 1  2 31  4.463
 21 1  2 32  4.453
 21 1  2 33  4.420
 21 1  2 34  4.451
 21 1  2 35  4.489
 21 1  2 36  4.295
 21 1  2 37  4.372
 21 1  2 38  4.351
 21 1  2 39  4.449
 21 1  3  0  4.435
 21 1  3  1  4.441
 21 1  3  2  4.322
 21 1  3  3  4.424
 21 1  3  4  4.399
 21 1  3  5  4.428
 21 1  3  6  4.330
 21 1  3  7  4.460
 21 1  3  8  4.357
 21 1  3  9  4.339
 21 1  3 10  4.341
 21 1  3 11  4.322
 21 1  3 12  4.303
 21 1  3 13  4.676
 21 1  3 14  4.494
 21 1  3 15  4.384
 21 1  3 16  4.407
 21 1  3 17  4.438
 21 1  3 18  4.231
 21 1  3 19  4.475
 21 1  3 20  4.228
 21 1  3 21  4.471
 21 1  3 22  4.465
 21 1  3 23  4.478
 21 1  3 24  4.400
 21 1  3 25  4.463
 21 1  3 26  4.552
 21 1  3 27  4.492
 21 1  3 28  4.349
 21 1  3 29  4.338
 21 1  3 30  4.417
 21 1  3 31  4.379
 21 1  3 32  4.520
 21 1  3 33  4.259
 21 1  3 34  4.367
 21 1  3 35  4.522
 21 1  3 36  4.416
 21 1  3 37  4.330
 21 1  3 38  4.535
 21 1  3 39  4.437
 21 1  4  0  4.314
 21 1  4  1  4.330
 21 1  4  2  4.307
 21 1  4  3  4.433
 21 1  4  4  4.422
 21 1  4  5  4.522
 21 1  4  6  4.307
 21 1  4  7  4.477
 21 1  4  8  4.450
 21 1  4  9  4.565
 21 1  4 10  4.194
 21 1  4 11  4.412
 21 1  4 12  4.382
 21 1  4 13  4.441
 21 1  4 14  4.273
 21 1  4 15  4.335
 21 1  4 16  4.370
 21 1  4 17  4.332
 21 1  4 18  4.493
 21 1  4 19  4.498
 21 1  4 20  4.481
 21 1  4 21  4.429
 21 1  4 22  4.263
 21 1  4 23  4.427
 21 1  4 24  4.325
 21 1  4 25  4.378
 21 1  4 26  4.377
 21 1  4 27  4.379
 21 1  4 28  4.477
 21 1  4 29  4.489
 21 1  4 30  4.458
 21 1  4 31  4.534
 21 1  4 32  4.471
 21 1  4 33  4.468
 21 1  4 34  4.357
 21 1  4 35  4.517
 21 1  4 36  4.388
 21 1  4 37  4.622
 21 1  4 38  4.584
 21 1  4 39  4.412
 21 1  5  0  4.312
 21 1  5  1  4.509
 21 1  5  2  4.299
 21 1  5  3  4.515
 21 1  5  4  4.298
 21 1  5  5  4.486
 21 1  5  6  4.543
 21 1  5  7  4.461
 21 1  5  8  4.291
 21 1  5  9  4.382
 21 1  5 10  4.442
 21 1  5 11  4.560
 21 1  5 12  4.509
 21 1  5 13  4.478
 21 1  5 14  4.312
 21 1  5 15  4.481
 21 1  5 16  4.445
 21 1  5 17  4.435
 21 1  5 18  4.338
 21 1  5 19  4.406
 21 1  5 20  4.442
 21 1  5 21  4.518
 21 1  5 22  4.395
 21 1  5 23  4.473
 21 1  5 24  4.322
 21 1  5 25  4.407
 21 1  5 26  4.360
 21 1  5 27  4.381
 21 1  5 28  4.361
 21 1  5 29  4.530
 21 1  5 30  4.312
 21 1  5 31  4.430
 21 1  5 32  4.403
 21 1  5 33  4.336
 21 1  5 34  4.437
 21 1  5 35  4.469
 21 1  5 36  4.361
 21 1  5 37  4.322
 21 1  5 38  4.367
 21 1  5 39  4.573
 21 1  6  0  4.169
 21 1  6  1  4.559
 21 1  6  2  4.357
 21 1  6  3  4.511
 21 1  6  4  4.436
 21 1  6  5  4.500
 21 1  6  6  4.351
 21 1  6  7  4.620
 21 1  6  8  4.399
 21 1  6  9  4.522
 21 1  6 10  4.427
 21 1  6 11  4.519
 21 1  6 12  4.475
 21 1  6 13  4.616
 21 1  6 14  4.593
 21 1  6 15  4.527
 21 1  6 16  4.504
 21 1  6 17  4.439
 21 1  6 18  4.379
 21 1  6 19  4.529
 21 1  6 20  4.437
 21 1  6 21  4.589
 21 1  6 22  4.448
 21 1  6 23  4.538
 21 1  6 24  4.378
 21 1  6 25  4.483
 21 1  6 26  4.422
 21 1  6 27  4.581
 21 1  6 28  4.468
 21 1  6 29  4.615
 21 1  6 30  4.504
 21 1  6 31  4.608
 21 1  6 32  4.468
 21 1  6 33  4.660
 21 1  6 34  4.517
 21 1  6 35  4.426
 21 1  6 36  4.498
 21 1  6 37  4.621
 21 1  6 38  4.441
 21 1  6 39  4.466
 21 1  7  0  4.270
 21 1  7  1  4.537
 21 1  7  2  4.481
 21 1  7  3  4.497
 21 1  7  4  4.492
 21 1  7  5  4.538
 21 1  7  6  4.411
 21 1  7  7  4.520
 21 1  7  8  4.575
 21 1  7  9  4.709
 21 1  7 10  4.597
 21 1  7 11  4.592
 21 1  7 12  4.514
 21 1  7 13  4.577
 21 1  7 14  4.615
 21 1  7 15  4.668
 21 1  7 16  4.517
 21 1  7 17  4.751
 21 1  7 18  4.505
 21 1  7 19  4.414
 21 1  7 20  4.600
 21 1  7 21  4.662
 21 1  7 22  4.634
 21 1  7 23  4.673
 21 1  7 24  4.700
 21 1  7 25  4.619
 21 1  7 26  4.578
 21 1  7 27  4.452
 21 1  7 28  4.525
 21 1  7 29  4.481
 21 1  7 30  4.597
 21 1  7 31  4.660
 21 1  7 32  4.591
 21 1  7 33  4.646
 21 1  7 34  4.514
 21 1  7 35  4.659
 21 1  7 36  4.617
 21 1  7 37  4.633
 21 1  7 38  4.532
 21 1  7 39  4.644
 21 0  0 40  4.267
 21 0  0 41  4.333
 21 0  0 42  4.434
 21 0  0 43  4.382
 21 0  0 44  4.657
 21 0  0 45  4.456
 21 0  0 46  4.640
 21 0  0 47  4.483
 21 0  0 48  4.779
 21 0  0 49  4.544
 21 0  0 50  4.458
 21 0  0 51  4.626
 21 0  0 52  4.341
 21 0  0 53  4.677
 21 0  0 54  4.542
 21 0  0 55  4.434
 21 0  0 56  4.169
 21 0  0 57  4.402
 21 0  0 58  4.373
 21 0  0 59  3.592
 21 0  0 60  4.432
 21 0  0 61  4.372
 21 0  0 62  4.329
 21 0  0 63  4.380
 21 0  0 64  4.262
 21 0  0 65  4.416
 21 0  0 66  4.334
 21 0  0 67  4.470
 21 0  0 68  4.355
 21 0  0 69  4.643
 21 0  0 70  4.580
 21 0  0 71  4.564
 21 0  0 72  4.509
 21 0  0 73  4.255
 21 0  0 74  4.775
 21 0  0 75  4.327
 21 0  0 76  4.320
 21 0  0 77  4.220
 21 0  0 78  3.982
 21 0  0 79  3.650
 21 0  1 40  4.396
 21 0  1 41  4.514
 21 0  1 42  4.342
 21 0  1 43  4.495
 21 0  1 44  4.702
 21 0  1 45  4.600
 21 0  1 46  4.627
 21 0  1 47  4.549
 21 0  1 48  4.614
 21 0  1 49  4.533
 21 0  1 50  4.643
 21 0  1 51  4.582
 21 0  1 52  4.610
 21 0  1 53  4.559
 21 0  1 54  4.580
 21 0  1 55  4.615
 21 0  1 56  4.480
 21 0  1 57  4.561
 21 0  1 58  4.631
 21 0  1 59  4.313
 21 0  1 60  4.185
 21 0  1 61  4.317
 21 0  1 62  4.526
 21 0  1 63  4.672
 21 0  1 64  4.551
 21 0  1 65  4.448
 21 0  1 66  4.678
 21 0  1 67  4.526
 21 0  1 68  4.684
 21 0  1 69  4.548
 21 0  1 70  4.428
 21 0  1 71  4.696
 21 0  1 72  4.525
 21 0  1 73  4.678
 21 0  1 74  4.495
 21 0  1 75  4.569
 21 0  1 76  4.463
 21 0  1 77  4.652
 21 0  1 78  4.599
 21 0  1 79  4.316
 21 0  2 40  4.397
 21 0  2 41  4.572
 21 0  2 42  4.576
 21 0  2 43  4.595
 21 0  2 44  4.568
 21 0  2 45  4.506
 21 0  2 46  4.680
 21 0  2 47  4.835
 21 0  2 48  4.558
 21 0  2 49  4.785
 21 0  2 50  4.813
 21 0  2 51  4.629
 21 0  2 52  4.627
 21 0  2 53  4.733
 21 0  2 54  4.640
 21 0  2 55  4.592
 21 0  2 56  4.830
 21 0  2 57  4.502
 21 0  2 58  4.641
 21 0  2 59  4.559
 21 0  2 60  4.341
 21 0  2 61  4.707
 21 0  2 62  4.569
 21 0  2 63  4.482
 21 0  2 64  4.555
 21 0  2 65  4.546
 21 0  2 66  4.386
 21 0  2 67  4.394
 21 0  2 68  4.613
 21 0  2 69  4.526
 21 0  2 70  4.595
 21 0  2 71  4.613
 21 0  2 72  4.579
 21 0  2 73  4.476
 21 0  2 74  4.588
 21 0  2 75  4.452
 21 0  2 76  4.583
 21 0  2 77  4.560
 21 0  2 78  4.344
 21 0  2 79  4.676
 21 0  3 40  4.495
 21 0  3 41  4.567
 21 0  3 42  4.633
 21 0  3 43  4.668
 21 0  3 44  4.672
 21 0  3 45  4.609
 21 0  3 46  4.664
 21 0  3 47  4.624
 21 0  3 48  4.538
 21 0  3 49  4.575
 21 0  3 50  4.732
 21 0  3 51  4.781
 21 0  3 52  4.551
 21 0  3 53  4.518
 21 0  3 54  4.665
 21 0  3 55  4.615
 21 0  3 56  4.651
 21 0  3 57  4.627
 21 0  3 58  4.365
 21 0  3 59  4.574
 21 0  3 60  4.164
 21 0  3 61  4.524
 21 0  3 62  4.726
 21 0  3 63  4.508
 21 0  3 64  4.548
 21 0  3 65  4.418
 21 0  3 66  4.475
 21 0  3 67  4.741
 21 0  3 68  4.475
 21 0  3 69  4.552
 21 0  3 70  4.536
 21 0  3 71  4.601
 21 0  3 72  4.556
 21 0  3 73  4.464
 21 0  3 74  4.554
 21 0  3 75  4.592
 21 0  3 76  4.428
 21 0  3 77  4.476
 21 0  3 78  4.582
 21 0  3 79  4.423
 21 0  4 40  4.187
 21 0  4 41  4.473
 21 0  4 42  4.523
 21 0  4 43  4.528
 21 0  4 44  4.574
 21 0  4 45  4.552
 21 0  4 46  4.568
 21 0  4 47  4.527
 21 0  4 48  4.733
 21 0  4 49  4.541
 21 0  4 50  4.703
 21 0  4 51  4.464
 21 0  4 52  4.509
 21 0  4 53  4.315
 21 0  4 54  4.499
 21 0  4 55  4.736
 21 0  4 56  4.678
 21 0  4 57  4.638
 21 0  4 58  4.409
 21 0  4 59  4.563
 21 0  4 60  4.349
 21 0  4 61  4.535
 21 0  4 62  4.594
 21 0  4 63  4.703
 21 0  4 64  4.713
 21 0  4 65  4.396
 21 0  4 66  4.648
 21 0  4 67  4.468
 21 0  4 68  4.496
 21 0  4 69  4.520
 21 0  4 70  4.784
 21 0  4 71  4.759
 21 0  4 72  4.764
 21 0  4 73  4.598
 21 0  4 74  4.550
 21 0  4 75  4.733
 21 0  4 76  4.560
 21 0  4 77  4.482
 21 0  4 78  4.721
 21 0  4 79  4.624
 21 0  5 40  4.122
 21 0  5 41  4.537
 21 0  5 42  4.481
 21 0  5 43  4.587
 21 0  5 44  4.768
 21 0  5 45  4.460
 21 0  5 46  4.571
 21 0  5 47  4.650
 21 0  5 48  4.422
 21 0  5 49  4.439
 21 0  5 50  4.486
 21 0  5 51  4.703
 21 0  5 52  4.391
 21 0  5 53  4.466
 21 0  5 54  4.583
 21 0  5 55  4.668
 21 0  5 56  4.581
 21 0  5 57  4.580
 21 0  5 58  4.505
 21 0  5 59  4.671
 21 0  5 60  4.143
 21 0  5 61  4.423
 21 0  5 62  4.615
 21 0  5 63  4.552
 21 0  5 64  4.680
 21 0  5 65  4.578
 21 0  5 66  4.717
 21 0  5 67  4.626
 21 0  5 68  4.521
 21 0  5 69  4.757
 21 0  5 70  4.619
 21 0  5 71  4.639
 21 0  5 72  4.584
 21 0  5 73  4.466
 21 0  5 74  4.533
 21 0  5 75  4.474
 21 0  5 76  4.546
 21 0  5 77  4.651
 21 0  5 78  4.579
 21 0  5 79  4.819
 21 0  6 40  4.231
 21 0  6 41  4.371
 21 0  6 42  4.493
 21 0  6 43  4.610
 21 0  6 44  4.824
 21 0  6 45  4.647
 21 0  6 46  4.678
 21 0  6 47  4.583
 21 0  6 48  4.516
 21 0  6 49  4.783
 21 0  6 50  4.826
 21 0  6 51  4.640
 21 0  6 52  4.644
 21 0  6 53  4.725
 21 0  6 54  4.538
 21 0  6 55  4.536
 21 0  6 56  4.571
 21 0  6 57  4.738
 21 0  6 58  4.476
 21 0  6 59  4.598
 21 0  6 60  4.038
 21 0  6 61  4.750
 21 0  6 62  4.653
 21 0  6 63  5.017
 21 0  6 64  4.649
 21 0  6 65  4.797
 21 0  6 66  4.586
 21 0  6 67  4.719
 21 0  6 68  4.583
 21 0  6 69  4.602
 21 0  6 70  4.886
 21 0  6 71  4.726
 21 0  6 72  4.568
 21 0  6 73  4.652
 21 0  6 74  4.777
 21 0  6 75  4.738
 21 0  6 76  4.523
 21 0  6 77  4.476
 21 0  6 78  4.654
 21 0  6 79  4.602
 21 0  7 40  4.110
 21 0  7 41  4.723
 21 0  7 42  4.851
 21 0  7 43  4.627
 21 0  7 44  4.587
 21 0  7 45  4.653
 21 0  7 46  4.600
 21 0  7 47  4.796
 21 0  7 48  4.861
 21 0  7 49  4.697
 21 0  7 50  4.767
 21 0  7 51  4.656
 21 0  7 52  4.796
 21 0  7 53  4.834
 21 0  7 54  4.768
 21 0  7 55  4.677
 21 0  7 56  4.677
 21 0  7 57  4.613
 21 0  7 58  4.675
 21 0  7 59  4.407
 21 0  7 60  4.675
 21 0  7 61  5.522
 21 0  7 62  5.005
 21 0  7 63  4.897
 21 0  7 64  5.364
 21 0  7 65  4.966
 21 0  7 66  5.258
 21 0  7 67  5.220
 21 0  7 68  5.011
 21 0  7 69  5.084
 21 0  7 70  5.235
 21 0  7 71  4.995
 21 0  7 72  5.147
 21 0  7 73  5.188
 21 0  7 74  4.940
 21 0  7 75  5.142
 21 0  7 76  4.893
 21 0  7 77  4.987
 21 0  7 78  4.970
 21 0  7 79  4.540
 21 1  0 40  3.565
 21 1  0 41  4.014
 21 1  0 42  3.830
 21 1  0 43  3.887
 21 1  0 44  4.154
 21 1  0 45  4.010
 21 1  0 46  3.853
 21 1  0 47  3.898
 21 1  0 48  3.946
 21 1  0 49  4.560
 21 1  0 50  4.484
 21 1  0 51  3.953
 21 1  0 52  3.974
 21 1  0 53  4.279
 21 1  0 54  4.902
 21 1  0 55  3.809
 21 1  0 56  4.060
 21 1  0 57  3.933
 21 1  0 58  4.808
 21 1  0 59  2.479
 21 1  0 60  3.533
 21 1  0 61  4.059
 21 1  0 62  4.759
 21 1  0 63  4.266
 21 1  0 64  4.850
 21 1  0 65  4.583
 21 1  0 66  4.970
 21 1  0 67  4.616
 21 1  0 68  4.562
 21 1  0 69  4.279
 21 1  0 70  5.088
 21 1  0 71  4.576
 21 1  0 72  4.429
 21 1  0 73  4.644
 21 1  0 74  4.473
 21 1  0 75  4.069
 21 1  0 76  4.819
 21 1  0 77  4.849
 21 1  0 78  4.806
 21 1  0 79  4.251
 21 1  1 40  3.785
 21 1  1 41  3.792
 21 1  1 42  4.134
 21 1  1 43  3.607
 21 1  1 44  3.738
 21 1  1 45  4.309
 21 1  1 46  3.868
 21 1  1 47  4.130
 21 1  1 48  3.551
 21 1  1 49  3.980
 21 1  1 50  4.032
 21 1  1 51  4.345
 21 1  1 52  3.950
 21 1  1 53  3.928
 21 1  1 54  3.793
 21 1  1 55  4.240
 21 1  1 56  3.539
 21 1  1 57  4.047
 21 1  1 58  4.079
 21 1  1 59  3.219
 21 1  1 60  3.615
 21 1  1 61  4.179
 21 1  1 62  4.245
 21 1  1 63  4.191
 21 1  1 64  4.668
 21 1  1 65  4.688
 21 1  1 66  4.737
 21 1  1 67  4.437
 21 1  1 68  4.373
 21 1  1 69  4.280
 21 1  1 70  4.591
 21 1  1 71  4.580
 21 1  1 72  4.657
 21 1  1 73  4.400
 21 1  1 74  4.616
 21 1  1 75  4.501
 21 1  1 76  4.258
 21 1  1 77  4.137
 21 1  1 78  4.507
 21 1  1 79  3.696
 21 1  2 40  3.402
 21 1  2 41  3.928
 21 1  2 42  4.042
 21 1  2 43  4.099
 21 1  2 44  4.501
 21 1  2 45  4.507
 21 1  2 46  4.771
 21 1  2 47  3.981
 21 1  2 48  4.143
 21 1  2 49  3.928
 21 1  2 50  3.900
 21 1  2 51  4.203
 21 1  2 52  4.176
 21 1  2 53  3.957
 21 1  2 54  4.401
 21 1  2 55  4.272
 21 1  2 56  4.329
 21 1  2 57  4.139
 21 1  2 58  4.377
 21 1  2 59  3.469
 21 1  2 60  3.709
 21 1  2 61  4.188
 21 1  2 62  4.473
 21 1  2 63  4.470
 21 1  2 64  4.885
 21 1  2 65  4.627
 21 1  2 66  4.899
 21 1  2 67  4.636
 21 1  2 68  4.493
 21 1  2 69  4.478
 21 1  2 70  4.588
 21 1  2 71  4.657
 21 1  2 72  4.740
 21 1  2 73  4.787
 21 1  2 74  4.476
 21 1  2 75  4.592
 21 1  2 76  4.694
 21 1  2 77  4.377
 21 1  2 78  4.610
 21 1  2 79  4.743
 21 1  3 40  3.531
 21 1  3 41  4.031
 21 1  3 42  4.194
 21 1  3 43  4.115
 21 1  3 44  4.409
 21 1  3 45  4.493
 21 1  3 46  4.539
 21 1  3 47  4.911
 21 1  3 48  4.281
 21 1  3 49  4.424
 21 1  3 50  4.171
 21 1  3 51  4.349
 21 1  3 52  4.217
 21 1  3 53  4.192
 21 1  3 54  4.230
 21 1  3 55  5.165
 21 1  3 56  4.364
 21 1  3 57  4.253
 21 1  3 58  4.389
 21 1  3 59  4.241
 21 1  3 60  3.431
 21 1  3 61  4.174
 21 1  3 62  4.227
 21 1  3 63  4.780
 21 1  3 64  4.748
 21 1  3 65  4.146
 21 1  3 66  4.912
 21 1  3 67  4.314
 21 1  3 68  4.804
 21 1  3 69  4.690
 21 1  3 70  4.829
 21 1  3 71  4.532
 21 1  3 72  4.759
 21 1  3 73  4.813
 21 1  3 74  4.376
 21 1  3 75  4.804
 21 1  3 76  4.351
 21 1  3 77  4.578
 21 1  3 78  4.462
 21 1  3 79  5.381
 21 1  4 40  3.420
 21 1  4 41  4.298
 21 1  4 42  4.562
 21 1  4 43  4.575
 21 1  4 44  4.430
 21 1  4 45  4.206
 21 1  4 46  4.258
 21 1  4 47  4.328
 21 1  4 48  4.278
 21 1  4 49  4.402
 21 1  4 50  4.283
 21 1  4 51  4.290
 21 1  4 52  4.372
 21 1  4 53  4.516
 21 1  4 54  4.409
 21 1  4 55  4.630
 21 1  4 56  4.602
 21 1  4 57  4.210
 21 1  4 58  4.402
 21 1  4 59  3.947
 21 1  4 60  3.590
 21 1  4 61  4.454
 21 1  4 62  4.501
 21 1  4 63  4.576
 21 1  4 64  4.691
 21 1  4 65  4.681
 21 1  4 66  4.668
 21 1  4 67  4.710
 21 1  4 68  4.718
 21 1  4 69  4.424
 21 1  4 70  4.328
 21 1  4 71  4.221
 21 1  4 72  4.477
 21 1  4 73  4.364
 21 1  4 74  4.477
 21 1  4 75  4.714
 21 1  4 76  4.456
 21 1  4 77  4.461
 21 1  4 78  4.477
 21 1  4 79  4.496
 21 1  5 40  3.402
 21 1  5 41  4.376
 21 1  5 42  4.669
 21 1  5 43  4.435
 21 1  5 44  4.289
 21 1  5 45  4.393
 21 1  5 46  4.245
 21 1  5 47  4.510
 21 1  5 48  4.108
 21 1  5 49  4.228
 21 1  5 50  4.667
 21 1  5 51  4.590
 21 1  5 52  4.301
 21 1  5 53  4.464
 21 1  5 54  4.615
 21 1  5 55  4.608
 21 1  5 56  4.404
 21 1  5 57  4.491
 21 1  5 58  4.384
 21 1  5 59  4.170
 21 1  5 60  3.241
 21 1  5 61  4.410
 21 1  5 62  4.226
 21 1  5 63  4.324
 21 1  5 64  4.589
 21 1  5 65  4.614
 21 1  5 66  4.892
 21 1  5 67  4.700
 21 1  5 68  4.097
 21 1  5 69  4.646
 21 1  5 70  4.706
 21 1  5 71  4.494
 21 1  5 72  4.735
 21 1  5 73  4.416
 21 1  5 74  4.532
 21 1  5 75  4.510
 21 1  5 76  4.672
 21 1  5 77  4.588
 21 1  5 78  4.486
 21 1  5 79  4.351
 21 1  6 40  3.296
 21 1  6 41  4.147
 21 1  6 42  4.374
 21 1  6 43  4.051
 21 1  6 44  4.556
 21 1  6 45  4.309
 21 1  6 46  4.513
 21 1  6 47  4.428
 21 1  6 48  4.442
 21 1  6 49  4.521
 21 1  6 50  4.224
 21 1  6 51  4.460
 21 1  6 52  4.642
 21 1  6 53  4.305
 21 1  6 54  4.255
 21 1  6 55  4.190
 21 1  6 56  4.378
 21 1  6 57  4.471
 21 1  6 58  4.011
 21 1  6 59  4.186
 21 1  6 60  3.245
 21 1  6 61  3.995
 21 1  6 62  4.110
 21 1  6 63  4.670
 21 1  6 64  4.534
 21 1  6 65  4.151
 21 1  6 66  4.340
 21 1  6 67  4.540
 21 1  6 68  4.686
 21 1  6 69  4.481
 21 1  6 70  4.643
 21 1  6 71  4.603
 21 1  6 72  4.561
 21 1  6 73  4.313
 21 1  6 74  4.589
 21 1  6 75  4.468
 21 1  6 76  4.712
 21 1  6 77  4.625
 21 1  6 78  4.572
 21 1  6 79  4.085
 21 1  7 40  3.384
 21 1  7 41  4.088
 21 1  7 42  4.373
 21 1  7 43  4.346
 21 1  7 44  4.454
 21 1  7 45  4.426
 21 1  7 46  4.818
 21 1  7 47  4.573
 21 1  7 48  4.549
 21 1  7 49  4.915
 21 1  7 50  4.525
 21 1  7 51  4.388
 21 1  7 52  4.400
 21 1  7 53  4.523
 21 1  7 54  4.585
 21 1  7 55  4.559
 21 1  7 56  4.692
 21 1  7 57  4.178
 21 1  7 58  4.645
 21 1  7 59  4.168
 21 1  7 60  3.103
 21 1  7 61  4.037
 21 1  7 62  4.641
 21 1  7 63  4.075
 21 1  7 64  4.348
 21 1  7 65  4.337
 21 1  7 66  4.143
 21 1  7 67  4.151
 21 1  7 68  4.063
 21 1  7 69  4.099
 21 1  7 70  4.263
 21 1  7 71  4.488
 21 1  7 72  4.331
 21 1  7 73  4.723
 21 1  7 74  4.093
 21 1  7 75  4.574
 21 1  7 76  4.272
 21 1  7 77  4.206
 21 1  7 78  4.518
 21 1  7 79  3.936
 16 0  0  0  8.348
 16 0  0  1  8.243
 16 0  0  2  8.016
 16 0  0  3  8.093
 16 0  0  4  7.987
 16 0  0  5  8.291
 16 0  0  6  8.056
 16 0  0  7  8.113
 16 0  0  8  8.116
 16 0  0  9  8.079
 16 0  0 10  8.119
 16 0  0 11  8.113
 16 0  0 12  8.084
 16 0  0 13  8.066
 16 0  0 14  8.060
 16 0  0 15  7.997
 16 0  0 16  8.132
 16 0  0 17  8.094
 16 0  0 18  7.986
 16 0  0 19  8.043
 16 0  0 20  8.184
 16 0  0 21  8.095
 16 0  0 22  8.021
 16 0  0 23  8.058
 16 0  1  0  8.497
 16 0  1  1  8.858
 16 0  1  2  8.501
 16 0  1  3  8.618
 16 0  1  4  8.453
 16 0  1  5  8.677
 16 0  1  6  8.582
 16 0  1  7  8.658
 16 0  1  8 16.826
 16 0  1  9 16.735
 16 0  1 10 17.130
 16 0  1 11 17.003
 16 0  1 12 17.014
 16 0  1 13 16.891
 16 0  1 14 17.135
 16 0  1 15 17.068
 16 0  1 16 16.876
 16 0  1 17 17.263
 16 0  1 18 17.108
 16 0  1 19 17.065
 16 0  1 20 16.622
 16 0  1 21 17.479
 16 0  1 22 17.134
 16 0  1 23 17.280
 16 0  1 24  8.621
 16 0  1 25  8.527
 16 0  1 26  8.706
 16 0  1 27  8.640
 16 0  1 28  8.524
 16 0  1 29  8.587
 16 0  1 30  8.381
 16 0  1 31  8.443
 16 0  2  0  8.731
 16 0  2  1  8.946
 16 0  2  2  8.617
 16 0  2  3  8.725
 16 0  2  4  8.705
 16 0  2  5  8.837
 16 0  2  6  8.778
 16 0  2  7  8.762
 16 0  2  8 17.378
 16 0  2  9 17.199
 16 0  2 10 17.264
 16 0  2 11 16.818
 16 0  2 12 17.283
 16 0  2 13 16.910
 16 0  2 14 17.128
 16 0  2 15 17.390
 16 0  2 16 16.973
 16 0  2 17 17.131
 16 0  2 18 17.413
 16 0  2 19 17.149
 16 0  2 20 17.452
 16 0  2 21 17.338
 16 0  2 22 17.156
 16 0  2 23 17.213
 16 0  2 24  8.770
 16 0  2 25  8.747
 16 0  2 26  8.835
 16 0  2 27  8.789
 16 0  2 28  8.732
 16 0  2 29  8.698
 16 0  2 30  8.756
 16 0  2 31  8.486
 16 0  3  0  8.811
 16 0  3  1  9.001
 16 0  3  2  8.830
 16 0  3  3  8.876
 16 0  3  4  8.860
 16 0  3  5  8.848
 16 0  3  6  9.010
 16 0  3  7  8.871
 16 0  3  8 17.410
 16 0  3  9 17.070
 16 0  3 10 17.621
 16 0  3 11 17.423
 16 0  3 12 17.147
 16 0  3 13 17.117
 16 0  3 14 17.252
 16 0  3 15 17.568
 16 0  3 16 17.276
 16 0  3 17 17.400
 16 0  3 18 17.403
 16 0  3 19 17.449
 16 0  3 20 17.616
 16 0  3 21 17.088
 16 0  3 22 17.102
 16 0  3 23 17.310
 16 0  3 24  8.829
 16 0  3 25  8.854
 16 0  3 26  8.872
 16 0  3 27  8.850
 16 0  3 28  8.789
 16 0  3 29  8.831
 16 0  3 30  8.719
 16 0  3 31  8.546
 16 0  4  0  8.779
 16 0  4  1  8.970
 16 0  4  2  8.883
 16 0  4  3  8.793
 16 0  4  4  9.008
 16 0  4  5  8.828
 16 0  4  6  8.748
 16 0  4  7  8.845
 16 0  4  8 17.360
 16 0  4  9 17.426
 16 0  4 10 17.226
 16 0  4 11 17.442
 16 0  4 12 17.365
 16 0  4 13 16.853
 16 0  4 14 17.406
 16 0  4 15 17.193
 16 0  4 16 17.031
 16 0  4 17 17.343
 16 0  4 18 17.661
 16 0  4 19 16.899
 16 0  4 20 17.141
 16 0  4 21 17.565
 16 0  4 22 17.225
 16 0  4 23 17.129
 16 0  4 24  8.732
 16 0  4 25  8.901
 16 0  4 26  8.925
 16 0  4 27  8.808
 16 0  4 28  8.933
 16 0  4 29  8.871
 16 0  4 30  8.858
 16 0  4 31  8.945
 16 0  5  0  8.967
 16 0  5  1  8.983
 16 0  5  2  8.919
 16 0  5  3  8.863
 16 0  5  4  8.847
 16 0  5  5  8.915
 16 0  5  6  8.888
 16 0  5  7  8.750
 16 0  5  8 17.229
 16 0  5  9 17.350
 16 0  5 10 17.373
 16 0  5 11 17.165
 16 0  5 12 17.571
 16 0  5 13 17.197
 16 0  5 14 17.832
 16 0  5 15 17.747
 16 0  5 16 17.009
 16 0  5 17 17.426
 16 0  5 18 17.573
 16 0  5 19 17.360
 16 0  5 20 17.349
 16 0  5 21 17.032
 16 0  5 22 17.169
 16 0  5 23 17.352
 16 0  5 24  8.913
 16 0  5 25  8.929
 16 0  5 26  8.854
 16 0  5 27  8.937
 16 0  5 28  8.760
 16 0  5 29  9.010
 16 0  5 30  9.050
 16 0  5 31  8.933
 16 0  6  0  8.953
 16 0  6  1  9.057
 16 0  6  2  8.833
 16 0  6  3  8.960
 16 0  6  4  8.802
 16 0  6  5  8.953
 16 0  6  6  8.807
 16 0  6  7  8.842
 16 0  6  8 17.280
 16 0  6  9 17.226
 16 0  6 10 17.357
 16 0  6 11 17.243
 16 0  6 12 17.329
 16 0  6 13 17.281
 16 0  6 14 17.518
 16 0  6 15 17.039
 16 0  6 16 17.154
 16 0  6 17 17.372
 16 0  6 18 17.623
 16 0  6 19 17.349
 16 0  6 20 17.592
 16 0  6 21 17.288
 16 0  6 22 17.280
 16 0  6 23 17.406
 16 0  6 24  8.810
 16 0  6 25  8.841
 16 0  6 26  8.895
 16 0  6 27  8.970
 16 0  6 28  8.877
 16 0  6 29  8.956
 16 0  6 30  8.913
 16 0  6 31  8.893
 16 0  7  0  8.910
 16 0  7  1  8.989
 16 0  7  2  9.074
 16 0  7  3  8.859
 16 0  7  4  9.023
 16 0  7  5  8.764
 16 0  7  6  8.903
 16 0  7  7  8.936
 16 0  7  8 17.244
 16 0  7  9 17.538
 16 0  7 10 17.475
 16 0  7 11 17.567
 16 0  7 12 17.215
 16 0  7 13 17.070
 16 0  7 14 17.402
 16 0  7 15 17.325
 16 0  7 16 17.174
 16 0  7 17 17.450
 16 0  7 18 17.551
 16 0  7 19 17.183
 16 0  7 20 17.288
 16 0  7 21 17.247
 16 0  7 22 17.229
 16 0  7 23 17.540
 16 0  7 24  8.807
 16 0  7 25  9.064
 16 0  7 26  8.904
 16 0  7 27  8.902
 16 0  7 28  8.978
 16 0  7 29  8.914
 16 0  7 30  8.911
 16 0  7 31  8.933
 16 0  8  0  8.969
 16 0  8  1  8.859
 16 0  8  2  8.943
 16 0  8  3  8.861
 16 0  8  4  8.913
 16 0  8  5  8.906
 16 0  8  6  8.837
 16 0  8  7  8.808
 16 0  8  8 17.354
 16 0  8  9 17.500
 16 0  8 10 17.465
 16 0  8 11 17.493
 16 0  8 12 17.441
 16 0  8 13 17.184
 16 0  8 14 17.597
 16 0  8 15 17.234
 16 0  8 16 17.533
 16 0  8 17 17.375
 16 0  8 18 17.286
 16 0  8 19 17.297
 16 0  8 20 17.407
 16 0  8 21 17.549
 16 0  8 22 17.408
 16 0  8 23 17.361
 16 0  8 24  8.903
 16 0  8 25  9.018
 16 0  8 26  8.939
 16 0  8 27  9.016
 16 0  8 28  8.807
 16 0  8 29  8.931
 16 0  8 30  8.795
 16 0  8 31  8.841
 16 0  9  0  8.953
 16 0  9  1  8.968
 16 0  9  2  8.861
 16 0  9  3  9.073
 16 0  9  4  8.828
 16 0  9  5  8.975
 16 0  9  6  8.810
 16 0  9  7  8.858
 16 0  9  8 17.130
 16 0  9  9 17.889
 16 0  9 10 17.376
 16 0  9 11 17.564
 16 0  9 12 17.579
 16 0  9 13 17.425
 16 0  9 14 17.380
 16 0  9 15 17.508
 16 0  9 16 17.105
 16 0  9 17 17.288
 16 0  9 18 17.502
 16 0  9 19 17.167
 16 0  9 20 17.299
 16 0  9 21 17.721
 16 0  9 22 17.441
 16 0  9 23 17.224
 16 0  9 24  8.877
 16 0  9 25  8.903
 16 0  9 26  8.934
 16 0  9 27  8.923
 16 0  9 28  9.061
 16 0  9 29  9.090
 16 0  9 30  9.003
 16 0  9 31  8.911
 16 0 10  0  9.009
 16 0 10  1  8.956
 16 0 10  2  8.853
 16 0 10  3  8.882
 16 0 10  4  9.034
 16 0 10  5  9.160
 16 0 10  6  8.822
 16 0 10  7  8.898
 16 0 10  8 17.653
 16 0 10  9 17.561
 16 0 10 10 17.449
 16 0 10 11 17.236
 16 0 10 12 17.379
 16 0 10 13 17.392
 16 0 10 14 17.591
 16 0 10 15 17.127
 16 0 10 16 17.624
 16 0 10 17 17.505
 16 0 10 18 17.410
 16 0 10 19 17.339
 16 0 10 20 17.420
 16 0 10 21 17.285
 16 0 10 22 17.574
 16 0 10 23 17.364
 16 0 10 24  9.018
 16 0 10 25  9.006
 16 0 10 26  8.905
 16 0 10 27  8.877
 16 0 10 28  9.093
 16 0 10 29  8.965
 16 0 10 30  9.210
 16 0 10 31  8.923
 16 0 11  0  9.040
 16 0 11  1  8.990
 16 0 11  2  9.053
 16 0 11  3  9.068
 16 0 11  4  8.978
 16 0 11  5  8.903
 16 0 11  6  8.934
 16 0 11  7  8.908
 16 0 11  8 17.663
 16 0 11  9 17.548
 16 0 11 10 17.336
 16 0 11 11 17.592
 16 0 11 12 17.439
 16 0 11 13 17.507
 16 0 11 14 17.446
 16 0 11 15 17.274
 16 0 11 16 17.027
 16 0 11 17 17.105
 16 0 11 18 17.479
 16 0 11 19 17.350
 16 0 11 20 17.458
 16 0 11 21 17.434
 16 0 11 22 17.376
 16 0 11 23 17.367
 16 0 11 24  8.893
 16 0 11 25  8.961
 16 0 11 26  8.956
 16 0 11 27  9.094
 16 0 11 28  9.049
 16 0 11 29  8.902
 16 0 11 30  9.096
 16 0 11 31  8.989
 16 0 12  0  8.843
 16 0 12  1  8.985
 16 0 12  2  9.017
 16 0 12  3  9.013
 16 0 12  4  8.996
 16 0 12  5  8.974
 16 0 12  6  8.891
 16 0 12  7  8.878
 16 0 12  8 17.501
 16 0 12  9 17.610
 16 0 12 10 17.550
 16 0 12 11 17.499
 16 0 12 12 17.435
 16 0 12 13 17.593
 16 0 12 14 17.540
 16 0 12 15 17.283
 16 0 12 16 17.321
 16 0 12 17 17.603
 16 0 12 18 17.088
 16 0 12 19 17.564
 16 0 12 20 17.366
 16 0 12 21 17.487
 16 0 12 22 17.464
 16 0 12 23 17.151
 16 0 12 24  8.900
 16 0 12 25  8.891
 16 0 12 26  9.051
 16 0 12 27  8.950
 16 0 12 28  8.966
 16 0 12 29  9.118
 16 0 12 30  9.012
 16 0 12 31  8.936
 16 0 13  0  9.002
 16 0 13  1  9.178
 16 0 13  2  9.115
 16 0 13  3  9.027
 16 0 13  4  9.041
 16 0 13  5  8.913
 16 0 13  6  8.918
 16 0 13  7  8.974
 16 0 13  8 17.487
 16 0 13  9 17.541
 16 0 13 10 17.690
 16 0 13 11 17.714
 16 0 13 12 17.272
 16 0 13 13 17.439
 16 0 13 14 17.643
 16 0 13 15 17.579
 16 0 13 16 17.230
 16 0 13 17 17.636
 16 0 13 18 17.359
 16 0 13 19 17.378
 16 0 13 20 17.220
 16 0 13 21 17.473
 16 0 13 22 17.752
 16 0 13 23 17.105
 16 0 13 24  8.922
 16 0 13 25  9.011
 16 0 13 26  9.097
 16 0 13 27  8.933
 16 0 13 28  8.902
 16 0 13 29  9.041
 16 0 13 30  9.011
 16 0 13 31  9.028
 16 0 14  0  9.058
 16 0 14  1  9.178
 16 0 14  2  9.013
 16 0 14  3  9.199
 16 0 14  4  8.970
 16 0 14  5  9.055
 16 0 14  6  9.017
 16 0 14  7  9.131
 16 0 14  8 17.535
 16 0 14  9 17.675
 16 0 14 10 17.648
 16 0 14 11 17.549
 16 0 14 12 17.329
 16 0 14 13 17.272
 16 0 14 14 17.464
 16 0 14 15 17.828
 16 0 14 16 17.207
 16 0 14 17 17.520
 16 0 14 18 17.219
 16 0 14 19 17.471
 16 0 14 20 17.506
 16 0 14 21 17.478
 16 0 14 22 17.525
 16 0 14 23 17.374
 16 0 14 24  9.060
 16 0 14 25  9.047
 16 0 14 26  9.049
 16 0 14 27  9.016
 16 0 14 28  9.018
 16 0 14 29  9.049
 16 0 14 30  9.019
 16 0 14 31  9.016
 16 0 15  0  9.118
 16 0 15  1  9.272
 16 0 15  2  9.035
 16 0 15  3  9.049
 16 0 15  4  9.000
 16 0 15  5  8.989
 16 0 15  6  9.114
 16 0 15  7  9.066
 16 0 15  8 17.501
 16 0 15  9 17.309
 16 0 15 10 17.857
 16 0 15 11 17.430
 16 0 15 12 17.597
 16 0 15 13 17.715
 16 0 15 14 17.308
 16 0 15 15 17.530
 16 0 15 16 17.271
 16 0 15 17 17.488
 16 0 15 18 17.563
 16 0 15 19 17.735
 16 0 15 20 17.307
 16 0 15 21 17.867
 16 0 15 22 17.367
 16 0 15 23 17.703
 16 0 15 24  9.039
 16 0 15 25  8.962
 16 0 15 26  8.986
 16 0 15 27  9.001
 16 0 15 28  9.127
 16 0 15 29  9.063
 16 0 15 30  9.066
 16 0 15 31  8.965
 16 0 16  0  8.927
 16 0 16  1  9.201
 16 0 16  2  9.096
 16 0 16  3  9.050
 16 0 16  4  9.049
 16 0 16  5  9.038
 16 0 16  6  8.959
 16 0 16  7  8.942
 16 0 16  8 17.965
 16 0 16  9 17.668
 16 0 16 10 17.586
 16 0 16 11 17.752
 16 0 16 12 17.752
 16 0 16 13 17.501
 16 0 16 14 17.574
 16 0 16 15 17.849
 16 0 16 16 17.745
 16 0 16 17 17.565
 16 0 16 18 17.820
 16 0 16 19 17.904
 16 0 16 20 17.605
 16 0 16 21 17.688
 16 0 16 22 17.179
 16 0 16 23 17.529
 16 0 16 24  9.046
 16 0 16 25  9.069
 16 0 16 26  9.056
 16 0 16 27  9.100
 16 0 16 28  9.031
 16 0 16 29  9.084
 16 0 16 30  9.063
 16 0 16 31  9.086
 16 0 17  0  8.911
 16 0 17  1  8.788
 16 0 17  2  9.008
 16 0 17  3  9.157
 16 0 17  4  9.077
 16 0 17  5  9.204
 16 0 17  6  9.036
 16 0 17  7  9.104
 16 0 17  8 17.459
 16 0 17  9 17.506
 16 0 17 10 17.950
 16 0 17 11 17.558
 16 0 17 12 17.773
 16 0 17 13 17.554
 16 0 17 14 17.394
 16 0 17 15 17.801
 16 0 17 16 17.760
 16 0 17 17 17.797
 16 0 17 18 17.562
 16 0 17 19 17.679
 16 0 17 20 17.438
 16 0 17 21 17.885
 16 0 17 22 17.649
 16 0 17 23 17.628
 16 0 17 24  9.068
 16 0 17 25  9.080
 16 0 17 26  9.079
 16 0 17 27  9.086
 16 0 17 28  8.945
 16 0 17 29  8.958
 16 0 17 30  9.265
 16 0 17 31  8.712
 16 1  0  0  8.174
 16 1  0  1  8.033
 16 1  0  2  8.237
 16 1  0  3  8.230
 16 1  0  4  8.305
 16 1  0  5  8.188
 16 1  0  6  8.115
 16 1  0  7  8.136
 16 1  0  8  8.146
 16 1  0  9  8.082
 16 1  0 10  7.986
 16 1  0 11  8.038
 16 1  0 12  8.067
 16 1  0 13  8.074
 16 1  0 14  8.063
 16 1  0 15  8.144
 16 1  0 16  8.275
 16 1  0 17  8.137
 16 1  0 18  8.197
 16 1  0 19  8.210
 16 1  0 20  8.230
 16 1  0 21  8.105
 16 1  0 22  8.177
 16 1  0 23  8.171
 16 1  1  0  8.352
 16 1  1  1  8.420
 16 1  1  2  8.592
 16 1  1  3  8.458
 16 1  1  4  8.540
 16 1  1  5  8.369
 16 1  1  6  8.398
 16 1  1  7  8.529
 16 1  1  8 16.622
 16 1  1  9 16.619
 16 1  1 10 16.370
 16 1  1 11 16.564
 16 1  1 12 16.591
 16 1  1 13 16.736
 16 1  1 14 16.382
 16 1  1 15 16.484
 16 1  1 16 16.388
 16 1  1 17 16.587
 16 1  1 18 16.521
 16 1  1 19 16.252
 16 1  1 20 16.771
 16 1  1 21 16.780
 16 1  1 22 16.783
 16 1  1 23 16.605
 16 1  1 24  8.378
 16 1  1 25  8.326
 16 1  1 26  8.388
 16 1  1 27  8.444
 16 1  1 28  8.452
 16 1  1 29  8.477
 16 1  1 30  8.547
 16 1  1 31  8.478
 16 1  2  0  8.309
 16 1  2  1  8.327
 16 1  2  2  8.387
 16 1  2  3  8.559
 16 1  2  4  8.563
 16 1  2  5  8.266
 16 1  2  6  8.392
 16 1  2  7  8.471
 16 1  2  8 16.217
 16 1  2  9 16.533
 16 1  2 10 16.412
 16 1  2 11 16.439
 16 1  2 12 16.225
 16 1  2 13 16.405
 16 1  2 14 16.369
 16 1  2 15 16.537
 16 1  2 16 16.328
 16 1  2 17 16.605
 16 1  2 18 16.727
 16 1  2 19 16.480
 16 1  2 20 16.598
 16 1  2 21 16.657
 16 1  2 22 16.407
 16 1  2 23 16.715
 16 1  2 24  8.585
 16 1  2 25  8.564
 16 1  2 26  8.484
 16 1  2 27  8.631
 16 1  2 28  8.618
 16 1  2 29  8.535
 16 1  2 30  8.422
 16 1  2 31  8.436
 16 1  3  0  8.367
 16 1  3  1  8.324
 16 1  3  2  8.547
 16 1  3  3  8.505
 16 1  3  4  8.593
 16 1  3  5  8.525
 16 1  3  6  8.501
 16 1  3  7  8.524
 16 1  3  8 16.449
 16 1  3  9 16.922
 16 1  3 10 16.257
 16 1  3 11 16.569
 16 1  3 12 16.853
 16 1  3 13 16.591
 16 1  3 14 16.753
 16 1  3 15 16.825
 16 1  3 16 16.630
 16 1  3 17 16.651
 16 1  3 18 16.750
 16 1  3 19 16.518
 16 1  3 20 16.887
 16 1  3 21 16.479
 16 1  3 22 16.444
 16 1  3 23 16.646
 16 1  3 24  8.583
 16 1  3 25  8.559
 16 1  3 26  8.633
 16 1  3 27  8.566
 16 1  3 28  8.601
 16 1  3 29  8.550
 16 1  3 30  8.685
 16 1  3 31  8.598
 16 1  4  0  8.588
 16 1  4  1  8.605
 16 1  4  2  8.719
 16 1  4  3  8.587
 16 1  4  4  8.638
 16 1  4  5  8.460
 16 1  4  6  8.654
 16 1  4  7  8.399
 16 1  4  8 16.662
 16 1  4  9 16.577
 16 1  4 10 16.695
 16 1  4 11 16.614
 16 1  4 12 16.779
 16 1  4 13 16.501
 16 1  4 14 16.552
 16 1  4 15 16.691
 16 1  4 16 16.787
 16 1  4 17 16.592
 16 1  4 18 17.117
 16 1  4 19 16.596
 16 1  4 20 16.772
 16 1  4 21 16.858
 16 1  4 22 16.785
 16 1  4 23 16.837
 16 1  4 24  8.660
 16 1  4 25  8.572
 16 1  4 26  8.587
 16 1  4 27  8.525
 16 1  4 28  8.532
 16 1  4 29  8.585
 16 1  4 30  8.785
 16 1  4 31  8.618
 16 1  5  0  8.582
 16 1  5  1  8.618
 16 1  5  2  8.659
 16 1  5  3  8.661
 16 1  5  4  8.628
 16 1  5  5  8.552
 16 1  5  6  8.560
 16 1  5  7  8.534
 16 1  5  8 16.643
 16 1  5  9 16.728
 16 1  5 10 16.889
 16 1  5 11 16.799
 16 1  5 12 16.385
 16 1  5 13 16.738
 16 1  5 14 16.765
 16 1  5 15 16.649
 16 1  5 16 16.841
 16 1  5 17 16.869
 16 1  5 18 16.874
 16 1  5 19 16.794
 16 1  5 20 16.473
 16 1  5 21 16.929
 16 1  5 22 16.620
 16 1  5 23 16.889
 16 1  5 24  8.502
 16 1  5 25  8.718
 16 1  5 26  8.538
 16 1  5 27  8.611
 16 1  5 28  8.533
 16 1  5 29  8.537
 16 1  5 30  8.711
 16 1  5 31  8.492
 16 1  6  0  8.733
 16 1  6  1  8.699
 16 1  6  2  8.687
 16 1  6  3  8.660
 16 1  6  4  8.634
 16 1  6  5  8.614
 16 1  6  6  8.622
 16 1  6  7  8.598
 16 1  6  8 16.659
 16 1  6  9 16.594
 16 1  6 10 17.124
 16 1  6 11 16.916
 16 1  6 12 16.711
 16 1  6 13 16.762
 16 1  6 14 16.802
 16 1  6 15 16.969
 16 1  6 16 16.776
 16 1  6 17 16.952
 16 1  6 18 16.915
 16 1  6 19 16.582
 16 1  6 20 16.796
 16 1  6 21 16.728
 16 1  6 22 16.563
 16 1  6 23 16.633
 16 1  6 24  8.547
 16 1  6 25  8.633
 16 1  6 26  8.635
 16 1  6 27  8.567
 16 1  6 28  8.610
 16 1  6 29  8.581
 16 1  6 30  8.604
 16 1  6 31  8.693
 16 1  7  0  8.565
 16 1  7  1  8.726
 16 1  7  2  8.688
 16 1  7  3  8.611
 16 1  7  4  8.605
 16 1  7  5  8.668
 16 1  7  6  8.579
 16 1  7  7  8.625
 16 1  7  8 16.948
 16 1  7  9 16.946
 16 1  7 10 16.871
 16 1  7 11 16.836
 16 1  7 12 16.509
 16 1  7 13 16.515
 16 1  7 14 16.909
 16 1  7 15 16.647
 16 1  7 16 16.937
 16 1  7 17 16.843
 16 1  7 18 16.781
 16 1  7 19 16.905
 16 1  7 20 16.610
 16 1  7 21 16.803
 16 1  7 22 16.604
 16 1  7 23 16.675
 16 1  7 24  8.673
 16 1  7 25  8.584
 16 1  7 26  8.678
 16 1  7 27  8.632
 16 1  7 28  8.617
 16 1  7 29  8.609
 16 1  7 30  8.781
 16 1  7 31  8.692
 16 1  8  0  8.554
 16 1  8  1  8.653
 16 1  8  2  8.665
 16 1  8  3  8.670
 16 1  8  4  8.556
 16 1  8  5  8.692
 16 1  8  6  8.521
 16 1  8  7  8.536
 16 1  8  8 16.439
 16 1  8  9 16.906
 16 1  8 10 16.705
 16 1  8 11 16.818
 16 1  8 12 16.697
 16 1  8 13 16.412
 16 1  8 14 16.850
 16 1  8 15 16.472
 16 1  8 16 16.599
 16 1  8 17 16.941
 16 1  8 18 16.777
 16 1  8 19 16.698
 16 1  8 20 16.896
 16 1  8 21 16.833
 16 1  8 22 17.017
 16 1  8 23 17.050
 16 1  8 24  8.625
 16 1  8 25  8.704
 16 1  8 26  8.640
 16 1  8 27  8.655
 16 1  8 28  8.675
 16 1  8 29  8.676
 16 1  8 30  8.795
 16 1  8 31  8.720
 16 1  9  0  8.587
 16 1  9  1  8.727
 16 1  9  2  8.703
 16 1  9  3  8.656
 16 1  9  4  8.670
 16 1  9  5  8.561
 16 1  9  6  8.752
 16 1  9  7  8.697
 16 1  9  8 16.518
 16 1  9  9 16.898
 16 1  9 10 16.831
 16 1  9 11 16.878
 16 1  9 12 16.604
 16 1  9 13 17.111
 16 1  9 14 16.883
 16 1  9 15 16.813
 16 1  9 16 16.733
 16 1  9 17 16.883
 16 1  9 18 16.737
 16 1  9 19 16.779
 16 1  9 20 16.839
 16 1  9 21  1.000
 16 1  9 22 16.575
 16 1  9 23 16.662
 16 1  9 24  8.639
 16 1  9 25  8.790
 16 1  9 26  8.658
 16 1  9 27  8.570
 16 1  9 28  8.732
 16 1  9 29  8.642
 16 1  9 30  8.888
 16 1  9 31  8.797
 16 1 10  0  8.695
 16 1 10  1  8.644
 16 1 10  2  8.627
 16 1 10  3  8.637
 16 1 10  4  8.678
 16 1 10  5  8.695
 16 1 10  6  8.775
 16 1 10  7  8.686
 16 1 10  8 16.668
 16 1 10  9 16.934
 16 1 10 10 16.651
 16 1 10 11 16.889
 16 1 10 12 16.702
 16 1 10 13 16.802
 16 1 10 14 16.887
 16 1 10 15 16.754
 16 1 10 16 17.010
 16 1 10 17 16.710
 16 1 10 18 17.043
 16 1 10 19 16.915
 16 1 10 20 16.909
 16 1 10 21 16.633
 16 1 10 22 16.340
 16 1 10 23 16.931
 16 1 10 24  8.634
 16 1 10 25  8.582
 16 1 10 26  8.734
 16 1 10 27  8.666
 16 1 10 28  8.750
 16 1 10 29  8.556
 16 1 10 30  8.667
 16 1 10 31  8.769
 16 1 11  0  8.569
 16 1 11  1  8.804
 16 1 11  2  8.656
 16 1 11  3  8.616
 16 1 11  4  8.710
 16 1 11  5  8.715
 16 1 11  6  8.670
 16 1 11  7  8.646
 16 1 11  8 17.144
 16 1 11  9 16.932
 16 1 11 10 16.731
 16 1 11 11 16.676
 16 1 11 12 16.757
 16 1 11 13 16.738
 16 1 11 14 16.768
 16 1 11 15 16.701
 16 1 11 16 17.074
 16 1 11 17 17.005
 16 1 11 18 16.899
 16 1 11 19 16.594
 16 1 11 20 16.891
 16 1 11 21 16.814
 16 1 11 22 16.794
 16 1 11 23 16.554
 16 1 11 24  8.527
 16 1 11 25  8.724
 16 1 11 26  8.793
 16 1 11 27  8.732
 16 1 11 28  8.787
 16 1 11 29  8.645
 16 1 11 30  8.769
 16 1 11 31  8.880
 16 1 12  0  8.729
 16 1 12  1  8.773
 16 1 12  2  8.687
 16 1 12  3  8.661
 16 1 12  4  8.705
 16 1 12  5  8.628
 16 1 12  6  8.630
 16 1 12  7  8.646
 16 1 12  8 16.706
 16 1 12  9 16.853
 16 1 12 10 16.624
 16 1 12 11 17.143
 16 1 12 12 16.707
 16 1 12 13 16.881
 16 1 12 14 16.844
 16 1 12 15 16.932
 16 1 12 16 17.177
 16 1 12 17 16.806
 16 1 12 18 16.933
 16 1 12 19 17.001
 16 1 12 20 17.017
 16 1 12 21 16.592
 16 1 12 22 16.893
 16 1 12 23 16.838
 16 1 12 24  8.597
 16 1 12 25  8.636
 16 1 12 26  8.587
 16 1 12 27  8.702
 16 1 12 28  8.680
 16 1 12 29  8.619
 16 1 12 30  8.689
 16 1 12 31  8.860
 16 1 13  0  8.751
 16 1 13  1  8.751
 16 1 13  2  8.695
 16 1 13  3  8.704
 16 1 13  4  8.692
 16 1 13  5  8.610
 16 1 13  6  8.672
 16 1 13  7  8.719
 16 1 13  8 16.712
 16 1 13  9 16.852
 16 1 13 10 16.972
 16 1 13 11 16.945
 16 1 13 12 16.653
 16 1 13 13 16.643
 16 1 13 14 17.027
 16 1 13 15 17.064
 16 1 13 16 16.730
 16 1 13 17 17.106
 16 1 13 18 16.987
 16 1 13 19 16.832
 16 1 13 20 16.941
 16 1 13 21 16.739
 16 1 13 22 16.650
 16 1 13 23 16.902
 16 1 13 24  8.790
 16 1 13 25  8.627
 16 1 13 26  8.750
 16 1 13 27  8.766
 16 1 13 28  8.587
 16 1 13 29  8.643
 16 1 13 30  8.742
 16 1 13 31  8.709
 16 1 14  0  8.648
 16 1 14  1  8.734
 16 1 14  2  8.651
 16 1 14  3  8.712
 16 1 14  4  8.843
 16 1 14  5  8.659
 16 1 14  6  8.676
 16 1 14  7  8.732
 16 1 14  8 17.047
 16 1 14  9 16.714
 16 1 14 10 16.823
 16 1 14 11 16.930
 16 1 14 12 17.002
 16 1 14 13 16.786
 16 1 14 14 16.870
 16 1 14 15 16.894
 16 1 14 16 17.111
 16 1 14 17 16.847
 16 1 14 18 16.992
 16 1 14 19 17.005
 16 1 14 20 17.076
 16 1 14 21 16.773
 16 1 14 22 16.891
 16 1 14 23 16.893
 16 1 14 24  8.711
 16 1 14 25  8.642
 16 1 14 26  8.672
 16 1 14 27  8.724
 16 1 14 28  8.531
 16 1 14 29  8.732
 16 1 14 30  8.602
 16 1 14 31  8.728
 16 1 15  0  8.862
 16 1 15  1  8.858
 16 1 15  2  8.697
 16 1 15  3  8.595
 16 1 15  4  8.878
 16 1 15  5  8.775
 16 1 15  6  8.727
 16 1 15  7  8.704
 16 1 15  8 17.005
 16 1 15  9 17.177
 16 1 15 10 17.078
 16 1 15 11 17.256
 16 1 15 12 16.801
 16 1 15 13 17.090
 16 1 15 14 16.865
 16 1 15 15 17.056
 16 1 15 16 17.043
 16 1 15 17 17.108
 16 1 15 18 17.191
 16 1 15 19 16.983
 16 1 15 20 16.750
 16 1 15 21 17.120
 16 1 15 22 16.988
 16 1 15 23 17.060
 16 1 15 24  8.892
 16 1 15 25  8.794
 16 1 15 26  8.618
 16 1 15 27  8.624
 16 1 15 28  8.815
 16 1 15 29  8.833
 16 1 15 30  8.843
 16 1 15 31  8.907
 16 1 16  0  8.779
 16 1 16  1  8.814
 16 1 16  2  8.706
 16 1 16  3  8.729
 16 1 16  4  8.982
 16 1 16  5  8.799
 16 1 16  6  8.794
 16 1 16  7  8.720
 16 1 16  8 16.731
 16 1 16  9 17.087
 16 1 16 10 16.959
 16 1 16 11 16.876
 16 1 16 12 17.059
 16 1 16 13 17.031
 16 1 16 14 17.140
 16 1 16 15 17.064
 16 1 16 16 17.263
 16 1 16 17 17.172
 16 1 16 18 17.137
 16 1 16 19 17.015
 16 1 16 20 17.108
 16 1 16 21 17.328
 16 1 16 22 16.794
 16 1 16 23 17.136
 16 1 16 24  8.790
 16 1 16 25  8.826
 16 1 16 26  8.596
 16 1 16 27  8.584
 16 1 16 28  8.736
 16 1 16 29  8.747
 16 1 16 30  8.877
 16 1 16 31  8.827
 16 1 17  0  8.711
 16 1 17  1  8.650
 16 1 17  2  8.602
 16 1 17  3  8.685
 16 1 17  4  8.819
 16 1 17  5  8.768
 16 1 17  6  8.901
 16 1 17  7  8.780
 16 1 17  8 16.914
 16 1 17  9 16.974
 16 1 17 10 17.255
 16 1 17 11 16.929
 16 1 17 12 17.132
 16 1 17 13 17.061
 16 1 17 14 17.369
 16 1 17 15 17.097
 16 1 17 16 17.086
 16 1 17 17 17.432
 16 1 17 18 17.035
 16 1 17 19 17.124
 16 1 17 20 17.228
 16 1 17 21 17.055
 16 1 17 22 17.221
 16 1 17 23 17.147
 16 1 17 24  8.817
 16 1 17 25  8.889
 16 1 17 26  8.632
 16 1 17 27  8.725
 16 1 17 28  8.760
 16 1 17 29  8.692
 16 1 17 30  8.725
 16 1 17 31  8.526
 14 0  0  0  8.210
 14 0  0  1  8.140
 14 0  0  2  8.084
 14 0  0  3  8.110
 14 0  0  4  8.174
 14 0  0  5  8.172
 14 0  0  6  8.247
 14 0  0  7  8.198
 14 0  0  8  8.213
 14 0  0  9  8.230
 14 0  0 10  8.160
 14 0  0 11  8.212
 14 0  0 12  8.155
 14 0  0 13  8.238
 14 0  0 14  8.198
 14 0  0 15  8.204
 14 0  0 16  8.239
 14 0  0 17  8.190
 14 0  0 18  8.214
 14 0  0 19  8.042
 14 0  0 20  7.963
 14 0  0 21  7.960
 14 0  0 22  8.151
 14 0  0 23  1.000
 14 0  1  0  8.995
 14 0  1  1  8.807
 14 0  1  2  8.685
 14 0  1  3  8.813
 14 0  1  4  8.919
 14 0  1  5  8.834
 14 0  1  6  8.817
 14 0  1  7  8.840
 14 0  1  8  8.927
 14 0  1  9  8.948
 14 0  1 10  8.728
 14 0  1 11  8.732
 14 0  1 12  8.810
 14 0  1 13  8.749
 14 0  1 14  8.791
 14 0  1 15  8.803
 14 0  1 16  8.785
 14 0  1 17  8.861
 14 0  1 18  8.769
 14 0  1 19  8.757
 14 0  1 20  8.944
 14 0  1 21  8.919
 14 0  1 22  8.648
 14 0  1 23  8.753
 14 0  2  0  9.206
 14 0  2  1  8.689
 14 0  2  2  8.727
 14 0  2  3  8.853
 14 0  2  4  8.777
 14 0  2  5  8.754
 14 0  2  6  8.718
 14 0  2  7  8.810
 14 0  2  8  8.853
 14 0  2  9  8.769
 14 0  2 10  8.634
 14 0  2 11  8.847
 14 0  2 12  8.652
 14 0  2 13  8.684
 14 0  2 14  8.690
 14 0  2 15  8.706
 14 0  2 16  8.799
 14 0  2 17  8.855
 14 0  2 18  8.642
 14 0  2 19  8.797
 14 0  2 20  8.783
 14 0  2 21  8.776
 14 0  2 22  8.942
 14 0  2 23  9.328
 14 0  3  0  8.800
 14 0  3  1  8.907
 14 0  3  2  8.788
 14 0  3  3  8.726
 14 0  3  4  8.616
 14 0  3  5  8.782
 14 0  3  6  8.593
 14 0  3  7  8.606
 14 0  3  8  8.658
 14 0  3  9  8.605
 14 0  3 10  8.589
 14 0  3 11  8.799
 14 0  3 12  8.757
 14 0  3 13  8.708
 14 0  3 14  8.717
 14 0  3 15  8.510
 14 0  3 16  8.693
 14 0  3 17  8.691
 14 0  3 18  8.844
 14 0  3 19  8.651
 14 0  3 20  8.906
 14 0  3 21  8.728
 14 0  3 22  8.872
 14 0  3 23  8.858
 14 0  4  0  8.810
 14 0  4  1  8.689
 14 0  4  2  8.727
 14 0  4  3  1.000
 14 0  4  4  8.781
 14 0  4  5  8.770
 14 0  4  6  8.624
 14 0  4  7  8.652
 14 0  4  8  8.695
 14 0  4  9  8.580
 14 0  4 10  8.557
 14 0  4 11  8.679
 14 0  4 12  8.676
 14 0  4 13  8.716
 14 0  4 14  8.766
 14 0  4 15  8.541
 14 0  4 16  8.719
 14 0  4 17  8.672
 14 0  4 18  8.786
 14 0  4 19  8.757
 14 0  4 20  8.670
 14 0  4 21  8.679
 14 0  4 22  8.799
 14 0  4 23  8.902
 14 0  5  0  8.693
 14 0  5  1  8.823
 14 0  5  2  8.705
 14 0  5  3  8.632
 14 0  5  4  8.634
 14 0  5  5  8.598
 14 0  5  6  8.544
 14 0  5  7  8.648
 14 0  5  8  8.536
 14 0  5  9  8.577
 14 0  5 10  8.728
 14 0  5 11  8.647
 14 0  5 12  8.563
 14 0  5 13  8.661
 14 0  5 14  8.711
 14 0  5 15  8.489
 14 0  5 16  8.756
 14 0  5 17  8.654
 14 0  5 18  8.515
 14 0  5 19  8.634
 14 0  5 20  8.707
 14 0  5 21  8.622
 14 0  5 22  8.636
 14 0  5 23  8.661
 14 0  6  0  8.743
 14 0  6  1  8.600
 14 0  6  2  8.766
 14 0  6  3  8.604
 14 0  6  4  8.661
 14 0  6  5  8.648
 14 0  6  6  8.562
 14 0  6  7  8.754
 14 0  6  8  8.493
 14 0  6  9  8.607
 14 0  6 10  8.676
 14 0  6 11  8.523
 14 0  6 12  8.677
 14 0  6 13  8.540
 14 0  6 14  8.638
 14 0  6 15  8.505
 14 0  6 16  8.428
 14 0  6 17  8.715
 14 0  6 18  8.707
 14 0  6 19  8.559
 14 0  6 20  8.685
 14 0  6 21  8.557
 14 0  6 22  8.702
 14 0  6 23  8.789
 14 0  7  0  8.702
 14 0  7  1  8.666
 14 0  7  2  8.671
 14 0  7  3  8.760
 14 0  7  4  8.640
 14 0  7  5  8.524
 14 0  7  6  8.660
 14 0  7  7  8.520
 14 0  7  8  8.550
 14 0  7  9  8.747
 14 0  7 10  8.497
 14 0  7 11  8.554
 14 0  7 12  8.621
 14 0  7 13  8.541
 14 0  7 14  8.571
 14 0  7 15  8.629
 14 0  7 16  8.443
 14 0  7 17  8.721
 14 0  7 18  8.518
 14 0  7 19  8.503
 14 0  7 20  8.753
 14 0  7 21  8.571
 14 0  7 22  8.671
 14 0  7 23  8.738
 14 0  8  0  8.620
 14 0  8  1  8.555
 14 0  8  2  8.507
 14 0  8  3  8.668
 14 0  8  4  8.556
 14 0  8  5  8.543
 14 0  8  6  8.601
 14 0  8  7  8.455
 14 0  8  8  8.620
 14 0  8  9  1.000
 14 0  8 10  8.387
 14 0  8 11  8.540
 14 0  8 12  8.482
 14 0  8 13  8.366
 14 0  8 14  8.545
 14 0  8 15  8.548
 14 0  8 16  8.429
 14 0  8 17  8.680
 14 0  8 18  8.592
 14 0  8 19  8.542
 14 0  8 20  8.625
 14 0  8 21  8.562
 14 0  8 22  8.809
 14 0  8 23  8.852
 14 0  9  0  8.411
 14 0  9  1  8.295
 14 0  9  2  8.506
 14 0  9  3  8.458
 14 0  9  4  8.477
 14 0  9  5  8.534
 14 0  9  6  8.439
 14 0  9  7  8.280
 14 0  9  8  8.584
 14 0  9  9  8.632
 14 0  9 10  8.563
 14 0  9 11  8.388
 14 0  9 12  8.569
 14 0  9 13  8.439
 14 0  9 14  8.457
 14 0  9 15  8.454
 14 0  9 16  8.374
 14 0  9 17  8.451
 14 0  9 18  8.618
 14 0  9 19  8.594
 14 0  9 20  8.570
 14 0  9 21  8.618
 14 0  9 22  8.649
 14 0  9 23  8.664
 14 0 10  0  8.134
 14 0 10  1  7.985
 14 0 10  2  8.064
 14 0 10  3  7.891
 14 0 10  4  8.159
 14 0 10  5  8.117
 14 0 10  6  8.065
 14 0 10  7  8.132
 14 0 10  8  8.083
 14 0 10  9  8.070
 14 0 10 10  8.120
 14 0 10 11  8.148
 14 0 10 12  8.130
 14 0 10 13  8.137
 14 0 10 14  8.019
 14 0 10 15  8.181
 14 0 10 16  8.220
 14 0 10 17  7.968
 14 0 10 18  8.114
 14 0 10 19  8.260
 14 0 10 20  8.194
 14 0 10 21  8.194
 14 0 10 22  8.265
 14 0 10 23  8.234
 14 1  0  0  8.150
 14 1  0  1  8.493
 14 1  0  2  8.345
 14 1  0  3  8.544
 14 1  0  4  8.466
 14 1  0  5  8.404
 14 1  0  6  8.323
 14 1  0  7  8.428
 14 1  0  8  8.460
 14 1  0  9  8.507
 14 1  0 10  8.476
 14 1  0 11  8.523
 14 1  0 12  8.421
 14 1  0 13  8.646
 14 1  0 14  8.515
 14 1  0 15  8.507
 14 1  0 16  8.413
 14 1  0 17  8.402
 14 1  0 18  8.537
 14 1  0 19  8.478
 14 1  0 20  8.366
 14 1  0 21  8.474
 14 1  0 22  8.435
 14 1  0 23  8.445
 14 1  1  0  8.639
 14 1  1  1  9.107
 14 1  1  2  8.778
 14 1  1  3  8.811
 14 1  1  4  8.739
 14 1  1  5  8.820
 14 1  1  6  8.898
 14 1  1  7  8.807
 14 1  1  8  8.809
 14 1  1  9  8.834
 14 1  1 10  8.826
 14 1  1 11  8.882
 14 1  1 12  8.745
 14 1  1 13  8.932
 14 1  1 14  8.731
 14 1  1 15  8.901
 14 1  1 16  1.000
 14 1  1 17  8.726
 14 1  1 18  8.693
 14 1  1 19  8.789
 14 1  1 20  8.615
 14 1  1 21  8.772
 14 1  1 22  8.775
 14 1  1 23  8.616
 14 1  2  0  8.787
 14 1  2  1  8.996
 14 1  2  2  8.756
 14 1  2  3  8.761
 14 1  2  4  8.804
 14 1  2  5  8.715
 14 1  2  6  8.863
 14 1  2  7  8.800
 14 1  2  8  8.774
 14 1  2  9  8.954
 14 1  2 10  8.815
 14 1  2 11  8.782
 14 1  2 12  8.984
 14 1  2 13  8.982
 14 1  2 14  8.823
 14 1  2 15  8.864
 14 1  2 16  8.841
 14 1  2 17  8.892
 14 1  2 18  8.780
 14 1  2 19  8.824
 14 1  2 20  8.795
 14 1  2 21  8.687
 14 1  2 22  8.729
 14 1  2 23  8.976
 14 1  3  0  8.874
 14 1  3  1  8.849
 14 1  3  2  8.755
 14 1  3  3  8.714
 14 1  3  4  8.614
 14 1  3  5  8.757
 14 1  3  6  8.461
 14 1  3  7  8.423
 14 1  3  8  8.362
 14 1  3  9  8.345
 14 1  3 10  8.587
 14 1  3 11  8.656
 14 1  3 12  8.650
 14 1  3 13  8.595
 14 1  3 14  8.513
 14 1  3 15  8.509
 14 1  3 16  8.681
 14 1  3 17  8.570
 14 1  3 18  8.572
 14 1  3 19  8.714
 14 1  3 20  8.690
 14 1  3 21  8.858
 14 1  3 22  8.683
 14 1  3 23  8.711
 14 1  4  0  8.814
 14 1  4  1  8.787
 14 1  4  2  8.704
 14 1  4  3  8.722
 14 1  4  4  8.760
 14 1  4  5  8.753
 14 1  4  6  8.799
 14 1  4  7  8.554
 14 1  4  8  8.775
 14 1  4  9  8.751
 14 1  4 10  8.720
 14 1  4 11  8.764
 14 1  4 12  8.634
 14 1  4 13  8.823
 14 1  4 14  8.797
 14 1  4 15  8.650
 14 1  4 16  8.803
 14 1  4 17  8.774
 14 1  4 18  8.750
 14 1  4 19  8.876
 14 1  4 20  8.817
 14 1  4 21  8.781
 14 1  4 22  8.932
 14 1  4 23  8.804
 14 1  5  0  8.838
 14 1  5  1  8.721
 14 1  5  2  8.691
 14 1  5  3  8.677
 14 1  5  4  8.629
 14 1  5  5  8.544
 14 1  5  6  8.726
 14 1  5  7  8.656
 14 1  5  8  1.000
 14 1  5  9  8.619
 14 1  5 10  1.000
 14 1  5 11  8.848
 14 1  5 12  8.775
 14 1  5 13  1.000
 14 1  5 14  8.594
 14 1  5 15  8.609
 14 1  5 16  8.717
 14 1  5 17  8.708
 14 1  5 18  8.583
 14 1  5 19  8.622
 14 1  5 20  8.672
 14 1  5 21  8.777
 14 1  5 22  8.811
 14 1  5 23  8.910
 14 1  6  0  8.809
 14 1  6  1  8.788
 14 1  6  2  8.487
 14 1  6  3  8.629
 14 1  6  4  8.608
 14 1  6  5  8.572
 14 1  6  6  8.733
 14 1  6  7  8.642
 14 1  6  8  8.654
 14 1  6  9  8.693
 14 1  6 10  8.622
 14 1  6 11  8.637
 14 1  6 12  8.670
 14 1  6 13  8.787
 14 1  6 14  8.716
 14 1  6 15  8.547
 14 1  6 16  8.571
 14 1  6 17  8.639
 14 1  6 18  8.721
 14 1  6 19  8.743
 14 1  6 20  8.623
 14 1  6 21  8.765
 14 1  6 22  8.650
 14 1  6 23  8.777
 14 1  7  0  8.848
 14 1  7  1  8.732
 14 1  7  2  8.639
 14 1  7  3  8.615
 14 1  7  4  8.637
 14 1  7  5  8.662
 14 1  7  6  8.679
 14 1  7  7  8.539
 14 1  7  8  8.618
 14 1  7  9  8.739
 14 1  7 10  8.660
 14 1  7 11  8.656
 14 1  7 12  8.496
 14 1  7 13  1.000
 14 1  7 14  8.654
 14 1  7 15  8.613
 14 1  7 16  8.617
 14 1  7 17  8.532
 14 1  7 18  8.617
 14 1  7 19  8.589
 14 1  7 20  8.731
 14 1  7 21  8.603
 14 1  7 22  8.722
 14 1  7 23  8.729
 14 1  8  0  8.684
 14 1  8  1  8.506
 14 1  8  2  8.690
 14 1  8  3  8.568
 14 1  8  4  8.668
 14 1  8  5  8.675
 14 1  8  6  8.646
 14 1  8  7  8.663
 14 1  8  8  1.000
 14 1  8  9  8.746
 14 1  8 10  8.585
 14 1  8 11  8.457
 14 1  8 12  8.661
 14 1  8 13  8.712
 14 1  8 14  8.713
 14 1  8 15  8.443
 14 1  8 16  8.637
 14 1  8 17  8.665
 14 1  8 18  8.655
 14 1  8 19  8.654
 14 1  8 20  1.000
 14 1  8 21  8.621
 14 1  8 22  8.620
 14 1  8 23  8.762
 14 1  9  0  8.443
 14 1  9  1  8.601
 14 1  9  2  8.571
 14 1  9  3  8.537
 14 1  9  4  8.442
 14 1  9  5  8.577
 14 1  9  6  8.533
 14 1  9  7  8.460
 14 1  9  8  8.384
 14 1  9  9  8.460
 14 1  9 10  8.443
 14 1  9 11  8.366
 14 1  9 12  8.702
 14 1  9 13  8.510
 14 1  9 14  8.437
 14 1  9 15  8.506
 14 1  9 16  8.693
 14 1  9 17  8.448
 14 1  9 18  8.548
 14 1  9 19  8.532
 14 1  9 20  8.466
 14 1  9 21  8.546
 14 1  9 22  8.691
 14 1  9 23  8.632
 14 1 10  0  8.379
 14 1 10  1  8.086
 14 1 10  2  8.344
 14 1 10  3  8.359
 14 1 10  4  8.436
 14 1 10  5  8.308
 14 1 10  6  8.361
 14 1 10  7  8.243
 14 1 10  8  8.385
 14 1 10  9  8.343
 14 1 10 10  8.313
 14 1 10 11  8.439
 14 1 10 12  8.433
 14 1 10 13  8.425
 14 1 10 14  1.000
 14 1 10 15  8.406
 14 1 10 16  8.285
 14 1 10 17  8.330
 14 1 10 18  8.287
 14 1 10 19  8.381
 14 1 10 20  8.219
 14 1 10 21  8.288
 14 1 10 22  1.000
 14 1 10 23  8.293
