  3 0  0  0  2.297
  3 0  0  1  2.230
  3 0  0  2  2.266
  3 0  0  3  2.260
  3 0  0  4  2.246
  3 0  0  5  2.261
  3 0  0  6  2.260
  3 0  0  7  2.243
  3 0  0  8  2.229
  3 0  0  9  2.201
  3 0  0 10  2.243
  3 0  0 11  2.226
  3 0  0 12  2.188
  3 0  0 13  2.231
  3 0  0 14  2.228
  3 0  0 15  2.212
  3 0  0 16  2.201
  3 0  0 17  2.211
  3 0  0 18  2.214
  3 0  0 19  2.187
  3 0  0 20  2.184
  3 0  0 21  2.175
  3 0  0 22  2.218
  3 0  0 23  2.241
  3 0  1  0  2.382
  3 0  1  1  2.369
  3 0  1  2  2.385
  3 0  1  3  2.364
  3 0  1  4  2.340
  3 0  1  5  2.346
  3 0  1  6  2.335
  3 0  1  7  2.361
  3 0  1  8  2.327
  3 0  1  9  2.380
  3 0  1 10  2.396
  3 0  1 11  2.373
  3 0  1 12  2.363
  3 0  1 13  2.355
  3 0  1 14  2.394
  3 0  1 15  2.339
  3 0  1 16  2.349
  3 0  1 17  2.381
  3 0  1 18  2.379
  3 0  1 19  2.360
  3 0  1 20  2.348
  3 0  1 21  2.334
  3 0  1 22  2.331
  3 0  1 23  2.352
  3 0  2  0  2.423
  3 0  2  1  2.383
  3 0  2  2  2.394
  3 0  2  3  2.398
  3 0  2  4  2.351
  3 0  2  5  2.402
  3 0  2  6  2.341
  3 0  2  7  2.352
  3 0  2  8  2.369
  3 0  2  9  2.380
  3 0  2 10  2.339
  3 0  2 11  2.375
  3 0  2 12  2.332
  3 0  2 13  2.378
  3 0  2 14  2.328
  3 0  2 15  2.356
  3 0  2 16  2.312
  3 0  2 17  2.360
  3 0  2 18  2.375
  3 0  2 19  2.361
  3 0  2 20  2.390
  3 0  2 21  2.382
  3 0  2 22  2.352
  3 0  2 23  2.398
  3 0  3  0  2.417
  3 0  3  1  2.393
  3 0  3  2  2.395
  3 0  3  3  2.371
  3 0  3  4  2.362
  3 0  3  5  2.391
  3 0  3  6  2.369
  3 0  3  7  2.377
  3 0  3  8  2.367
  3 0  3  9  2.373
  3 0  3 10  2.357
  3 0  3 11  2.358
  3 0  3 12  2.357
  3 0  3 13  2.361
  3 0  3 14  2.349
  3 0  3 15  2.358
  3 0  3 16  2.355
  3 0  3 17  2.361
  3 0  3 18  2.365
  3 0  3 19  2.355
  3 0  3 20  2.378
  3 0  3 21  2.372
  3 0  3 22  2.386
  3 0  3 23  2.374
  3 0  4  0  2.427
  3 0  4  1  2.397
  3 0  4  2  2.404
  3 0  4  3  2.354
  3 0  4  4  2.378
  3 0  4  5  2.374
  3 0  4  6 999.999
  3 0  4  7  2.368
  3 0  4  8  2.374
  3 0  4  9  2.358
  3 0  4 10  2.352
  3 0  4 11  2.362
  3 0  4 12  2.358
  3 0  4 13  2.363
  3 0  4 14  2.375
  3 0  4 15  2.355
  3 0  4 16  2.358
  3 0  4 17  2.348
  3 0  4 18  2.346
  3 0  4 19  2.380
  3 0  4 20  2.371
  3 0  4 21  2.379
  3 0  4 22  2.379
  3 0  4 23  2.407
  3 0  5  0  2.405
  3 0  5  1  2.391
  3 0  5  2  2.381
  3 0  5  3  2.399
  3 0  5  4  2.376
  3 0  5  5  2.367
  3 0  5  6  2.360
  3 0  5  7  2.379
  3 0  5  8  2.367
  3 0  5  9  2.388
  3 0  5 10  2.363
  3 0  5 11  2.369
  3 0  5 12  2.381
  3 0  5 13  2.351
  3 0  5 14  2.378
  3 0  5 15  2.340
  3 0  5 16  2.363
  3 0  5 17  2.359
  3 0  5 18  2.372
  3 0  5 19  2.383
  3 0  5 20  2.374
  3 0  5 21  2.386
  3 0  5 22  2.367
  3 0  5 23  2.386
  3 0  6  0  2.379
  3 0  6  1  2.331
  3 0  6  2  2.375
  3 0  6  3  2.372
  3 0  6  4  2.310
  3 0  6  5  2.290
  3 0  6  6  2.266
  3 0  6  7  2.316
  3 0  6  8  2.317
  3 0  6  9  2.364
  3 0  6 10  2.309
  3 0  6 11  2.285
  3 0  6 12  2.289
  3 0  6 13  2.260
  3 0  6 14  2.344
  3 0  6 15  2.298
  3 0  6 16  2.303
  3 0  6 17  2.281
  3 0  6 18  2.294
  3 0  6 19  2.286
  3 0  6 20  2.301
  3 0  6 21  2.358
  3 0  6 22  2.298
  3 0  6 23  2.301
  3 0  7  0  2.381
  3 0  7  1  2.329
  3 0  7  2  2.369
  3 0  7  3  2.364
  3 0  7  4  2.326
  3 0  7  5  2.361
  3 0  7  6  2.341
  3 0  7  7  2.367
  3 0  7  8  2.299
  3 0  7  9  2.323
  3 0  7 10  2.285
  3 0  7 11  2.319
  3 0  7 12  2.342
  3 0  7 13  2.321
  3 0  7 14  2.349
  3 0  7 15  2.319
  3 0  7 16  2.383
  3 0  7 17  2.360
  3 0  7 18  2.373
  3 0  7 19  2.351
  3 0  7 20  2.329
  3 0  7 21  2.334
  3 0  7 22  2.363
  3 0  7 23  2.304
  3 0  8  0  2.374
  3 0  8  1  2.389
  3 0  8  2  2.355
  3 0  8  3  2.369
  3 0  8  4  2.343
  3 0  8  5  2.359
  3 0  8  6  2.354
  3 0  8  7 999.999
  3 0  8  8  2.342
  3 0  8  9  2.344
  3 0  8 10  2.353
  3 0  8 11  2.335
  3 0  8 12  2.326
  3 0  8 13  2.355
  3 0  8 14  2.354
  3 0  8 15  2.324
  3 0  8 16  2.344
  3 0  8 17  2.353
  3 0  8 18  2.316
  3 0  8 19  2.358
  3 0  8 20  2.301
  3 0  8 21  2.307
  3 0  8 22  2.311
  3 0  8 23  2.351
  3 0  9  0  2.337
  3 0  9  1  2.286
  3 0  9  2  2.333
  3 0  9  3  2.322
  3 0  9  4  2.339
  3 0  9  5  2.350
  3 0  9  6  2.319
  3 0  9  7  2.347
  3 0  9  8  2.329
  3 0  9  9  2.332
  3 0  9 10  2.323
  3 0  9 11  2.327
  3 0  9 12  2.318
  3 0  9 13  2.311
  3 0  9 14  2.292
  3 0  9 15  2.309
  3 0  9 16  2.296
  3 0  9 17  2.344
  3 0  9 18  2.307
  3 0  9 19  2.327
  3 0  9 20  2.343
  3 0  9 21  2.310
  3 0  9 22  2.311
  3 0  9 23  2.304
  3 0 10  0  2.302
  3 0 10  1  2.259
  3 0 10  2  2.245
  3 0 10  3  2.273
  3 0 10  4  2.281
  3 0 10  5  2.316
  3 0 10  6  2.302
  3 0 10  7  2.301
  3 0 10  8  2.287
  3 0 10  9  2.275
  3 0 10 10  2.262
  3 0 10 11  2.274
  3 0 10 12  2.243
  3 0 10 13  2.278
  3 0 10 14 999.999
  3 0 10 15  2.247
  3 0 10 16  2.266
  3 0 10 17  2.260
  3 0 10 18  2.229
  3 0 10 19  2.218
  3 0 10 20  2.267
  3 0 10 21  2.261
  3 0 10 22  2.248
  3 0 10 23  2.278
  3 1  0  0  2.307
  3 1  0  1  2.308
  3 1  0  2  2.300
  3 1  0  3  2.303
  3 1  0  4  2.303
  3 1  0  5  2.325
  3 1  0  6  2.304
  3 1  0  7  2.334
  3 1  0  8  2.325
  3 1  0  9  2.302
  3 1  0 10  2.328
  3 1  0 11  2.312
  3 1  0 12  2.324
  3 1  0 13  2.342
  3 1  0 14  2.324
  3 1  0 15  2.336
  3 1  0 16  2.340
  3 1  0 17  2.348
  3 1  0 18  2.330
  3 1  0 19  2.334
  3 1  0 20  2.353
  3 1  0 21  2.340
  3 1  0 22  2.327
  3 1  0 23  2.314
  3 1  1  0  2.340
  3 1  1  1  2.411
  3 1  1  2  2.408
  3 1  1  3  2.412
  3 1  1  4  2.393
  3 1  1  5  2.403
  3 1  1  6  2.392
  3 1  1  7  2.384
  3 1  1  8  2.414
  3 1  1  9  2.381
  3 1  1 10  2.394
  3 1  1 11  2.410
  3 1  1 12  2.410
  3 1  1 13  2.361
  3 1  1 14  2.410
  3 1  1 15  2.391
  3 1  1 16  2.376
  3 1  1 17  2.383
  3 1  1 18  2.372
  3 1  1 19  2.372
  3 1  1 20  2.365
  3 1  1 21  2.383
  3 1  1 22  2.431
  3 1  1 23  2.426
  3 1  2  0  2.400
  3 1  2  1  2.380
  3 1  2  2  2.387
  3 1  2  3  2.364
  3 1  2  4  2.381
  3 1  2  5  2.324
  3 1  2  6  2.341
  3 1  2  7  2.307
  3 1  2  8  2.340
  3 1  2  9  2.358
  3 1  2 10  2.372
  3 1  2 11  2.332
  3 1  2 12  2.376
  3 1  2 13  2.330
  3 1  2 14  2.390
  3 1  2 15  2.386
  3 1  2 16  2.340
  3 1  2 17  2.382
  3 1  2 18  2.398
  3 1  2 19  2.396
  3 1  2 20  2.409
  3 1  2 21  2.418
  3 1  2 22  2.434
  3 1  2 23  2.436
  3 1  3  0  2.417
  3 1  3  1  2.390
  3 1  3  2  2.399
  3 1  3  3  2.371
  3 1  3  4  2.363
  3 1  3  5  2.375
  3 1  3  6  2.307
  3 1  3  7  2.314
  3 1  3  8  2.317
  3 1  3  9  2.308
  3 1  3 10  2.325
  3 1  3 11  2.338
  3 1  3 12  2.340
  3 1  3 13  2.339
  3 1  3 14  2.340
  3 1  3 15  2.342
  3 1  3 16  2.351
  3 1  3 17  2.359
  3 1  3 18  2.332
  3 1  3 19  2.370
  3 1  3 20  2.376
  3 1  3 21  2.371
  3 1  3 22  2.430
  3 1  3 23  2.433
  3 1  4  0  2.406
  3 1  4  1  2.404
  3 1  4  2  2.390
  3 1  4  3  2.403
  3 1  4  4  2.393
  3 1  4  5  2.383
  3 1  4  6  2.365
  3 1  4  7  2.406
  3 1  4  8  2.391
  3 1  4  9  2.392
  3 1  4 10  2.381
  3 1  4 11  2.407
  3 1  4 12  2.387
  3 1  4 13  2.384
  3 1  4 14  2.396
  3 1  4 15  2.400
  3 1  4 16  2.406
  3 1  4 17  2.404
  3 1  4 18  2.417
  3 1  4 19  2.414
  3 1  4 20  2.423
  3 1  4 21  2.434
  3 1  4 22  2.418
  3 1  4 23  2.428
  3 1  5  0  2.405
  3 1  5  1  2.408
  3 1  5  2  2.403
  3 1  5  3  2.387
  3 1  5  4  2.380
  3 1  5  5  2.395
  3 1  5  6  2.402
  3 1  5  7  2.370
  3 1  5  8  2.387
  3 1  5  9  2.405
  3 1  5 10  2.386
  3 1  5 11  2.379
  3 1  5 12  2.384
  3 1  5 13  2.406
  3 1  5 14  2.400
  3 1  5 15  2.399
  3 1  5 16  2.404
  3 1  5 17  2.376
  3 1  5 18  2.380
  3 1  5 19  2.417
  3 1  5 20  2.386
  3 1  5 21  2.415
  3 1  5 22  2.427
  3 1  5 23  2.374
  3 1  6  0  2.412
  3 1  6  1  2.382
  3 1  6  2  2.350
  3 1  6  3  2.391
  3 1  6  4  2.388
  3 1  6  5  2.366
  3 1  6  6  2.380
  3 1  6  7  2.391
  3 1  6  8  2.382
  3 1  6  9  2.393
  3 1  6 10  2.378
  3 1  6 11  2.367
  3 1  6 12  2.383
  3 1  6 13  2.377
  3 1  6 14  2.369
  3 1  6 15  2.354
  3 1  6 16  2.405
  3 1  6 17  2.394
  3 1  6 18  2.387
  3 1  6 19  2.379
  3 1  6 20  2.372
  3 1  6 21  2.414
  3 1  6 22  2.419
  3 1  6 23  2.412
  3 1  7  0  2.398
  3 1  7  1  2.390
  3 1  7  2  2.369
  3 1  7  3  2.368
  3 1  7  4  2.389
  3 1  7  5  2.362
  3 1  7  6  2.390
  3 1  7  7  2.370
  3 1  7  8  2.370
  3 1  7  9  2.390
  3 1  7 10  2.372
  3 1  7 11  2.379
  3 1  7 12  2.395
  3 1  7 13  2.394
  3 1  7 14  2.389
  3 1  7 15  2.394
  3 1  7 16  2.395
  3 1  7 17  2.387
  3 1  7 18  2.395
  3 1  7 19  2.415
  3 1  7 20  2.407
  3 1  7 21  2.414
  3 1  7 22  2.399
  3 1  7 23  2.406
  3 1  8  0  2.380
  3 1  8  1  2.369
  3 1  8  2  2.363
  3 1  8  3  2.370
  3 1  8  4  2.342
  3 1  8  5  2.372
  3 1  8  6  2.391
  3 1  8  7  2.377
  3 1  8  8  2.387
  3 1  8  9  2.390
  3 1  8 10  2.372
  3 1  8 11  2.378
  3 1  8 12  2.368
  3 1  8 13  2.371
  3 1  8 14  2.373
  3 1  8 15  2.378
  3 1  8 16  2.382
  3 1  8 17  2.374
  3 1  8 18  2.394
  3 1  8 19  2.391
  3 1  8 20  2.377
  3 1  8 21  2.402
  3 1  8 22  2.399
  3 1  8 23  2.420
  3 1  9  0  2.323
  3 1  9  1  2.332
  3 1  9  2  2.358
  3 1  9  3  2.334
  3 1  9  4  2.350
  3 1  9  5  2.330
  3 1  9  6  2.353
  3 1  9  7  2.337
  3 1  9  8  2.335
  3 1  9  9  2.363
  3 1  9 10  2.357
  3 1  9 11  2.368
  3 1  9 12  2.368
  3 1  9 13  2.365
  3 1  9 14  2.378
  3 1  9 15  2.365
  3 1  9 16  2.318
  3 1  9 17  2.370
  3 1  9 18  2.376
  3 1  9 19  2.374
  3 1  9 20  2.367
  3 1  9 21  2.376
  3 1  9 22  2.387
  3 1  9 23  2.383
  3 1 10  0  2.341
  3 1 10  1  2.342
  3 1 10  2  2.313
  3 1 10  3  2.284
  3 1 10  4  2.295
  3 1 10  5  2.322
  3 1 10  6  2.325
  3 1 10  7  2.295
  3 1 10  8  2.325
  3 1 10  9  2.304
  3 1 10 10  2.344
  3 1 10 11  2.343
  3 1 10 12  2.340
  3 1 10 13  2.328
  3 1 10 14  2.345
  3 1 10 15  2.332
  3 1 10 16  2.323
  3 1 10 17  2.342
  3 1 10 18  2.345
  3 1 10 19  2.354
  3 1 10 20  2.346
  3 1 10 21  2.355
  3 1 10 22  2.366
  3 1 10 23  2.348
  15 0  0  0  1.362
  15 0  0  1  1.352
  15 0  0  2  1.327
  15 0  0  3  1.354
  15 0  0  4  1.308
  15 0  0  5  1.342
  15 0  0  6  1.347
  15 0  0  7  1.394
  15 0  0  8  1.302
  15 0  0  9  1.322
  15 0  0 10  1.318
  15 0  0 11  1.346
  15 0  0 12  1.321
  15 0  0 13  1.401
  15 0  0 14  1.313
  15 0  0 15  1.345
  15 0  0 16  1.325
  15 0  0 17  1.302
  15 0  0 18  1.328
  15 0  0 19  1.415
  15 0  0 20  1.494
  15 0  0 21 999.999
  15 0  0 22  1.374
  15 0  0 23  1.332
  15 0  0 24  1.300
  15 0  0 25  1.299
  15 0  0 26 999.999
  15 0  0 27 999.999
  15 0  0 28 999.999
  15 0  0 29 999.999
  15 0  0 30 999.999
  15 0  0 31  1.397
  15 0  0 32  1.270
  15 0  0 33  1.275
  15 0  0 34  1.349
  15 0  0 35  1.301
  15 0  0 36  1.285
  15 0  0 37  1.323
  15 0  0 38  1.483
  15 0  0 39  1.285
  15 0  1  0  1.397
  15 0  1  1  1.447
  15 0  1  2  1.428
  15 0  1  3  1.417
  15 0  1  4  1.426
  15 0  1  5  1.440
  15 0  1  6  1.424
  15 0  1  7  1.422
  15 0  1  8  1.438
  15 0  1  9  1.413
  15 0  1 10  1.418
  15 0  1 11  1.431
  15 0  1 12  1.415
  15 0  1 13  1.439
  15 0  1 14  1.422
  15 0  1 15  1.406
  15 0  1 16  1.414
  15 0  1 17  1.435
  15 0  1 18  1.432
  15 0  1 19  1.432
  15 0  1 20  1.450
  15 0  1 21  1.448
  15 0  1 22  1.417
  15 0  1 23  1.424
  15 0  1 24  1.426
  15 0  1 25  1.442
  15 0  1 26  1.414
  15 0  1 27  1.419
  15 0  1 28  1.418
  15 0  1 29  1.416
  15 0  1 30  1.413
  15 0  1 31  1.435
  15 0  1 32  1.430
  15 0  1 33  1.410
  15 0  1 34  1.419
  15 0  1 35  1.400
  15 0  1 36  1.413
  15 0  1 37  1.409
  15 0  1 38  1.409
  15 0  1 39  1.391
  15 0  2  0  1.445
  15 0  2  1  1.437
  15 0  2  2  1.432
  15 0  2  3  1.436
  15 0  2  4  1.443
  15 0  2  5  1.427
  15 0  2  6  1.426
  15 0  2  7  1.440
  15 0  2  8  1.436
  15 0  2  9  1.425
  15 0  2 10  1.435
  15 0  2 11  1.438
  15 0  2 12  1.455
  15 0  2 13  1.447
  15 0  2 14  1.449
  15 0  2 15  1.448
  15 0  2 16  1.413
  15 0  2 17  1.437
  15 0  2 18  1.443
  15 0  2 19  1.450
  15 0  2 20  1.431
  15 0  2 21  1.433
  15 0  2 22  1.433
  15 0  2 23  1.432
  15 0  2 24  1.430
  15 0  2 25  1.428
  15 0  2 26  1.432
  15 0  2 27  1.423
  15 0  2 28  1.417
  15 0  2 29  1.460
  15 0  2 30  1.423
  15 0  2 31  1.439
  15 0  2 32  1.419
  15 0  2 33  1.426
  15 0  2 34  1.417
  15 0  2 35  1.402
  15 0  2 36  1.438
  15 0  2 37  1.412
  15 0  2 38  1.448
  15 0  2 39  1.490
  15 0  3  0  1.443
  15 0  3  1  1.427
  15 0  3  2  1.429
  15 0  3  3  1.448
  15 0  3  4  1.433
  15 0  3  5  1.451
  15 0  3  6  1.444
  15 0  3  7  1.433
  15 0  3  8  1.445
  15 0  3  9  1.431
  15 0  3 10  1.465
  15 0  3 11  1.438
  15 0  3 12  1.438
  15 0  3 13  1.428
  15 0  3 14  1.441
  15 0  3 15  1.447
  15 0  3 16  1.442
  15 0  3 17  1.430
  15 0  3 18  1.446
  15 0  3 19  1.459
  15 0  3 20  1.427
  15 0  3 21  1.438
  15 0  3 22  1.427
  15 0  3 23  1.440
  15 0  3 24  1.444
  15 0  3 25  1.428
  15 0  3 26  1.428
  15 0  3 27  1.445
  15 0  3 28  1.423
  15 0  3 29  1.442
  15 0  3 30  1.429
  15 0  3 31  1.433
  15 0  3 32  1.440
  15 0  3 33  1.430
  15 0  3 34  1.430
  15 0  3 35  1.435
  15 0  3 36  1.435
  15 0  3 37  1.429
  15 0  3 38  1.440
  15 0  3 39  1.439
  15 0  4  0  1.560
  15 0  4  1  1.428
  15 0  4  2  1.431
  15 0  4  3  1.455
  15 0  4  4  1.449
  15 0  4  5  1.443
  15 0  4  6  1.434
  15 0  4  7  1.432
  15 0  4  8  1.437
  15 0  4  9  1.454
  15 0  4 10  1.445
  15 0  4 11  1.431
  15 0  4 12  1.448
  15 0  4 13  1.443
  15 0  4 14  1.434
  15 0  4 15  1.471
  15 0  4 16  1.443
  15 0  4 17  1.445
  15 0  4 18  1.437
  15 0  4 19  1.433
  15 0  4 20  1.434
  15 0  4 21  1.476
  15 0  4 22  1.521
  15 0  4 23  1.429
  15 0  4 24  1.448
  15 0  4 25  1.436
  15 0  4 26  1.438
  15 0  4 27  1.427
  15 0  4 28  1.450
  15 0  4 29  1.432
  15 0  4 30  1.466
  15 0  4 31  1.447
  15 0  4 32  1.438
  15 0  4 33  1.433
  15 0  4 34  1.447
  15 0  4 35  1.440
  15 0  4 36  1.436
  15 0  4 37  1.461
  15 0  4 38  1.434
  15 0  4 39  1.413
  15 0  5  0  1.446
  15 0  5  1  1.428
  15 0  5  2  1.436
  15 0  5  3  1.449
  15 0  5  4  1.463
  15 0  5  5  1.439
  15 0  5  6  1.441
  15 0  5  7  1.432
  15 0  5  8  1.453
  15 0  5  9  1.414
  15 0  5 10  1.450
  15 0  5 11  1.461
  15 0  5 12  1.453
  15 0  5 13  1.454
  15 0  5 14  1.444
  15 0  5 15  1.443
  15 0  5 16  1.454
  15 0  5 17  1.464
  15 0  5 18  1.440
  15 0  5 19  1.432
  15 0  5 20  1.431
  15 0  5 21  1.451
  15 0  5 22  1.462
  15 0  5 23  1.432
  15 0  5 24  1.436
  15 0  5 25  1.447
  15 0  5 26  1.450
  15 0  5 27  1.436
  15 0  5 28  1.445
  15 0  5 29  1.438
  15 0  5 30  1.432
  15 0  5 31 999.999
  15 0  5 32  1.443
  15 0  5 33  1.443
  15 0  5 34  1.440
  15 0  5 35  1.449
  15 0  5 36  1.460
  15 0  5 37  1.439
  15 0  5 38  1.449
  15 0  5 39  1.434
  15 0  6  0  1.422
  15 0  6  1  1.408
  15 0  6  2  1.410
  15 0  6  3  1.454
  15 0  6  4  1.439
  15 0  6  5  1.421
  15 0  6  6  1.415
  15 0  6  7  1.423
  15 0  6  8  1.422
  15 0  6  9  1.435
  15 0  6 10  1.445
  15 0  6 11  1.432
  15 0  6 12  1.445
  15 0  6 13  1.428
  15 0  6 14  1.525
  15 0  6 15  1.437
  15 0  6 16  1.450
  15 0  6 17  1.435
  15 0  6 18  1.454
  15 0  6 19  1.450
  15 0  6 20  1.439
  15 0  6 21  1.442
  15 0  6 22  1.439
  15 0  6 23  1.550
  15 0  6 24  1.444
  15 0  6 25  1.453
  15 0  6 26  1.431
  15 0  6 27  1.441
  15 0  6 28  1.455
  15 0  6 29  1.429
  15 0  6 30  1.439
  15 0  6 31  1.429
  15 0  6 32  1.435
  15 0  6 33  1.446
  15 0  6 34  1.429
  15 0  6 35  1.447
  15 0  6 36  1.425
  15 0  6 37  1.431
  15 0  6 38  1.425
  15 0  6 39  1.450
  15 0  7  0  1.434
  15 0  7  1  1.404
  15 0  7  2  1.403
  15 0  7  3  1.431
  15 0  7  4  1.425
  15 0  7  5  1.408
  15 0  7  6  1.423
  15 0  7  7  1.410
  15 0  7  8  1.443
  15 0  7  9  1.423
  15 0  7 10  1.427
  15 0  7 11  1.430
  15 0  7 12  1.433
  15 0  7 13  1.434
  15 0  7 14  1.441
  15 0  7 15  1.425
  15 0  7 16  1.410
  15 0  7 17  1.443
  15 0  7 18  1.452
  15 0  7 19  1.467
  15 0  7 20  1.469
  15 0  7 21  1.460
  15 0  7 22  1.459
  15 0  7 23  1.437
  15 0  7 24  1.438
  15 0  7 25  1.429
  15 0  7 26  1.439
  15 0  7 27  1.450
  15 0  7 28  1.448
  15 0  7 29  1.455
  15 0  7 30  1.448
  15 0  7 31  1.427
  15 0  7 32  1.429
  15 0  7 33  1.440
  15 0  7 34  1.454
  15 0  7 35  1.428
  15 0  7 36  1.432
  15 0  7 37  1.434
  15 0  7 38  1.462
  15 0  7 39  1.445
  15 1  0  0  1.336
  15 1  0  1  1.362
  15 1  0  2  1.351
  15 1  0  3  1.357
  15 1  0  4  1.362
  15 1  0  5  1.427
  15 1  0  6  1.383
  15 1  0  7  1.343
  15 1  0  8  1.349
  15 1  0  9  1.348
  15 1  0 10  1.364
  15 1  0 11  1.383
  15 1  0 12  1.379
  15 1  0 13  1.392
  15 1  0 14  1.403
  15 1  0 15  1.384
  15 1  0 16  1.366
  15 1  0 17  1.368
  15 1  0 18  1.363
  15 1  0 19  1.392
  15 1  0 20  1.394
  15 1  0 21  1.357
  15 1  0 22  1.356
  15 1  0 23  1.358
  15 1  0 24  1.374
  15 1  0 25  1.359
  15 1  0 26  1.377
  15 1  0 27  1.368
  15 1  0 28  1.343
  15 1  0 29  1.364
  15 1  0 30  1.365
  15 1  0 31  1.367
  15 1  0 32  1.345
  15 1  0 33  1.376
  15 1  0 34  1.354
  15 1  0 35  1.397
  15 1  0 36  1.378
  15 1  0 37  1.353
  15 1  0 38  1.353
  15 1  0 39  1.415
  15 1  1  0  1.399
  15 1  1  1  1.392
  15 1  1  2  1.409
  15 1  1  3  1.431
  15 1  1  4  1.429
  15 1  1  5  1.410
  15 1  1  6  1.414
  15 1  1  7  1.381
  15 1  1  8  1.397
  15 1  1  9  1.400
  15 1  1 10  1.390
  15 1  1 11  1.420
  15 1  1 12  1.404
  15 1  1 13  1.408
  15 1  1 14  1.406
  15 1  1 15  1.390
  15 1  1 16  1.384
  15 1  1 17  1.416
  15 1  1 18  1.398
  15 1  1 19  1.404
  15 1  1 20  1.404
  15 1  1 21  1.430
  15 1  1 22  1.414
  15 1  1 23  1.394
  15 1  1 24  1.396
  15 1  1 25  1.399
  15 1  1 26  1.417
  15 1  1 27  1.433
  15 1  1 28  1.404
  15 1  1 29  1.392
  15 1  1 30  1.367
  15 1  1 31  1.406
  15 1  1 32  1.389
  15 1  1 33  1.383
  15 1  1 34  1.395
  15 1  1 35  1.426
  15 1  1 36  1.377
  15 1  1 37  1.370
  15 1  1 38  1.369
  15 1  1 39  1.398
  15 1  2  0  1.381
  15 1  2  1  1.394
  15 1  2  2  1.415
  15 1  2  3  1.422
  15 1  2  4  1.429
  15 1  2  5  1.407
  15 1  2  6  1.409
  15 1  2  7  1.396
  15 1  2  8  1.423
  15 1  2  9  1.399
  15 1  2 10  1.398
  15 1  2 11  1.419
  15 1  2 12  1.399
  15 1  2 13  1.410
  15 1  2 14  1.407
  15 1  2 15  1.394
  15 1  2 16  1.391
  15 1  2 17 999.999
  15 1  2 18  1.419
  15 1  2 19  1.410
  15 1  2 20  1.411
  15 1  2 21  1.418
  15 1  2 22  1.401
  15 1  2 23  1.388
  15 1  2 24  1.396
  15 1  2 25  1.395
  15 1  2 26  1.433
  15 1  2 27  1.393
  15 1  2 28  1.422
  15 1  2 29  1.417
  15 1  2 30  1.405
  15 1  2 31  1.396
  15 1  2 32  1.412
  15 1  2 33  1.384
  15 1  2 34  1.384
  15 1  2 35  1.414
  15 1  2 36  1.415
  15 1  2 37  1.398
  15 1  2 38  1.399
  15 1  2 39  1.383
  15 1  3  0  1.384
  15 1  3  1  1.411
  15 1  3  2  1.422
  15 1  3  3  1.421
  15 1  3  4  1.434
  15 1  3  5  1.410
  15 1  3  6  1.412
  15 1  3  7  1.400
  15 1  3  8  1.398
  15 1  3  9  1.405
  15 1  3 10  1.408
  15 1  3 11  1.417
  15 1  3 12  1.400
  15 1  3 13  1.406
  15 1  3 14  1.409
  15 1  3 15  1.411
  15 1  3 16  1.415
  15 1  3 17  1.404
  15 1  3 18  1.417
  15 1  3 19  1.424
  15 1  3 20  1.448
  15 1  3 21  1.430
  15 1  3 22  1.415
  15 1  3 23  1.394
  15 1  3 24  1.404
  15 1  3 25  1.400
  15 1  3 26  1.428
  15 1  3 27  1.420
  15 1  3 28  1.441
  15 1  3 29  1.431
  15 1  3 30  1.404
  15 1  3 31  1.406
  15 1  3 32  1.393
  15 1  3 33  1.415
  15 1  3 34  1.426
  15 1  3 35  1.400
  15 1  3 36  1.411
  15 1  3 37  1.433
  15 1  3 38  1.394
  15 1  3 39  1.400
  15 1  4  0  1.424
  15 1  4  1  1.410
  15 1  4  2  1.405
  15 1  4  3  1.414
  15 1  4  4  1.423
  15 1  4  5  1.434
  15 1  4  6  1.399
  15 1  4  7  1.417
  15 1  4  8  1.401
  15 1  4  9  1.404
  15 1  4 10  1.419
  15 1  4 11  1.433
  15 1  4 12  1.430
  15 1  4 13  1.430
  15 1  4 14  1.384
  15 1  4 15  1.409
  15 1  4 16  1.404
  15 1  4 17  1.414
  15 1  4 18  1.421
  15 1  4 19 999.999
  15 1  4 20  1.446
  15 1  4 21  1.431
  15 1  4 22  1.416
  15 1  4 23  1.437
  15 1  4 24  1.394
  15 1  4 25  1.428
  15 1  4 26  1.403
  15 1  4 27  1.412
  15 1  4 28  1.453
  15 1  4 29  1.427
  15 1  4 30  1.411
  15 1  4 31  1.418
  15 1  4 32  1.424
  15 1  4 33  1.421
  15 1  4 34  1.416
  15 1  4 35  1.441
  15 1  4 36  1.413
  15 1  4 37  1.422
  15 1  4 38  1.404
  15 1  4 39  1.399
  15 1  5  0  1.422
  15 1  5  1  1.390
  15 1  5  2  1.442
  15 1  5  3  1.440
  15 1  5  4  1.437
  15 1  5  5  1.427
  15 1  5  6  1.442
  15 1  5  7  1.426
  15 1  5  8  1.397
  15 1  5  9  1.394
  15 1  5 10  1.408
  15 1  5 11  1.412
  15 1  5 12  1.465
  15 1  5 13  1.425
  15 1  5 14  1.444
  15 1  5 15  1.446
  15 1  5 16  1.417
  15 1  5 17  1.419
  15 1  5 18  1.411
  15 1  5 19  1.444
  15 1  5 20  1.432
  15 1  5 21  1.401
  15 1  5 22  1.411
  15 1  5 23  1.431
  15 1  5 24  1.424
  15 1  5 25  1.466
  15 1  5 26  1.421
  15 1  5 27  1.428
  15 1  5 28  1.427
  15 1  5 29  1.433
  15 1  5 30  1.424
  15 1  5 31  1.410
  15 1  5 32  1.423
  15 1  5 33  1.403
  15 1  5 34  1.434
  15 1  5 35  1.421
  15 1  5 36  1.448
  15 1  5 37  1.414
  15 1  5 38  1.409
  15 1  5 39  1.409
  15 1  6  0  1.394
  15 1  6  1  1.404
  15 1  6  2  1.408
  15 1  6  3  1.431
  15 1  6  4  1.431
  15 1  6  5  1.413
  15 1  6  6  1.419
  15 1  6  7  1.419
  15 1  6  8  1.430
  15 1  6  9  1.426
  15 1  6 10  1.416
  15 1  6 11  1.419
  15 1  6 12  1.432
  15 1  6 13  1.420
  15 1  6 14  1.448
  15 1  6 15  1.415
  15 1  6 16  1.440
  15 1  6 17  1.450
  15 1  6 18  1.428
  15 1  6 19  1.447
  15 1  6 20  1.429
  15 1  6 21  1.459
  15 1  6 22  1.430
  15 1  6 23  1.429
  15 1  6 24  1.430
  15 1  6 25  1.435
  15 1  6 26  1.435
  15 1  6 27  1.440
  15 1  6 28  1.449
  15 1  6 29  1.428
  15 1  6 30  1.431
  15 1  6 31  1.440
  15 1  6 32  1.415
  15 1  6 33  1.415
  15 1  6 34  1.418
  15 1  6 35  1.416
  15 1  6 36  1.432
  15 1  6 37  1.405
  15 1  6 38  1.441
  15 1  6 39  1.439
  15 1  7  0  1.424
  15 1  7  1  1.395
  15 1  7  2  1.405
  15 1  7  3  1.421
  15 1  7  4  1.448
  15 1  7  5  1.414
  15 1  7  6  1.393
  15 1  7  7  1.404
  15 1  7  8  1.407
  15 1  7  9  1.400
  15 1  7 10  1.448
  15 1  7 11  1.450
  15 1  7 12  1.444
  15 1  7 13  1.421
  15 1  7 14  1.451
  15 1  7 15  1.429
  15 1  7 16  1.419
  15 1  7 17  1.403
  15 1  7 18  1.411
  15 1  7 19  1.416
  15 1  7 20  1.445
  15 1  7 21  1.408
  15 1  7 22  1.410
  15 1  7 23  1.411
  15 1  7 24 999.999
  15 1  7 25  1.398
  15 1  7 26  1.401
  15 1  7 27  1.463
  15 1  7 28  1.406
  15 1  7 29  1.421
  15 1  7 30  1.413
  15 1  7 31  1.424
  15 1  7 32 999.999
  15 1  7 33  1.389
  15 1  7 34  1.407
  15 1  7 35  1.452
  15 1  7 36  1.416
  15 1  7 37  1.401
  15 1  7 38  1.430
  15 1  7 39  1.411
  15 0  0 40  1.358
  15 0  0 41  1.385
  15 0  0 42  1.390
  15 0  0 43  1.381
  15 0  0 44  1.539
  15 0  0 45  1.409
  15 0  0 46  1.391
  15 0  0 47  1.368
  15 0  0 48  1.379
  15 0  0 49  1.411
  15 0  0 50  1.391
  15 0  0 51  1.381
  15 0  0 52  1.401
  15 0  0 53  1.409
  15 0  0 54 999.999
  15 0  0 55 999.999
  15 0  0 56  1.356
  15 0  0 57  1.409
  15 0  0 58  1.401
  15 0  0 59  1.388
  15 0  0 60  1.382
  15 0  0 61  1.378
  15 0  0 62  1.396
  15 0  0 63  1.409
  15 0  0 64  1.409
  15 0  0 65  1.399
  15 0  0 66  1.420
  15 0  0 67  1.418
  15 0  0 68  1.408
  15 0  0 69  1.417
  15 0  0 70  1.407
  15 0  0 71  1.416
  15 0  0 72  1.397
  15 0  0 73  1.421
  15 0  0 74  1.420
  15 0  0 75  1.414
  15 0  0 76  1.421
  15 0  0 77  1.415
  15 0  0 78 999.999
  15 0  0 79  1.397
  15 0  1 40  1.382
  15 0  1 41  1.395
  15 0  1 42  1.387
  15 0  1 43  1.407
  15 0  1 44  1.421
  15 0  1 45  1.402
  15 0  1 46  1.411
  15 0  1 47  1.407
  15 0  1 48  1.417
  15 0  1 49  1.432
  15 0  1 50  1.423
  15 0  1 51  1.419
  15 0  1 52  1.416
  15 0  1 53  1.416
  15 0  1 54  1.418
  15 0  1 55  1.423
  15 0  1 56  1.424
  15 0  1 57  1.428
  15 0  1 58  1.412
  15 0  1 59  1.395
  15 0  1 60  1.392
  15 0  1 61  1.392
  15 0  1 62  1.390
  15 0  1 63  1.400
  15 0  1 64  1.399
  15 0  1 65  1.428
  15 0  1 66  1.404
  15 0  1 67  1.404
  15 0  1 68  1.405
  15 0  1 69  1.424
  15 0  1 70  1.406
  15 0  1 71  1.409
  15 0  1 72  1.430
  15 0  1 73  1.404
  15 0  1 74  1.399
  15 0  1 75  1.425
  15 0  1 76  1.417
  15 0  1 77  1.411
  15 0  1 78  1.430
  15 0  1 79  1.391
  15 0  2 40  1.375
  15 0  2 41  1.401
  15 0  2 42  1.399
  15 0  2 43  1.403
  15 0  2 44  1.408
  15 0  2 45  1.403
  15 0  2 46  1.417
  15 0  2 47  1.422
  15 0  2 48  1.405
  15 0  2 49  1.397
  15 0  2 50  1.410
  15 0  2 51  1.397
  15 0  2 52  1.410
  15 0  2 53  1.406
  15 0  2 54  1.411
  15 0  2 55  1.408
  15 0  2 56  1.434
  15 0  2 57  1.409
  15 0  2 58  1.429
  15 0  2 59  1.402
  15 0  2 60  1.394
  15 0  2 61  1.401
  15 0  2 62  1.389
  15 0  2 63  1.383
  15 0  2 64  1.414
  15 0  2 65  1.402
  15 0  2 66  1.404
  15 0  2 67  1.433
  15 0  2 68  1.395
  15 0  2 69  1.407
  15 0  2 70  1.396
  15 0  2 71  1.405
  15 0  2 72  1.410
  15 0  2 73  1.427
  15 0  2 74  1.390
  15 0  2 75  1.404
  15 0  2 76  1.415
  15 0  2 77  1.398
  15 0  2 78  1.426
  15 0  2 79  1.394
  15 0  3 40  1.408
  15 0  3 41  1.392
  15 0  3 42  1.407
  15 0  3 43  1.398
  15 0  3 44  1.410
  15 0  3 45  1.404
  15 0  3 46  1.398
  15 0  3 47  1.416
  15 0  3 48  1.399
  15 0  3 49  1.396
  15 0  3 50  1.390
  15 0  3 51  1.412
  15 0  3 52  1.394
  15 0  3 53  1.420
  15 0  3 54  1.413
  15 0  3 55  1.419
  15 0  3 56  1.404
  15 0  3 57  1.423
  15 0  3 58  1.415
  15 0  3 59  1.407
  15 0  3 60  1.410
  15 0  3 61  1.392
  15 0  3 62  1.414
  15 0  3 63  1.414
  15 0  3 64  1.399
  15 0  3 65  1.415
  15 0  3 66  1.405
  15 0  3 67  1.396
  15 0  3 68  1.399
  15 0  3 69  1.416
  15 0  3 70  1.413
  15 0  3 71  1.407
  15 0  3 72  1.409
  15 0  3 73  1.400
  15 0  3 74  1.401
  15 0  3 75  1.403
  15 0  3 76  1.419
  15 0  3 77  1.395
  15 0  3 78  1.397
  15 0  3 79  1.402
  15 0  4 40 999.999
  15 0  4 41  1.396
  15 0  4 42  1.413
  15 0  4 43  1.405
  15 0  4 44  1.396
  15 0  4 45  1.397
  15 0  4 46  1.392
  15 0  4 47  1.409
  15 0  4 48  1.404
  15 0  4 49  1.421
  15 0  4 50  1.402
  15 0  4 51  1.399
  15 0  4 52  1.397
  15 0  4 53  1.410
  15 0  4 54  1.400
  15 0  4 55  1.405
  15 0  4 56  1.419
  15 0  4 57  1.390
  15 0  4 58  1.411
  15 0  4 59  1.398
  15 0  4 60  1.504
  15 0  4 61  1.417
  15 0  4 62  1.407
  15 0  4 63  1.410
  15 0  4 64  1.417
  15 0  4 65  1.414
  15 0  4 66  1.419
  15 0  4 67  1.424
  15 0  4 68  1.395
  15 0  4 69  1.417
  15 0  4 70  1.410
  15 0  4 71  1.408
  15 0  4 72  1.396
  15 0  4 73  1.416
  15 0  4 74  1.409
  15 0  4 75  1.399
  15 0  4 76  1.409
  15 0  4 77  1.402
  15 0  4 78  1.416
  15 0  4 79  1.406
  15 0  5 40  1.384
  15 0  5 41  1.411
  15 0  5 42  1.401
  15 0  5 43  1.401
  15 0  5 44  1.410
  15 0  5 45  1.420
  15 0  5 46  1.420
  15 0  5 47  1.425
  15 0  5 48  1.413
  15 0  5 49  1.411
  15 0  5 50  1.399
  15 0  5 51  1.415
  15 0  5 52  1.418
  15 0  5 53  1.412
  15 0  5 54  1.405
  15 0  5 55  1.401
  15 0  5 56  1.510
  15 0  5 57  1.420
  15 0  5 58  1.400
  15 0  5 59  1.392
  15 0  5 60  1.401
  15 0  5 61  1.430
  15 0  5 62  1.406
  15 0  5 63  1.419
  15 0  5 64  1.423
  15 0  5 65  1.434
  15 0  5 66  1.406
  15 0  5 67  1.415
  15 0  5 68  1.409
  15 0  5 69  1.409
  15 0  5 70  1.419
  15 0  5 71  1.409
  15 0  5 72  1.430
  15 0  5 73  1.416
  15 0  5 74  1.411
  15 0  5 75  1.399
  15 0  5 76  1.417
  15 0  5 77  1.414
  15 0  5 78  1.416
  15 0  5 79  1.435
  15 0  6 40  1.414
  15 0  6 41  1.412
  15 0  6 42  1.405
  15 0  6 43  1.395
  15 0  6 44  1.535
  15 0  6 45  1.413
  15 0  6 46  1.410
  15 0  6 47  1.415
  15 0  6 48  1.428
  15 0  6 49  1.432
  15 0  6 50  1.435
  15 0  6 51  1.416
  15 0  6 52  1.406
  15 0  6 53  1.423
  15 0  6 54  1.410
  15 0  6 55  1.399
  15 0  6 56  1.405
  15 0  6 57  1.428
  15 0  6 58  1.411
  15 0  6 59  1.386
  15 0  6 60  1.362
  15 0  6 61  1.424
  15 0  6 62  1.425
  15 0  6 63  1.414
  15 0  6 64  1.426
  15 0  6 65  1.427
  15 0  6 66  1.415
  15 0  6 67  1.423
  15 0  6 68  1.417
  15 0  6 69  1.431
  15 0  6 70  1.427
  15 0  6 71  1.417
  15 0  6 72  1.412
  15 0  6 73  1.411
  15 0  6 74  1.421
  15 0  6 75  1.425
  15 0  6 76  1.418
  15 0  6 77  1.415
  15 0  6 78  1.427
  15 0  6 79  1.386
  15 0  7 40  1.369
  15 0  7 41  1.423
  15 0  7 42  1.429
  15 0  7 43  1.432
  15 0  7 44  1.425
  15 0  7 45  1.437
  15 0  7 46  1.426
  15 0  7 47  1.435
  15 0  7 48  1.437
  15 0  7 49  1.419
  15 0  7 50  1.445
  15 0  7 51  1.419
  15 0  7 52  1.408
  15 0  7 53  1.434
  15 0  7 54  1.419
  15 0  7 55  1.408
  15 0  7 56  1.405
  15 0  7 57  1.423
  15 0  7 58  1.418
  15 0  7 59  1.352
  15 0  7 60  1.383
  15 0  7 61 999.999
  15 0  7 62  1.427
  15 0  7 63  1.423
  15 0  7 64  1.421
  15 0  7 65  1.449
  15 0  7 66  1.434
  15 0  7 67  1.432
  15 0  7 68  1.431
  15 0  7 69  1.440
  15 0  7 70  1.435
  15 0  7 71  1.422
  15 0  7 72  1.437
  15 0  7 73  1.430
  15 0  7 74  1.418
  15 0  7 75 999.999
  15 0  7 76  1.418
  15 0  7 77  1.400
  15 0  7 78  1.417
  15 0  7 79 999.999
  15 1  0 40  1.233
  15 1  0 41  1.228
  15 1  0 42  1.207
  15 1  0 43  1.228
  15 1  0 44  1.214
  15 1  0 45  1.235
  15 1  0 46  1.248
  15 1  0 47  1.256
  15 1  0 48  1.274
  15 1  0 49  1.252
  15 1  0 50  1.216
  15 1  0 51  1.247
  15 1  0 52  1.236
  15 1  0 53  1.241
  15 1  0 54  1.274
  15 1  0 55  1.210
  15 1  0 56  1.166
  15 1  0 57  1.205
  15 1  0 58  1.085
  15 1  0 59  1.187
  15 1  0 60  1.203
  15 1  0 61  1.231
  15 1  0 62  1.236
  15 1  0 63  1.240
  15 1  0 64  1.237
  15 1  0 65  1.211
  15 1  0 66  1.227
  15 1  0 67  1.258
  15 1  0 68  1.276
  15 1  0 69  1.265
  15 1  0 70  1.224
  15 1  0 71  1.229
  15 1  0 72  1.283
  15 1  0 73  1.233
  15 1  0 74 999.999
  15 1  0 75  1.206
  15 1  0 76  1.209
  15 1  0 77  1.187
  15 1  0 78  1.184
  15 1  0 79  1.192
  15 1  1 40  1.222
  15 1  1 41  1.194
  15 1  1 42  1.238
  15 1  1 43  1.275
  15 1  1 44  1.209
  15 1  1 45  1.223
  15 1  1 46  1.237
  15 1  1 47  1.227
  15 1  1 48  1.246
  15 1  1 49  1.240
  15 1  1 50  1.247
  15 1  1 51  1.233
  15 1  1 52  1.244
  15 1  1 53  1.202
  15 1  1 54  1.234
  15 1  1 55  1.227
  15 1  1 56  1.219
  15 1  1 57  1.138
  15 1  1 58  1.186
  15 1  1 59  1.180
  15 1  1 60  1.228
  15 1  1 61  1.230
  15 1  1 62  1.218
  15 1  1 63  1.231
  15 1  1 64  1.237
  15 1  1 65  1.254
  15 1  1 66  1.208
  15 1  1 67  1.214
  15 1  1 68  1.283
  15 1  1 69  1.240
  15 1  1 70  1.268
  15 1  1 71  1.229
  15 1  1 72  1.264
  15 1  1 73  1.253
  15 1  1 74  1.253
  15 1  1 75  1.262
  15 1  1 76  1.224
  15 1  1 77  1.180
  15 1  1 78  1.221
  15 1  1 79  1.232
  15 1  2 40 999.999
  15 1  2 41  1.215
  15 1  2 42  1.265
  15 1  2 43  1.252
  15 1  2 44  1.301
  15 1  2 45  1.232
  15 1  2 46  1.281
  15 1  2 47  1.267
  15 1  2 48  1.260
  15 1  2 49  1.250
  15 1  2 50 999.999
  15 1  2 51  1.244
  15 1  2 52  1.270
  15 1  2 53  1.220
  15 1  2 54  1.250
  15 1  2 55  1.239
  15 1  2 56  1.217
  15 1  2 57  1.195
  15 1  2 58  1.160
  15 1  2 59  1.200
  15 1  2 60  1.204
  15 1  2 61  1.251
  15 1  2 62  1.192
  15 1  2 63  1.261
  15 1  2 64  1.221
  15 1  2 65  1.265
  15 1  2 66  1.249
  15 1  2 67  1.281
  15 1  2 68  1.243
  15 1  2 69  1.243
  15 1  2 70  1.230
  15 1  2 71  1.203
  15 1  2 72  1.267
  15 1  2 73  1.243
  15 1  2 74  1.246
  15 1  2 75 999.999
  15 1  2 76  1.252
  15 1  2 77  1.232
  15 1  2 78  1.215
  15 1  2 79  1.239
  15 1  3 40  1.222
  15 1  3 41  1.186
  15 1  3 42  1.226
  15 1  3 43  1.237
  15 1  3 44  1.254
  15 1  3 45  1.212
  15 1  3 46  1.261
  15 1  3 47  1.243
  15 1  3 48  1.283
  15 1  3 49  1.217
  15 1  3 50 999.999
  15 1  3 51  1.224
  15 1  3 52  1.267
  15 1  3 53  1.211
  15 1  3 54  1.252
  15 1  3 55  1.205
  15 1  3 56  1.255
  15 1  3 57  1.211
  15 1  3 58  1.212
  15 1  3 59  1.192
  15 1  3 60  1.232
  15 1  3 61  1.217
  15 1  3 62  1.208
  15 1  3 63  1.277
  15 1  3 64  1.269
  15 1  3 65  1.251
  15 1  3 66  1.226
  15 1  3 67 999.999
  15 1  3 68  1.238
  15 1  3 69  1.214
  15 1  3 70  1.223
  15 1  3 71  1.234
  15 1  3 72  1.255
  15 1  3 73  1.213
  15 1  3 74  1.275
  15 1  3 75  1.282
  15 1  3 76  1.193
  15 1  3 77  1.210
  15 1  3 78  1.199
  15 1  3 79  1.287
  15 1  4 40  1.178
  15 1  4 41  1.202
  15 1  4 42  1.207
  15 1  4 43  1.233
  15 1  4 44  1.244
  15 1  4 45  1.185
  15 1  4 46  1.244
  15 1  4 47  1.234
  15 1  4 48  1.198
  15 1  4 49  1.225
  15 1  4 50  1.256
  15 1  4 51  1.238
  15 1  4 52  1.247
  15 1  4 53  1.214
  15 1  4 54  1.204
  15 1  4 55  1.214
  15 1  4 56  1.286
  15 1  4 57  1.249
  15 1  4 58  1.219
  15 1  4 59  1.208
  15 1  4 60  1.170
  15 1  4 61  1.179
  15 1  4 62  1.200
  15 1  4 63  1.248
  15 1  4 64  1.227
  15 1  4 65  1.239
  15 1  4 66  1.249
  15 1  4 67  1.302
  15 1  4 68  1.261
  15 1  4 69  1.260
  15 1  4 70  1.243
  15 1  4 71  1.203
  15 1  4 72  1.270
  15 1  4 73  1.224
  15 1  4 74  1.225
  15 1  4 75  1.269
  15 1  4 76  1.216
  15 1  4 77  1.226
  15 1  4 78  1.217
  15 1  4 79  1.173
  15 1  5 40  1.158
  15 1  5 41  1.181
  15 1  5 42  1.202
  15 1  5 43  1.224
  15 1  5 44  1.268
  15 1  5 45  1.214
  15 1  5 46  1.233
  15 1  5 47  1.233
  15 1  5 48  1.211
  15 1  5 49  1.250
  15 1  5 50  1.258
  15 1  5 51  1.251
  15 1  5 52  1.267
  15 1  5 53  1.232
  15 1  5 54  1.226
  15 1  5 55  1.232
  15 1  5 56  1.258
  15 1  5 57  1.215
  15 1  5 58  1.216
  15 1  5 59  1.214
  15 1  5 60  1.152
  15 1  5 61  1.215
  15 1  5 62  1.212
  15 1  5 63  1.276
  15 1  5 64  1.257
  15 1  5 65  1.257
  15 1  5 66  1.235
  15 1  5 67  1.263
  15 1  5 68  1.239
  15 1  5 69  1.240
  15 1  5 70  1.238
  15 1  5 71  1.298
  15 1  5 72  1.246
  15 1  5 73  1.251
  15 1  5 74  1.231
  15 1  5 75  1.313
  15 1  5 76  1.272
  15 1  5 77  1.259
  15 1  5 78  1.219
  15 1  5 79  1.197
  15 1  6 40  1.175
  15 1  6 41  1.193
  15 1  6 42  1.234
  15 1  6 43  1.228
  15 1  6 44  1.254
  15 1  6 45  1.272
  15 1  6 46  1.218
  15 1  6 47  1.247
  15 1  6 48  1.246
  15 1  6 49  1.220
  15 1  6 50  1.241
  15 1  6 51  1.241
  15 1  6 52  1.243
  15 1  6 53  1.241
  15 1  6 54  1.214
  15 1  6 55  1.259
  15 1  6 56  1.249
  15 1  6 57  1.246
  15 1  6 58  1.196
  15 1  6 59  1.170
  15 1  6 60  1.129
  15 1  6 61  1.188
  15 1  6 62  1.202
  15 1  6 63  1.248
  15 1  6 64  1.241
  15 1  6 65  1.226
  15 1  6 66  1.224
  15 1  6 67  1.280
  15 1  6 68  1.237
  15 1  6 69  1.235
  15 1  6 70  1.247
  15 1  6 71  1.302
  15 1  6 72  1.238
  15 1  6 73  1.243
  15 1  6 74  1.212
  15 1  6 75  1.250
  15 1  6 76  1.240
  15 1  6 77  1.204
  15 1  6 78  1.234
  15 1  6 79  1.197
  15 1  7 40  1.119
  15 1  7 41  1.181
  15 1  7 42  1.210
  15 1  7 43  1.200
  15 1  7 44  1.260
  15 1  7 45  1.265
  15 1  7 46  1.236
  15 1  7 47  1.293
  15 1  7 48  1.223
  15 1  7 49  1.243
  15 1  7 50  1.223
  15 1  7 51  1.298
  15 1  7 52  1.229
  15 1  7 53  1.251
  15 1  7 54  1.236
  15 1  7 55  1.252
  15 1  7 56  1.278
  15 1  7 57  1.228
  15 1  7 58  1.226
  15 1  7 59  1.200
  15 1  7 60  1.179
  15 1  7 61  1.196
  15 1  7 62  1.252
  15 1  7 63  1.291
  15 1  7 64 999.999
  15 1  7 65  1.249
  15 1  7 66  1.254
  15 1  7 67  1.287
  15 1  7 68  1.209
  15 1  7 69  1.243
  15 1  7 70  1.302
  15 1  7 71 999.999
  15 1  7 72  1.278
  15 1  7 73  1.211
  15 1  7 74  1.270
  15 1  7 75 999.999
  15 1  7 76  1.270
  15 1  7 77  1.219
  15 1  7 78  1.282
  15 1  7 79  1.279
  21 0  0  0 13.485
  21 0  0  1 15.421
  21 0  0  2 10.328
  21 0  0  3 14.253
  21 0  0  4 11.568
  21 0  0  5 11.911
  21 0  0  6 10.651
  21 0  0  7 10.848
  21 0  0  8 10.832
  21 0  0  9 11.872
  21 0  0 10 11.871
  21 0  0 11 15.370
  21 0  0 12 11.203
  21 0  0 13 11.950
  21 0  0 14 12.972
  21 0  0 15 10.888
  21 0  0 16 16.963
  21 0  0 17 20.375
  21 0  0 18 13.835
  21 0  0 19 10.570
  21 0  0 20 12.335
  21 0  0 21 11.955
  21 0  0 22 11.550
  21 0  0 23 14.465
  21 0  0 24 12.174
  21 0  0 25 10.071
  21 0  0 26 12.704
  21 0  0 27 11.783
  21 0  0 28 12.534
  21 0  0 29 13.206
  21 0  0 30 11.759
  21 0  0 31 11.352
  21 0  0 32 13.002
  21 0  0 33  9.242
  21 0  0 34 12.044
  21 0  0 35 10.838
  21 0  0 36 11.377
  21 0  0 37 14.585
  21 0  0 38 12.793
  21 0  0 39 11.294
  21 0  1  0 13.772
  21 0  1  1 11.035
  21 0  1  2 10.158
  21 0  1  3 11.464
  21 0  1  4 13.000
  21 0  1  5 12.541
  21 0  1  6 12.872
  21 0  1  7 13.581
  21 0  1  8 10.242
  21 0  1  9 11.510
  21 0  1 10 10.614
  21 0  1 11 10.576
  21 0  1 12 12.180
  21 0  1 13 12.639
  21 0  1 14 12.450
  21 0  1 15 10.896
  21 0  1 16 13.704
  21 0  1 17 12.709
  21 0  1 18 11.131
  21 0  1 19 13.836
  21 0  1 20 11.616
  21 0  1 21 11.748
  21 0  1 22 12.122
  21 0  1 23 13.490
  21 0  1 24 11.137
  21 0  1 25  9.753
  21 0  1 26 12.030
  21 0  1 27 10.585
  21 0  1 28 13.924
  21 0  1 29 13.254
  21 0  1 30 11.328
  21 0  1 31 10.410
  21 0  1 32  9.848
  21 0  1 33 11.963
  21 0  1 34 10.408
  21 0  1 35  9.554
  21 0  1 36 999.999
  21 0  1 37 10.137
  21 0  1 38  9.050
  21 0  1 39 13.352
  21 0  2  0 12.261
  21 0  2  1 11.254
  21 0  2  2 11.511
  21 0  2  3 10.914
  21 0  2  4 11.234
  21 0  2  5 11.728
  21 0  2  6 11.852
  21 0  2  7 10.651
  21 0  2  8 10.758
  21 0  2  9 10.875
  21 0  2 10 12.099
  21 0  2 11 12.851
  21 0  2 12  9.354
  21 0  2 13 11.137
  21 0  2 14 10.212
  21 0  2 15 11.739
  21 0  2 16 11.427
  21 0  2 17 11.876
  21 0  2 18 10.273
  21 0  2 19 12.321
  21 0  2 20 12.000
  21 0  2 21 12.095
  21 0  2 22  9.770
  21 0  2 23 13.320
  21 0  2 24 10.710
  21 0  2 25 11.532
  21 0  2 26 11.639
  21 0  2 27 11.443
  21 0  2 28  9.960
  21 0  2 29 12.547
  21 0  2 30 12.567
  21 0  2 31  8.796
  21 0  2 32 12.210
  21 0  2 33 11.966
  21 0  2 34 10.602
  21 0  2 35 12.252
  21 0  2 36 11.362
  21 0  2 37 11.691
  21 0  2 38 11.043
  21 0  2 39 12.212
  21 0  3  0 10.173
  21 0  3  1  9.715
  21 0  3  2  8.261
  21 0  3  3 12.274
  21 0  3  4 11.512
  21 0  3  5 11.713
  21 0  3  6  9.718
  21 0  3  7 10.603
  21 0  3  8 13.119
  21 0  3  9 11.072
  21 0  3 10 11.992
  21 0  3 11 12.668
  21 0  3 12 13.571
  21 0  3 13 11.789
  21 0  3 14 11.959
  21 0  3 15 11.468
  21 0  3 16 10.589
  21 0  3 17 10.928
  21 0  3 18 12.602
  21 0  3 19 10.947
  21 0  3 20 10.189
  21 0  3 21 11.938
  21 0  3 22 10.552
  21 0  3 23 11.611
  21 0  3 24 13.075
  21 0  3 25 12.991
  21 0  3 26  9.796
  21 0  3 27 12.489
  21 0  3 28 13.843
  21 0  3 29 12.766
  21 0  3 30 11.372
  21 0  3 31 12.646
  21 0  3 32 14.345
  21 0  3 33 12.853
  21 0  3 34 13.678
  21 0  3 35 11.398
  21 0  3 36 13.299
  21 0  3 37 12.247
  21 0  3 38 12.588
  21 0  3 39 14.275
  21 0  4  0 13.673
  21 0  4  1 16.702
  21 0  4  2 11.152
  21 0  4  3 12.054
  21 0  4  4 10.479
  21 0  4  5 14.623
  21 0  4  6 12.704
  21 0  4  7 10.773
  21 0  4  8  9.190
  21 0  4  9 11.879
  21 0  4 10 11.095
  21 0  4 11 10.479
  21 0  4 12 11.357
  21 0  4 13 11.351
  21 0  4 14 11.879
  21 0  4 15 13.834
  21 0  4 16 10.112
  21 0  4 17 11.354
  21 0  4 18 17.420
  21 0  4 19 11.318
  21 0  4 20 10.158
  21 0  4 21 13.564
  21 0  4 22  8.992
  21 0  4 23 12.051
  21 0  4 24 11.764
  21 0  4 25  9.761
  21 0  4 26 11.332
  21 0  4 27  8.613
  21 0  4 28 13.854
  21 0  4 29 11.543
  21 0  4 30 13.381
  21 0  4 31 13.511
  21 0  4 32  9.761
  21 0  4 33 11.266
  21 0  4 34 11.670
  21 0  4 35 11.893
  21 0  4 36 12.791
  21 0  4 37 12.318
  21 0  4 38 11.963
  21 0  4 39 12.353
  21 0  5  0 16.082
  21 0  5  1  8.844
  21 0  5  2 13.107
  21 0  5  3  9.662
  21 0  5  4 14.579
  21 0  5  5 11.296
  21 0  5  6 11.718
  21 0  5  7 12.047
  21 0  5  8 11.633
  21 0  5  9 10.366
  21 0  5 10 11.938
  21 0  5 11 11.407
  21 0  5 12  9.110
  21 0  5 13 12.927
  21 0  5 14  8.945
  21 0  5 15 11.440
  21 0  5 16 12.681
  21 0  5 17 11.420
  21 0  5 18 10.701
  21 0  5 19 12.537
  21 0  5 20 10.557
  21 0  5 21 10.900
  21 0  5 22 10.610
  21 0  5 23 12.736
  21 0  5 24 10.882
  21 0  5 25 10.966
  21 0  5 26 10.684
  21 0  5 27  9.911
  21 0  5 28 10.224
  21 0  5 29 14.880
  21 0  5 30 11.262
  21 0  5 31 12.581
  21 0  5 32 12.496
  21 0  5 33 10.681
  21 0  5 34 12.522
  21 0  5 35 13.441
  21 0  5 36 14.185
  21 0  5 37 10.389
  21 0  5 38 10.477
  21 0  5 39 11.380
  21 0  6  0 12.536
  21 0  6  1  9.144
  21 0  6  2 12.735
  21 0  6  3 13.244
  21 0  6  4  9.352
  21 0  6  5 11.936
  21 0  6  6 12.575
  21 0  6  7 10.018
  21 0  6  8 11.447
  21 0  6  9 15.308
  21 0  6 10  9.399
  21 0  6 11 13.440
  21 0  6 12 11.266
  21 0  6 13 10.402
  21 0  6 14 10.415
  21 0  6 15 10.484
  21 0  6 16 12.254
  21 0  6 17 14.624
  21 0  6 18 11.016
  21 0  6 19 11.476
  21 0  6 20 11.431
  21 0  6 21 19.740
  21 0  6 22 11.027
  21 0  6 23 13.106
  21 0  6 24  8.792
  21 0  6 25 10.322
  21 0  6 26  9.889
  21 0  6 27 11.062
  21 0  6 28 10.585
  21 0  6 29 14.577
  21 0  6 30 11.232
  21 0  6 31 12.324
  21 0  6 32  8.898
  21 0  6 33 12.662
  21 0  6 34 12.054
  21 0  6 35 11.158
  21 0  6 36 12.834
  21 0  6 37 13.218
  21 0  6 38 10.356
  21 0  6 39 12.917
  21 0  7  0 13.266
  21 0  7  1  9.722
  21 0  7  2 10.621
  21 0  7  3 11.313
  21 0  7  4 13.442
  21 0  7  5 11.270
  21 0  7  6  8.334
  21 0  7  7 11.539
  21 0  7  8 10.227
  21 0  7  9 10.056
  21 0  7 10 11.954
  21 0  7 11 11.050
  21 0  7 12 10.397
  21 0  7 13 11.108
  21 0  7 14 10.541
  21 0  7 15 10.864
  21 0  7 16 12.421
  21 0  7 17 10.910
  21 0  7 18 11.293
  21 0  7 19 11.674
  21 0  7 20 10.817
  21 0  7 21 10.026
  21 0  7 22 11.778
  21 0  7 23 10.191
  21 0  7 24 11.586
  21 0  7 25  9.230
  21 0  7 26  9.098
  21 0  7 27 11.503
  21 0  7 28 12.023
  21 0  7 29 13.826
  21 0  7 30 11.044
  21 0  7 31 10.842
  21 0  7 32 12.506
  21 0  7 33 10.769
  21 0  7 34 13.393
  21 0  7 35  9.572
  21 0  7 36 13.038
  21 0  7 37 12.339
  21 0  7 38 11.512
  21 0  7 39 11.355
  21 1  0  0 10.825
  21 1  0  1 11.233
  21 1  0  2 12.689
  21 1  0  3 11.348
  21 1  0  4 12.094
  21 1  0  5 10.758
  21 1  0  6  7.506
  21 1  0  7 10.875
  21 1  0  8  9.770
  21 1  0  9 12.871
  21 1  0 10 10.293
  21 1  0 11 12.806
  21 1  0 12 10.497
  21 1  0 13 13.183
  21 1  0 14 13.061
  21 1  0 15 10.038
  21 1  0 16 13.990
  21 1  0 17 10.738
  21 1  0 18 11.991
  21 1  0 19 11.943
  21 1  0 20 11.688
  21 1  0 21 12.341
  21 1  0 22 18.419
  21 1  0 23 10.078
  21 1  0 24 10.880
  21 1  0 25 11.110
  21 1  0 26 10.645
  21 1  0 27  9.535
  21 1  0 28 11.233
  21 1  0 29 11.225
  21 1  0 30 11.342
  21 1  0 31 10.957
  21 1  0 32 11.064
  21 1  0 33 13.888
  21 1  0 34  9.519
  21 1  0 35 10.724
  21 1  0 36 10.046
  21 1  0 37 12.216
  21 1  0 38 10.826
  21 1  0 39 14.043
  21 1  1  0 12.250
  21 1  1  1  9.125
  21 1  1  2 11.341
  21 1  1  3 11.398
  21 1  1  4 12.480
  21 1  1  5 11.160
  21 1  1  6 13.370
  21 1  1  7  9.989
  21 1  1  8 10.047
  21 1  1  9 10.532
  21 1  1 10 11.428
  21 1  1 11 10.676
  21 1  1 12 10.816
  21 1  1 13 12.034
  21 1  1 14  8.950
  21 1  1 15 11.284
  21 1  1 16 10.730
  21 1  1 17 12.210
  21 1  1 18 11.277
  21 1  1 19 12.060
  21 1  1 20 12.148
  21 1  1 21 13.490
  21 1  1 22 12.635
  21 1  1 23 13.061
  21 1  1 24 11.176
  21 1  1 25 12.400
  21 1  1 26 12.010
  21 1  1 27 11.911
  21 1  1 28  9.522
  21 1  1 29 10.430
  21 1  1 30 10.078
  21 1  1 31  8.933
  21 1  1 32 11.077
  21 1  1 33 11.301
  21 1  1 34 19.218
  21 1  1 35 17.463
  21 1  1 36  9.099
  21 1  1 37 11.088
  21 1  1 38 13.013
  21 1  1 39  9.751
  21 1  2  0 12.007
  21 1  2  1 10.618
  21 1  2  2 11.700
  21 1  2  3 14.209
  21 1  2  4 10.410
  21 1  2  5  9.500
  21 1  2  6 14.707
  21 1  2  7  9.895
  21 1  2  8 11.092
  21 1  2  9  9.983
  21 1  2 10 13.555
  21 1  2 11  9.932
  21 1  2 12 14.023
  21 1  2 13 11.093
  21 1  2 14 12.001
  21 1  2 15 11.030
  21 1  2 16  9.796
  21 1  2 17 11.450
  21 1  2 18 11.761
  21 1  2 19  9.982
  21 1  2 20 12.951
  21 1  2 21 11.305
  21 1  2 22 10.913
  21 1  2 23  9.972
  21 1  2 24 10.924
  21 1  2 25 12.894
  21 1  2 26 10.864
  21 1  2 27 12.929
  21 1  2 28 11.110
  21 1  2 29  9.952
  21 1  2 30 11.698
  21 1  2 31 13.525
  21 1  2 32 13.963
  21 1  2 33 15.031
  21 1  2 34  9.761
  21 1  2 35 10.212
  21 1  2 36 13.415
  21 1  2 37 12.213
  21 1  2 38  9.958
  21 1  2 39 10.566
  21 1  3  0 13.136
  21 1  3  1 11.574
  21 1  3  2 11.318
  21 1  3  3 11.120
  21 1  3  4  9.472
  21 1  3  5 10.624
  21 1  3  6 10.601
  21 1  3  7 10.231
  21 1  3  8 10.485
  21 1  3  9 16.298
  21 1  3 10 11.702
  21 1  3 11 11.503
  21 1  3 12 14.812
  21 1  3 13 10.454
  21 1  3 14 10.881
  21 1  3 15 11.883
  21 1  3 16 11.625
  21 1  3 17 10.138
  21 1  3 18 13.371
  21 1  3 19 15.228
  21 1  3 20 11.063
  21 1  3 21 12.541
  21 1  3 22 10.058
  21 1  3 23 11.660
  21 1  3 24 11.248
  21 1  3 25 11.916
  21 1  3 26 11.872
  21 1  3 27 10.249
  21 1  3 28 11.587
  21 1  3 29 10.636
  21 1  3 30 11.311
  21 1  3 31 11.246
  21 1  3 32 11.446
  21 1  3 33 11.458
  21 1  3 34 10.349
  21 1  3 35 10.005
  21 1  3 36 14.580
  21 1  3 37 10.205
  21 1  3 38 11.307
  21 1  3 39 12.312
  21 1  4  0 11.295
  21 1  4  1 10.765
  21 1  4  2 10.745
  21 1  4  3  9.714
  21 1  4  4 13.139
  21 1  4  5 10.571
  21 1  4  6 11.142
  21 1  4  7  9.873
  21 1  4  8 12.648
  21 1  4  9 13.054
  21 1  4 10 10.974
  21 1  4 11 10.794
  21 1  4 12 10.853
  21 1  4 13 10.328
  21 1  4 14  9.704
  21 1  4 15 11.939
  21 1  4 16 16.123
  21 1  4 17 14.569
  21 1  4 18 10.923
  21 1  4 19 10.078
  21 1  4 20 14.682
  21 1  4 21 11.562
  21 1  4 22 12.315
  21 1  4 23 11.387
  21 1  4 24 10.961
  21 1  4 25 14.650
  21 1  4 26 12.905
  21 1  4 27 10.984
  21 1  4 28 10.263
  21 1  4 29 14.148
  21 1  4 30 11.628
  21 1  4 31  9.371
  21 1  4 32 11.883
  21 1  4 33  9.419
  21 1  4 34 10.286
  21 1  4 35 15.346
  21 1  4 36 13.612
  21 1  4 37 11.543
  21 1  4 38  9.620
  21 1  4 39  9.926
  21 1  5  0 11.288
  21 1  5  1 12.659
  21 1  5  2 11.810
  21 1  5  3 11.591
  21 1  5  4  9.832
  21 1  5  5 11.570
  21 1  5  6 11.347
  21 1  5  7 12.620
  21 1  5  8 13.206
  21 1  5  9 10.400
  21 1  5 10 11.457
  21 1  5 11 10.678
  21 1  5 12 11.584
  21 1  5 13  9.417
  21 1  5 14 11.658
  21 1  5 15 10.371
  21 1  5 16 13.127
  21 1  5 17 10.013
  21 1  5 18 10.988
  21 1  5 19  8.848
  21 1  5 20 14.902
  21 1  5 21 11.828
  21 1  5 22  9.677
  21 1  5 23 10.429
  21 1  5 24 17.092
  21 1  5 25 10.847
  21 1  5 26  9.360
  21 1  5 27 11.161
  21 1  5 28 10.177
  21 1  5 29 11.972
  21 1  5 30 10.143
  21 1  5 31 12.956
  21 1  5 32 10.090
  21 1  5 33 13.475
  21 1  5 34  9.995
  21 1  5 35 11.062
  21 1  5 36 10.467
  21 1  5 37  9.906
  21 1  5 38 10.911
  21 1  5 39 11.258
  21 1  6  0 12.969
  21 1  6  1 11.393
  21 1  6  2 11.622
  21 1  6  3 10.727
  21 1  6  4 10.496
  21 1  6  5 13.525
  21 1  6  6 13.159
  21 1  6  7 11.821
  21 1  6  8 12.062
  21 1  6  9 14.411
  21 1  6 10 12.594
  21 1  6 11  9.241
  21 1  6 12 13.248
  21 1  6 13 10.594
  21 1  6 14 10.512
  21 1  6 15 12.088
  21 1  6 16 14.450
  21 1  6 17  9.926
  21 1  6 18  9.806
  21 1  6 19 10.916
  21 1  6 20  9.908
  21 1  6 21 11.253
  21 1  6 22 11.491
  21 1  6 23 12.842
  21 1  6 24 11.495
  21 1  6 25 11.931
  21 1  6 26 12.468
  21 1  6 27 10.870
  21 1  6 28 10.689
  21 1  6 29 10.995
  21 1  6 30 15.869
  21 1  6 31 11.192
  21 1  6 32 14.132
  21 1  6 33 10.760
  21 1  6 34  9.867
  21 1  6 35  8.269
  21 1  6 36  9.587
  21 1  6 37  8.814
  21 1  6 38 13.463
  21 1  6 39 10.478
  21 1  7  0 11.541
  21 1  7  1 10.965
  21 1  7  2 10.498
  21 1  7  3 11.872
  21 1  7  4 10.782
  21 1  7  5 10.699
  21 1  7  6 10.369
  21 1  7  7 13.597
  21 1  7  8 11.288
  21 1  7  9 11.338
  21 1  7 10 15.994
  21 1  7 11 12.350
  21 1  7 12  8.310
  21 1  7 13 16.187
  21 1  7 14 11.384
  21 1  7 15 21.108
  21 1  7 16 13.004
  21 1  7 17 11.417
  21 1  7 18  8.520
  21 1  7 19  8.938
  21 1  7 20 12.018
  21 1  7 21  9.754
  21 1  7 22  9.226
  21 1  7 23 11.050
  21 1  7 24 11.631
  21 1  7 25 11.055
  21 1  7 26  8.988
  21 1  7 27 10.644
  21 1  7 28 12.326
  21 1  7 29 10.381
  21 1  7 30 15.371
  21 1  7 31 10.301
  21 1  7 32 10.673
  21 1  7 33 12.774
  21 1  7 34 10.588
  21 1  7 35 12.972
  21 1  7 36 13.020
  21 1  7 37 10.362
  21 1  7 38 12.634
  21 1  7 39 21.865
  21 0  0 40 13.454
  21 0  0 41 12.385
  21 0  0 42 14.645
  21 0  0 43 10.450
  21 0  0 44  5.843
  21 0  0 45 12.557
  21 0  0 46 11.072
  21 0  0 47 21.203
  21 0  0 48 12.497
  21 0  0 49 13.326
  21 0  0 50 12.500
  21 0  0 51 10.561
  21 0  0 52 10.516
  21 0  0 53 14.777
  21 0  0 54 12.601
  21 0  0 55 12.396
  21 0  0 56 10.413
  21 0  0 57 14.163
  21 0  0 58 16.146
  21 0  0 59 13.853
  21 0  0 60  8.819
  21 0  0 61 14.337
  21 0  0 62  9.794
  21 0  0 63 13.508
  21 0  0 64 18.106
  21 0  0 65 21.927
  21 0  0 66 15.059
  21 0  0 67 16.229
  21 0  0 68 13.462
  21 0  0 69 11.629
  21 0  0 70 13.338
  21 0  0 71  6.745
  21 0  0 72 13.749
  21 0  0 73 16.347
  21 0  0 74 14.383
  21 0  0 75 12.607
  21 0  0 76 12.563
  21 0  0 77 18.726
  21 0  0 78 13.572
  21 0  0 79 12.578
  21 0  1 40 12.631
  21 0  1 41 12.055
  21 0  1 42 12.588
  21 0  1 43 15.324
  21 0  1 44 16.874
  21 0  1 45  8.846
  21 0  1 46 12.785
  21 0  1 47 11.872
  21 0  1 48 17.115
  21 0  1 49 15.699
  21 0  1 50  6.522
  21 0  1 51 15.647
  21 0  1 52 12.456
  21 0  1 53  8.844
  21 0  1 54 11.352
  21 0  1 55 12.980
  21 0  1 56 15.307
  21 0  1 57 11.057
  21 0  1 58 15.042
  21 0  1 59 12.397
  21 0  1 60 19.194
  21 0  1 61 17.380
  21 0  1 62 14.428
  21 0  1 63 12.405
  21 0  1 64 10.064
  21 0  1 65  9.707
  21 0  1 66 12.509
  21 0  1 67 16.080
  21 0  1 68 13.045
  21 0  1 69 11.171
  21 0  1 70 14.564
  21 0  1 71 14.048
  21 0  1 72 16.042
  21 0  1 73 15.223
  21 0  1 74 13.050
  21 0  1 75 12.010
  21 0  1 76 12.656
  21 0  1 77 12.257
  21 0  1 78 15.188
  21 0  1 79 12.008
  21 0  2 40 13.004
  21 0  2 41 27.682
  21 0  2 42 13.922
  21 0  2 43 14.998
  21 0  2 44 11.017
  21 0  2 45 17.842
  21 0  2 46 12.533
  21 0  2 47 19.163
  21 0  2 48 13.276
  21 0  2 49 12.452
  21 0  2 50 13.278
  21 0  2 51 11.321
  21 0  2 52 11.338
  21 0  2 53 16.057
  21 0  2 54 12.388
  21 0  2 55 12.763
  21 0  2 56 12.692
  21 0  2 57 15.225
  21 0  2 58 13.634
  21 0  2 59 14.624
  21 0  2 60 16.310
  21 0  2 61  7.860
  21 0  2 62 17.652
  21 0  2 63 13.575
  21 0  2 64 13.333
  21 0  2 65 15.014
  21 0  2 66 11.480
  21 0  2 67 13.230
  21 0  2 68 14.115
  21 0  2 69 16.927
  21 0  2 70 12.408
  21 0  2 71 12.364
  21 0  2 72 15.587
  21 0  2 73 10.305
  21 0  2 74 13.070
  21 0  2 75 10.723
  21 0  2 76  8.980
  21 0  2 77 12.760
  21 0  2 78 16.910
  21 0  2 79 12.549
  21 0  3 40  9.230
  21 0  3 41 10.269
  21 0  3 42 14.082
  21 0  3 43 13.809
  21 0  3 44 17.938
  21 0  3 45 13.049
  21 0  3 46  8.948
  21 0  3 47 12.000
  21 0  3 48 10.916
  21 0  3 49 12.728
  21 0  3 50  8.687
  21 0  3 51  9.431
  21 0  3 52 10.467
  21 0  3 53 13.187
  21 0  3 54 12.867
  21 0  3 55 12.990
  21 0  3 56 10.581
  21 0  3 57 10.356
  21 0  3 58 15.032
  21 0  3 59 10.289
  21 0  3 60 15.313
  21 0  3 61 14.717
  21 0  3 62 15.498
  21 0  3 63 12.077
  21 0  3 64 24.137
  21 0  3 65 14.338
  21 0  3 66 17.478
  21 0  3 67 11.053
  21 0  3 68 13.723
  21 0  3 69 10.176
  21 0  3 70 12.998
  21 0  3 71 10.033
  21 0  3 72 19.260
  21 0  3 73  9.128
  21 0  3 74 15.784
  21 0  3 75 20.729
  21 0  3 76  6.802
  21 0  3 77 12.365
  21 0  3 78 12.524
  21 0  3 79 15.972
  21 0  4 40 13.703
  21 0  4 41 15.026
  21 0  4 42 14.462
  21 0  4 43 11.073
  21 0  4 44 17.610
  21 0  4 45 15.364
  21 0  4 46 12.282
  21 0  4 47 10.930
  21 0  4 48 14.023
  21 0  4 49  9.651
  21 0  4 50 10.291
  21 0  4 51  8.530
  21 0  4 52 11.942
  21 0  4 53 10.897
  21 0  4 54 15.114
  21 0  4 55 26.517
  21 0  4 56  8.179
  21 0  4 57 14.164
  21 0  4 58 999.999
  21 0  4 59 12.189
  21 0  4 60  7.326
  21 0  4 61 13.299
  21 0  4 62 12.538
  21 0  4 63 15.529
  21 0  4 64 14.221
  21 0  4 65 16.145
  21 0  4 66 12.840
  21 0  4 67 12.609
  21 0  4 68 18.468
  21 0  4 69 10.762
  21 0  4 70 12.443
  21 0  4 71 11.648
  21 0  4 72 10.953
  21 0  4 73 13.220
  21 0  4 74 13.784
  21 0  4 75 14.296
  21 0  4 76 11.196
  21 0  4 77 13.927
  21 0  4 78 10.271
  21 0  4 79 12.803
  21 0  5 40 13.100
  21 0  5 41 13.894
  21 0  5 42 12.729
  21 0  5 43 20.028
  21 0  5 44 10.612
  21 0  5 45 13.582
  21 0  5 46 11.765
  21 0  5 47 12.538
  21 0  5 48 16.688
  21 0  5 49 11.570
  21 0  5 50  9.236
  21 0  5 51 10.973
  21 0  5 52 13.163
  21 0  5 53 11.463
  21 0  5 54 14.552
  21 0  5 55 10.909
  21 0  5 56 13.387
  21 0  5 57 15.573
  21 0  5 58 15.194
  21 0  5 59 12.325
  21 0  5 60 13.815
  21 0  5 61 13.951
  21 0  5 62 13.159
  21 0  5 63  9.958
  21 0  5 64  7.866
  21 0  5 65 14.660
  21 0  5 66  9.475
  21 0  5 67 18.879
  21 0  5 68 14.372
  21 0  5 69 12.541
  21 0  5 70 13.155
  21 0  5 71 11.317
  21 0  5 72 12.543
  21 0  5 73 13.025
  21 0  5 74 10.182
  21 0  5 75 10.238
  21 0  5 76 11.074
  21 0  5 77 17.147
  21 0  5 78 12.217
  21 0  5 79 10.165
  21 0  6 40 13.006
  21 0  6 41 10.205
  21 0  6 42 11.972
  21 0  6 43 11.683
  21 0  6 44  9.321
  21 0  6 45 11.458
  21 0  6 46 14.576
  21 0  6 47 13.169
  21 0  6 48 17.149
  21 0  6 49 13.065
  21 0  6 50 11.587
  21 0  6 51 10.590
  21 0  6 52 14.489
  21 0  6 53 14.890
  21 0  6 54 10.002
  21 0  6 55  9.354
  21 0  6 56 12.102
  21 0  6 57 10.922
  21 0  6 58 11.080
  21 0  6 59 13.680
  21 0  6 60  7.093
  21 0  6 61 11.802
  21 0  6 62 14.879
  21 0  6 63 12.945
  21 0  6 64 16.973
  21 0  6 65 12.556
  21 0  6 66 13.515
  21 0  6 67 11.720
  21 0  6 68 12.925
  21 0  6 69 14.374
  21 0  6 70 12.830
  21 0  6 71 12.005
  21 0  6 72 11.166
  21 0  6 73 17.950
  21 0  6 74 13.377
  21 0  6 75 12.935
  21 0  6 76 13.152
  21 0  6 77 12.435
  21 0  6 78 16.724
  21 0  6 79 13.247
  21 0  7 40 14.791
  21 0  7 41 11.284
  21 0  7 42  9.951
  21 0  7 43 17.016
  21 0  7 44 11.629
  21 0  7 45 13.608
  21 0  7 46 11.665
  21 0  7 47  9.220
  21 0  7 48 19.243
  21 0  7 49 10.844
  21 0  7 50 11.037
  21 0  7 51 10.378
  21 0  7 52 14.122
  21 0  7 53  7.661
  21 0  7 54 16.640
  21 0  7 55 11.468
  21 0  7 56 17.397
  21 0  7 57 13.475
  21 0  7 58  7.791
  21 0  7 59 15.422
  21 0  7 60 12.015
  21 0  7 61 13.554
  21 0  7 62 15.087
  21 0  7 63 16.002
  21 0  7 64 13.746
  21 0  7 65 12.273
  21 0  7 66 13.044
  21 0  7 67 13.254
  21 0  7 68 11.195
  21 0  7 69 16.894
  21 0  7 70 15.416
  21 0  7 71 13.674
  21 0  7 72  5.631
  21 0  7 73 13.880
  21 0  7 74 13.203
  21 0  7 75 11.803
  21 0  7 76 11.275
  21 0  7 77 15.352
  21 0  7 78 11.357
  21 0  7 79 11.687
  21 1  0 40 12.181
  21 1  0 41 11.944
  21 1  0 42 12.162
  21 1  0 43 11.080
  21 1  0 44  9.594
  21 1  0 45 12.743
  21 1  0 46 10.728
  21 1  0 47 11.991
  21 1  0 48 11.655
  21 1  0 49  9.609
  21 1  0 50 21.289
  21 1  0 51 11.899
  21 1  0 52 13.522
  21 1  0 53 13.494
  21 1  0 54 13.100
  21 1  0 55 13.382
  21 1  0 56 14.229
  21 1  0 57  7.951
  21 1  0 58  6.153
  21 1  0 59 10.867
  21 1  0 60 10.250
  21 1  0 61 11.822
  21 1  0 62 10.735
  21 1  0 63  9.609
  21 1  0 64 11.088
  21 1  0 65 13.901
  21 1  0 66 14.209
  21 1  0 67 11.682
  21 1  0 68  9.724
  21 1  0 69 12.307
  21 1  0 70 12.343
  21 1  0 71 11.485
  21 1  0 72 13.314
  21 1  0 73 12.534
  21 1  0 74  9.622
  21 1  0 75 10.892
  21 1  0 76 11.038
  21 1  0 77 10.556
  21 1  0 78  9.526
  21 1  0 79 11.418
  21 1  1 40  9.504
  21 1  1 41 11.821
  21 1  1 42  9.849
  21 1  1 43 13.128
  21 1  1 44 10.587
  21 1  1 45 12.818
  21 1  1 46 12.312
  21 1  1 47 11.852
  21 1  1 48 10.340
  21 1  1 49 13.864
  21 1  1 50 11.686
  21 1  1 51 13.332
  21 1  1 52 14.651
  21 1  1 53 10.406
  21 1  1 54 12.210
  21 1  1 55 15.749
  21 1  1 56 13.172
  21 1  1 57 10.101
  21 1  1 58 13.413
  21 1  1 59 13.519
  21 1  1 60  8.519
  21 1  1 61  5.620
  21 1  1 62 10.278
  21 1  1 63 10.524
  21 1  1 64  9.687
  21 1  1 65 11.951
  21 1  1 66 11.801
  21 1  1 67  9.798
  21 1  1 68 10.499
  21 1  1 69 11.884
  21 1  1 70 12.188
  21 1  1 71 12.786
  21 1  1 72  8.751
  21 1  1 73 11.883
  21 1  1 74 12.359
  21 1  1 75  9.261
  21 1  1 76 10.141
  21 1  1 77  8.624
  21 1  1 78  8.364
  21 1  1 79 14.410
  21 1  2 40 11.559
  21 1  2 41 11.410
  21 1  2 42 10.292
  21 1  2 43 14.912
  21 1  2 44 10.672
  21 1  2 45 16.352
  21 1  2 46 14.586
  21 1  2 47 14.815
  21 1  2 48 15.645
  21 1  2 49 12.668
  21 1  2 50 13.474
  21 1  2 51 13.216
  21 1  2 52 10.355
  21 1  2 53 10.006
  21 1  2 54 21.457
  21 1  2 55 11.107
  21 1  2 56  9.895
  21 1  2 57 12.666
  21 1  2 58 12.327
  21 1  2 59 10.063
  21 1  2 60 12.246
  21 1  2 61  6.312
  21 1  2 62 13.925
  21 1  2 63 12.509
  21 1  2 64 12.369
  21 1  2 65 15.490
  21 1  2 66 13.505
  21 1  2 67 12.566
  21 1  2 68 11.483
  21 1  2 69  9.742
  21 1  2 70 12.576
  21 1  2 71 10.983
  21 1  2 72  9.795
  21 1  2 73 16.640
  21 1  2 74 12.781
  21 1  2 75 12.346
  21 1  2 76  7.922
  21 1  2 77 11.557
  21 1  2 78 10.227
  21 1  2 79 10.782
  21 1  3 40 11.879
  21 1  3 41 13.852
  21 1  3 42 11.010
  21 1  3 43 11.937
  21 1  3 44 12.351
  21 1  3 45 10.900
  21 1  3 46 12.954
  21 1  3 47 12.309
  21 1  3 48 11.111
  21 1  3 49 15.774
  21 1  3 50  7.052
  21 1  3 51 13.108
  21 1  3 52 11.775
  21 1  3 53 11.562
  21 1  3 54 11.770
  21 1  3 55  8.955
  21 1  3 56 16.325
  21 1  3 57 14.555
  21 1  3 58 12.065
  21 1  3 59  9.979
  21 1  3 60 16.013
  21 1  3 61 13.526
  21 1  3 62 10.370
  21 1  3 63  8.176
  21 1  3 64 15.527
  21 1  3 65 11.913
  21 1  3 66 11.979
  21 1  3 67 11.137
  21 1  3 68 11.568
  21 1  3 69 15.974
  21 1  3 70 11.383
  21 1  3 71 13.907
  21 1  3 72 12.469
  21 1  3 73 12.735
  21 1  3 74 11.587
  21 1  3 75 11.086
  21 1  3 76 11.348
  21 1  3 77 12.099
  21 1  3 78  9.951
  21 1  3 79 11.067
  21 1  4 40 10.451
  21 1  4 41 10.690
  21 1  4 42 14.572
  21 1  4 43 11.975
  21 1  4 44  9.456
  21 1  4 45 13.428
  21 1  4 46 11.100
  21 1  4 47 12.321
  21 1  4 48 12.622
  21 1  4 49  9.504
  21 1  4 50 10.130
  21 1  4 51 10.713
  21 1  4 52 12.096
  21 1  4 53 14.939
  21 1  4 54 13.238
  21 1  4 55 10.873
  21 1  4 56 10.790
  21 1  4 57 11.756
  21 1  4 58 10.428
  21 1  4 59 14.212
  21 1  4 60 14.814
  21 1  4 61 10.997
  21 1  4 62 13.027
  21 1  4 63  9.874
  21 1  4 64 11.755
  21 1  4 65 10.238
  21 1  4 66 10.179
  21 1  4 67 13.432
  21 1  4 68 10.942
  21 1  4 69  8.677
  21 1  4 70  8.622
  21 1  4 71 10.615
  21 1  4 72  7.392
  21 1  4 73 11.852
  21 1  4 74 11.446
  21 1  4 75 12.671
  21 1  4 76 10.848
  21 1  4 77 11.365
  21 1  4 78 12.479
  21 1  4 79  9.417
  21 1  5 40 10.272
  21 1  5 41  9.211
  21 1  5 42  8.789
  21 1  5 43 10.256
  21 1  5 44 10.432
  21 1  5 45 10.029
  21 1  5 46  6.577
  21 1  5 47  7.916
  21 1  5 48  9.157
  21 1  5 49  8.158
  21 1  5 50 18.697
  21 1  5 51  7.605
  21 1  5 52 15.079
  21 1  5 53 11.578
  21 1  5 54 10.829
  21 1  5 55  9.915
  21 1  5 56 999.999
  21 1  5 57 11.476
  21 1  5 58  9.250
  21 1  5 59 15.619
  21 1  5 60  9.831
  21 1  5 61  9.823
  21 1  5 62  8.171
  21 1  5 63 11.361
  21 1  5 64 10.790
  21 1  5 65  8.109
  21 1  5 66 10.106
  21 1  5 67 13.120
  21 1  5 68 14.135
  21 1  5 69 11.991
  21 1  5 70  8.440
  21 1  5 71 11.374
  21 1  5 72  8.701
  21 1  5 73 10.905
  21 1  5 74 12.507
  21 1  5 75 13.660
  21 1  5 76 12.063
  21 1  5 77  9.828
  21 1  5 78  9.597
  21 1  5 79  8.007
  21 1  6 40 10.610
  21 1  6 41 11.213
  21 1  6 42 12.813
  21 1  6 43 11.405
  21 1  6 44 999.999
  21 1  6 45 10.977
  21 1  6 46  9.637
  21 1  6 47 11.813
  21 1  6 48 15.297
  21 1  6 49 12.007
  21 1  6 50  8.593
  21 1  6 51  9.399
  21 1  6 52 11.880
  21 1  6 53 12.425
  21 1  6 54 13.717
  21 1  6 55 10.370
  21 1  6 56 14.790
  21 1  6 57 11.837
  21 1  6 58  6.472
  21 1  6 59 12.257
  21 1  6 60 10.088
  21 1  6 61 12.071
  21 1  6 62 11.696
  21 1  6 63  8.854
  21 1  6 64  7.340
  21 1  6 65 999.999
  21 1  6 66  7.988
  21 1  6 67  8.238
  21 1  6 68 11.708
  21 1  6 69  8.848
  21 1  6 70 12.977
  21 1  6 71 11.544
  21 1  6 72 12.992
  21 1  6 73 12.486
  21 1  6 74 14.870
  21 1  6 75 14.167
  21 1  6 76 12.878
  21 1  6 77  9.041
  21 1  6 78 12.682
  21 1  6 79 10.672
  21 1  7 40 10.745
  21 1  7 41 11.070
  21 1  7 42 12.316
  21 1  7 43  9.507
  21 1  7 44 10.656
  21 1  7 45  9.288
  21 1  7 46 12.751
  21 1  7 47  9.874
  21 1  7 48 11.071
  21 1  7 49 10.696
  21 1  7 50 10.776
  21 1  7 51  9.159
  21 1  7 52 11.169
  21 1  7 53 12.078
  21 1  7 54  8.481
  21 1  7 55 15.156
  21 1  7 56 12.034
  21 1  7 57 11.610
  21 1  7 58  8.206
  21 1  7 59 11.492
  21 1  7 60  9.516
  21 1  7 61 10.918
  21 1  7 62  9.627
  21 1  7 63 10.024
  21 1  7 64  8.820
  21 1  7 65 11.345
  21 1  7 66 10.081
  21 1  7 67  9.803
  21 1  7 68 14.565
  21 1  7 69 11.484
  21 1  7 70 11.305
  21 1  7 71 11.435
  21 1  7 72 11.268
  21 1  7 73 12.173
  21 1  7 74  8.581
  21 1  7 75  9.702
  21 1  7 76 12.583
  21 1  7 77 12.006
  21 1  7 78  9.236
  21 1  7 79 11.658
  16 0  0  0  2.758
  16 0  0  1  2.666
  16 0  0  2  2.733
  16 0  0  3  2.662
  16 0  0  4  2.705
  16 0  0  5  2.627
  16 0  0  6  2.675
  16 0  0  7  2.715
  16 0  0  8  2.710
  16 0  0  9  2.577
  16 0  0 10  2.661
  16 0  0 11  2.643
  16 0  0 12  2.730
  16 0  0 13  2.639
  16 0  0 14  2.640
  16 0  0 15  2.744
  16 0  0 16  2.752
  16 0  0 17  2.711
  16 0  0 18  2.610
  16 0  0 19  2.527
  16 0  0 20  2.554
  16 0  0 21  2.626
  16 0  0 22  2.711
  16 0  0 23  2.625
  16 0  1  0  2.809
  16 0  1  1  2.881
  16 0  1  2  2.850
  16 0  1  3  2.778
  16 0  1  4  2.814
  16 0  1  5  2.744
  16 0  1  6  2.838
  16 0  1  7  2.825
  16 0  1  8  2.519
  16 0  1  9  2.519
  16 0  1 10  2.473
  16 0  1 11  2.518
  16 0  1 12  2.508
  16 0  1 13  2.526
  16 0  1 14  2.571
  16 0  1 15  2.515
  16 0  1 16  2.532
  16 0  1 17  2.516
  16 0  1 18  2.534
  16 0  1 19  2.514
  16 0  1 20  2.510
  16 0  1 21  2.524
  16 0  1 22  2.502
  16 0  1 23  2.531
  16 0  1 24  2.813
  16 0  1 25  2.830
  16 0  1 26  2.853
  16 0  1 27  2.697
  16 0  1 28  2.857
  16 0  1 29  2.747
  16 0  1 30  2.775
  16 0  1 31  2.724
  16 0  2  0  2.876
  16 0  2  1  2.797
  16 0  2  2  2.903
  16 0  2  3  2.799
  16 0  2  4  2.839
  16 0  2  5  2.779
  16 0  2  6  2.813
  16 0  2  7  2.884
  16 0  2  8  2.513
  16 0  2  9  2.542
  16 0  2 10  2.540
  16 0  2 11  2.542
  16 0  2 12  2.542
  16 0  2 13  2.571
  16 0  2 14  2.540
  16 0  2 15  2.557
  16 0  2 16  2.511
  16 0  2 17  2.525
  16 0  2 18  2.534
  16 0  2 19  2.568
  16 0  2 20  2.542
  16 0  2 21  2.526
  16 0  2 22  2.538
  16 0  2 23  2.525
  16 0  2 24  2.908
  16 0  2 25  2.869
  16 0  2 26  2.798
  16 0  2 27  2.883
  16 0  2 28  2.860
  16 0  2 29  2.846
  16 0  2 30  2.926
  16 0  2 31  2.779
  16 0  3  0  2.832
  16 0  3  1  2.823
  16 0  3  2  2.940
  16 0  3  3  2.842
  16 0  3  4  2.950
  16 0  3  5  2.887
  16 0  3  6  2.914
  16 0  3  7  2.810
  16 0  3  8  2.515
  16 0  3  9  2.534
  16 0  3 10  2.535
  16 0  3 11  2.518
  16 0  3 12  2.552
  16 0  3 13  2.559
  16 0  3 14  2.560
  16 0  3 15  2.563
  16 0  3 16  2.580
  16 0  3 17  2.546
  16 0  3 18  2.544
  16 0  3 19  2.528
  16 0  3 20  2.555
  16 0  3 21  2.548
  16 0  3 22  2.544
  16 0  3 23  2.563
  16 0  3 24  2.883
  16 0  3 25  2.805
  16 0  3 26  2.913
  16 0  3 27  2.926
  16 0  3 28  2.850
  16 0  3 29  2.775
  16 0  3 30  2.921
  16 0  3 31  2.763
  16 0  4  0  2.932
  16 0  4  1  2.897
  16 0  4  2  2.868
  16 0  4  3  2.893
  16 0  4  4  2.840
  16 0  4  5  2.795
  16 0  4  6  2.902
  16 0  4  7  2.939
  16 0  4  8  2.559
  16 0  4  9  2.564
  16 0  4 10  2.544
  16 0  4 11  2.579
  16 0  4 12  2.559
  16 0  4 13  2.526
  16 0  4 14  2.534
  16 0  4 15  2.580
  16 0  4 16  2.556
  16 0  4 17  2.565
  16 0  4 18  2.561
  16 0  4 19  2.532
  16 0  4 20  2.548
  16 0  4 21  2.557
  16 0  4 22  2.554
  16 0  4 23  2.552
  16 0  4 24  2.939
  16 0  4 25  2.873
  16 0  4 26  2.888
  16 0  4 27  2.880
  16 0  4 28  2.843
  16 0  4 29  2.869
  16 0  4 30  2.918
  16 0  4 31  2.890
  16 0  5  0  2.908
  16 0  5  1  2.969
  16 0  5  2  2.911
  16 0  5  3  2.897
  16 0  5  4  2.862
  16 0  5  5  2.860
  16 0  5  6  2.880
  16 0  5  7  2.867
  16 0  5  8  2.557
  16 0  5  9  2.577
  16 0  5 10  2.548
  16 0  5 11  2.574
  16 0  5 12  2.574
  16 0  5 13  2.582
  16 0  5 14  2.573
  16 0  5 15  2.591
  16 0  5 16  2.582
  16 0  5 17  2.579
  16 0  5 18  2.551
  16 0  5 19  2.567
  16 0  5 20  2.572
  16 0  5 21  2.569
  16 0  5 22  2.569
  16 0  5 23  2.578
  16 0  5 24  2.945
  16 0  5 25  2.857
  16 0  5 26  2.811
  16 0  5 27  2.824
  16 0  5 28  2.845
  16 0  5 29  2.811
  16 0  5 30  2.886
  16 0  5 31  2.864
  16 0  6  0  2.937
  16 0  6  1  2.968
  16 0  6  2  2.946
  16 0  6  3  2.932
  16 0  6  4  2.910
  16 0  6  5  2.924
  16 0  6  6  2.914
  16 0  6  7  2.871
  16 0  6  8  2.549
  16 0  6  9  2.558
  16 0  6 10  2.544
  16 0  6 11  2.578
  16 0  6 12  2.555
  16 0  6 13  2.563
  16 0  6 14  2.547
  16 0  6 15  2.562
  16 0  6 16  2.564
  16 0  6 17  2.557
  16 0  6 18  2.546
  16 0  6 19  2.560
  16 0  6 20  2.550
  16 0  6 21  2.553
  16 0  6 22  2.558
  16 0  6 23  2.565
  16 0  6 24  2.902
  16 0  6 25  2.891
  16 0  6 26  2.901
  16 0  6 27  2.934
  16 0  6 28  2.897
  16 0  6 29  2.886
  16 0  6 30  2.946
  16 0  6 31  2.904
  16 0  7  0  2.933
  16 0  7  1  2.937
  16 0  7  2  2.962
  16 0  7  3  2.929
  16 0  7  4  2.910
  16 0  7  5  2.884
  16 0  7  6  2.929
  16 0  7  7  2.920
  16 0  7  8  2.542
  16 0  7  9  2.547
  16 0  7 10  2.543
  16 0  7 11  2.545
  16 0  7 12  2.569
  16 0  7 13  2.555
  16 0  7 14  2.547
  16 0  7 15  2.574
  16 0  7 16  2.558
  16 0  7 17  2.560
  16 0  7 18  2.556
  16 0  7 19  2.548
  16 0  7 20  2.552
  16 0  7 21  2.573
  16 0  7 22  2.555
  16 0  7 23  2.549
  16 0  7 24  2.931
  16 0  7 25  2.908
  16 0  7 26  2.900
  16 0  7 27  2.913
  16 0  7 28  2.922
  16 0  7 29  2.882
  16 0  7 30  2.969
  16 0  7 31  2.950
  16 0  8  0  2.920
  16 0  8  1  2.962
  16 0  8  2  2.936
  16 0  8  3  2.887
  16 0  8  4  2.950
  16 0  8  5  2.885
  16 0  8  6  2.907
  16 0  8  7  2.941
  16 0  8  8  2.541
  16 0  8  9  2.546
  16 0  8 10  2.574
  16 0  8 11  2.552
  16 0  8 12  2.548
  16 0  8 13  2.563
  16 0  8 14  2.545
  16 0  8 15  2.555
  16 0  8 16  2.578
  16 0  8 17  2.545
  16 0  8 18  2.528
  16 0  8 19  2.543
  16 0  8 20  2.547
  16 0  8 21  2.553
  16 0  8 22  2.566
  16 0  8 23  2.522
  16 0  8 24  2.903
  16 0  8 25  2.883
  16 0  8 26  2.889
  16 0  8 27  2.880
  16 0  8 28  2.921
  16 0  8 29  2.953
  16 0  8 30  2.968
  16 0  8 31  2.951
  16 0  9  0  2.953
  16 0  9  1  2.976
  16 0  9  2  2.938
  16 0  9  3  2.965
  16 0  9  4  2.939
  16 0  9  5  2.956
  16 0  9  6  2.928
  16 0  9  7  2.976
  16 0  9  8  2.563
  16 0  9  9  2.567
  16 0  9 10  2.564
  16 0  9 11  2.568
  16 0  9 12  2.556
  16 0  9 13  2.574
  16 0  9 14  2.590
  16 0  9 15  2.574
  16 0  9 16  2.559
  16 0  9 17  2.555
  16 0  9 18  2.528
  16 0  9 19  2.559
  16 0  9 20  2.561
  16 0  9 21  2.574
  16 0  9 22  2.570
  16 0  9 23  2.558
  16 0  9 24  2.892
  16 0  9 25  2.869
  16 0  9 26  2.877
  16 0  9 27  2.882
  16 0  9 28  2.876
  16 0  9 29  2.958
  16 0  9 30  2.973
  16 0  9 31  2.978
  16 0 10  0  2.946
  16 0 10  1  2.894
  16 0 10  2  2.876
  16 0 10  3  2.948
  16 0 10  4  2.975
  16 0 10  5  2.937
  16 0 10  6  2.944
  16 0 10  7  2.905
  16 0 10  8  2.569
  16 0 10  9  2.572
  16 0 10 10  2.594
  16 0 10 11  2.586
  16 0 10 12  2.556
  16 0 10 13  2.548
  16 0 10 14  2.554
  16 0 10 15  2.573
  16 0 10 16  2.568
  16 0 10 17  2.563
  16 0 10 18  2.578
  16 0 10 19  2.559
  16 0 10 20  2.572
  16 0 10 21  2.572
  16 0 10 22  2.586
  16 0 10 23  2.596
  16 0 10 24  2.889
  16 0 10 25  2.875
  16 0 10 26  2.919
  16 0 10 27  2.917
  16 0 10 28  2.889
  16 0 10 29  2.921
  16 0 10 30  2.946
  16 0 10 31  2.957
  16 0 11  0  2.941
  16 0 11  1  2.933
  16 0 11  2  2.938
  16 0 11  3  2.879
  16 0 11  4  2.915
  16 0 11  5  2.826
  16 0 11  6  2.934
  16 0 11  7  2.904
  16 0 11  8  2.565
  16 0 11  9  2.591
  16 0 11 10  2.591
  16 0 11 11  2.591
  16 0 11 12  2.590
  16 0 11 13  2.579
  16 0 11 14  2.590
  16 0 11 15  2.604
  16 0 11 16  2.578
  16 0 11 17  2.596
  16 0 11 18  2.587
  16 0 11 19  2.593
  16 0 11 20  2.579
  16 0 11 21  2.582
  16 0 11 22  2.567
  16 0 11 23  2.575
  16 0 11 24  2.945
  16 0 11 25  2.856
  16 0 11 26  2.940
  16 0 11 27  2.875
  16 0 11 28  2.890
  16 0 11 29  2.949
  16 0 11 30  2.979
  16 0 11 31  2.950
  16 0 12  0  2.943
  16 0 12  1  2.956
  16 0 12  2  2.947
  16 0 12  3  2.956
  16 0 12  4  2.942
  16 0 12  5  2.830
  16 0 12  6  2.918
  16 0 12  7  2.834
  16 0 12  8  2.589
  16 0 12  9  2.558
  16 0 12 10  2.584
  16 0 12 11  2.598
  16 0 12 12  2.600
  16 0 12 13  2.593
  16 0 12 14  2.582
  16 0 12 15  2.607
  16 0 12 16  2.601
  16 0 12 17  2.608
  16 0 12 18  2.611
  16 0 12 19  2.584
  16 0 12 20  2.578
  16 0 12 21  2.580
  16 0 12 22  2.568
  16 0 12 23  2.576
  16 0 12 24  2.882
  16 0 12 25  2.847
  16 0 12 26  2.907
  16 0 12 27  2.932
  16 0 12 28  2.921
  16 0 12 29  2.965
  16 0 12 30  2.914
  16 0 12 31  2.908
  16 0 13  0  2.959
  16 0 13  1  2.993
  16 0 13  2  2.987
  16 0 13  3  2.951
  16 0 13  4  2.929
  16 0 13  5  2.975
  16 0 13  6  2.933
  16 0 13  7  2.974
  16 0 13  8  2.603
  16 0 13  9  2.573
  16 0 13 10  2.581
  16 0 13 11  2.592
  16 0 13 12  2.586
  16 0 13 13  2.594
  16 0 13 14  2.573
  16 0 13 15  2.598
  16 0 13 16  2.561
  16 0 13 17  2.604
  16 0 13 18  2.582
  16 0 13 19  2.591
  16 0 13 20  2.576
  16 0 13 21  2.575
  16 0 13 22  2.597
  16 0 13 23  2.585
  16 0 13 24  2.957
  16 0 13 25  2.882
  16 0 13 26  2.935
  16 0 13 27  2.823
  16 0 13 28  2.936
  16 0 13 29  2.940
  16 0 13 30  2.986
  16 0 13 31  2.924
  16 0 14  0  2.953
  16 0 14  1  2.998
  16 0 14  2  2.974
  16 0 14  3  2.971
  16 0 14  4  2.891
  16 0 14  5  2.988
  16 0 14  6  2.920
  16 0 14  7  2.897
  16 0 14  8  2.583
  16 0 14  9  2.560
  16 0 14 10  2.566
  16 0 14 11  2.579
  16 0 14 12  2.585
  16 0 14 13  2.612
  16 0 14 14  2.602
  16 0 14 15  2.581
  16 0 14 16  2.591
  16 0 14 17  2.576
  16 0 14 18  2.566
  16 0 14 19  2.598
  16 0 14 20  2.599
  16 0 14 21  2.583
  16 0 14 22  2.562
  16 0 14 23  2.568
  16 0 14 24  2.945
  16 0 14 25  2.924
  16 0 14 26  2.919
  16 0 14 27  2.890
  16 0 14 28  2.987
  16 0 14 29  2.979
  16 0 14 30  2.950
  16 0 14 31  2.965
  16 0 15  0  2.936
  16 0 15  1  2.992
  16 0 15  2  2.977
  16 0 15  3  2.991
  16 0 15  4  2.961
  16 0 15  5  2.933
  16 0 15  6  2.954
  16 0 15  7  2.869
  16 0 15  8  2.583
  16 0 15  9  2.615
  16 0 15 10  2.598
  16 0 15 11  2.592
  16 0 15 12  2.599
  16 0 15 13  2.595
  16 0 15 14  2.610
  16 0 15 15  2.585
  16 0 15 16  2.588
  16 0 15 17  2.608
  16 0 15 18  2.598
  16 0 15 19  2.600
  16 0 15 20  2.601
  16 0 15 21  2.587
  16 0 15 22  2.576
  16 0 15 23  2.569
  16 0 15 24  2.920
  16 0 15 25  2.953
  16 0 15 26  2.886
  16 0 15 27  2.942
  16 0 15 28  2.977
  16 0 15 29  2.962
  16 0 15 30  2.952
  16 0 15 31  2.974
  16 0 16  0  2.879
  16 0 16  1  3.000
  16 0 16  2  2.965
  16 0 16  3  2.973
  16 0 16  4  2.995
  16 0 16  5  2.937
  16 0 16  6  2.978
  16 0 16  7  2.984
  16 0 16  8  2.551
  16 0 16  9  2.577
  16 0 16 10  2.598
  16 0 16 11  2.592
  16 0 16 12  2.592
  16 0 16 13  2.603
  16 0 16 14  2.569
  16 0 16 15  2.601
  16 0 16 16  2.570
  16 0 16 17  2.607
  16 0 16 18  2.620
  16 0 16 19  2.596
  16 0 16 20  2.584
  16 0 16 21  2.588
  16 0 16 22  2.570
  16 0 16 23  2.560
  16 0 16 24  2.907
  16 0 16 25  2.947
  16 0 16 26  2.948
  16 0 16 27  2.936
  16 0 16 28  2.839
  16 0 16 29  2.969
  16 0 16 30  2.984
  16 0 16 31  2.887
  16 0 17  0  2.834
  16 0 17  1  2.904
  16 0 17  2  2.846
  16 0 17  3  2.923
  16 0 17  4  2.997
  16 0 17  5  2.896
  16 0 17  6  2.989
  16 0 17  7  2.954
  16 0 17  8  2.585
  16 0 17  9  2.600
  16 0 17 10  2.607
  16 0 17 11  2.591
  16 0 17 12  2.627
  16 0 17 13  2.578
  16 0 17 14  2.618
  16 0 17 15  2.595
  16 0 17 16  2.607
  16 0 17 17  2.631
  16 0 17 18  2.609
  16 0 17 19  2.618
  16 0 17 20  2.599
  16 0 17 21  2.619
  16 0 17 22  2.592
  16 0 17 23  2.594
  16 0 17 24  2.902
  16 0 17 25  2.899
  16 0 17 26  2.928
  16 0 17 27  2.892
  16 0 17 28  2.848
  16 0 17 29  2.998
  16 0 17 30  2.946
  16 0 17 31  2.903
  16 1  0  0  2.641
  16 1  0  1  2.677
  16 1  0  2  2.758
  16 1  0  3  2.695
  16 1  0  4  2.766
  16 1  0  5  2.724
  16 1  0  6  2.772
  16 1  0  7  2.728
  16 1  0  8  2.718
  16 1  0  9  2.744
  16 1  0 10  2.710
  16 1  0 11  2.742
  16 1  0 12  2.765
  16 1  0 13  2.648
  16 1  0 14  2.773
  16 1  0 15  2.712
  16 1  0 16  2.692
  16 1  0 17  2.765
  16 1  0 18  2.768
  16 1  0 19  2.782
  16 1  0 20  2.737
  16 1  0 21  2.734
  16 1  0 22  2.800
  16 1  0 23  2.749
  16 1  1  0  2.883
  16 1  1  1  2.889
  16 1  1  2  2.878
  16 1  1  3  2.873
  16 1  1  4  2.768
  16 1  1  5  2.808
  16 1  1  6  2.828
  16 1  1  7  2.855
  16 1  1  8  2.391
  16 1  1  9  2.403
  16 1  1 10  2.401
  16 1  1 11  2.405
  16 1  1 12  2.420
  16 1  1 13  2.437
  16 1  1 14  2.402
  16 1  1 15  2.394
  16 1  1 16  2.378
  16 1  1 17  2.411
  16 1  1 18  2.439
  16 1  1 19  2.408
  16 1  1 20  2.399
  16 1  1 21  2.388
  16 1  1 22  2.412
  16 1  1 23  2.410
  16 1  1 24  2.826
  16 1  1 25  2.812
  16 1  1 26  2.776
  16 1  1 27  2.863
  16 1  1 28  2.858
  16 1  1 29  2.881
  16 1  1 30  2.854
  16 1  1 31  2.844
  16 1  2  0  2.802
  16 1  2  1  2.814
  16 1  2  2  2.782
  16 1  2  3  2.844
  16 1  2  4  2.776
  16 1  2  5  2.836
  16 1  2  6  2.800
  16 1  2  7  2.774
  16 1  2  8  2.318
  16 1  2  9  2.370
  16 1  2 10  2.409
  16 1  2 11  2.346
  16 1  2 12  2.398
  16 1  2 13  2.402
  16 1  2 14  2.385
  16 1  2 15  2.360
  16 1  2 16  2.396
  16 1  2 17  2.452
  16 1  2 18  2.476
  16 1  2 19  2.381
  16 1  2 20  2.417
  16 1  2 21  2.435
  16 1  2 22  2.414
  16 1  2 23  2.411
  16 1  2 24  2.878
  16 1  2 25  2.845
  16 1  2 26  2.849
  16 1  2 27  2.882
  16 1  2 28  2.842
  16 1  2 29  2.884
  16 1  2 30  2.882
  16 1  2 31  2.891
  16 1  3  0  2.747
  16 1  3  1  2.705
  16 1  3  2  2.843
  16 1  3  3  2.881
  16 1  3  4  2.881
  16 1  3  5  2.857
  16 1  3  6  2.834
  16 1  3  7  2.843
  16 1  3  8  2.429
  16 1  3  9  2.399
  16 1  3 10  2.426
  16 1  3 11  2.414
  16 1  3 12  2.423
  16 1  3 13  2.415
  16 1  3 14  2.422
  16 1  3 15  2.391
  16 1  3 16  2.437
  16 1  3 17  2.408
  16 1  3 18  2.422
  16 1  3 19  2.435
  16 1  3 20  2.409
  16 1  3 21  2.399
  16 1  3 22  2.387
  16 1  3 23  2.419
  16 1  3 24  2.873
  16 1  3 25  2.860
  16 1  3 26  2.836
  16 1  3 27  2.885
  16 1  3 28  2.880
  16 1  3 29  2.879
  16 1  3 30  2.904
  16 1  3 31  2.862
  16 1  4  0  2.862
  16 1  4  1  2.897
  16 1  4  2  2.924
  16 1  4  3  2.905
  16 1  4  4  2.803
  16 1  4  5  2.851
  16 1  4  6  2.845
  16 1  4  7  2.874
  16 1  4  8  2.433
  16 1  4  9  2.458
  16 1  4 10  2.450
  16 1  4 11  2.450
  16 1  4 12  2.417
  16 1  4 13  2.454
  16 1  4 14  2.440
  16 1  4 15  2.442
  16 1  4 16  2.457
  16 1  4 17  2.443
  16 1  4 18  2.460
  16 1  4 19  2.477
  16 1  4 20  2.448
  16 1  4 21  2.419
  16 1  4 22  2.405
  16 1  4 23  2.415
  16 1  4 24  2.863
  16 1  4 25  2.874
  16 1  4 26  2.860
  16 1  4 27  2.873
  16 1  4 28  2.838
  16 1  4 29  2.827
  16 1  4 30  2.900
  16 1  4 31  2.852
  16 1  5  0  2.878
  16 1  5  1  2.903
  16 1  5  2  2.846
  16 1  5  3  2.878
  16 1  5  4  2.871
  16 1  5  5  2.855
  16 1  5  6  2.848
  16 1  5  7  2.863
  16 1  5  8  2.454
  16 1  5  9  2.454
  16 1  5 10  2.438
  16 1  5 11  2.464
  16 1  5 12  2.432
  16 1  5 13  2.453
  16 1  5 14  2.435
  16 1  5 15  2.435
  16 1  5 16  2.433
  16 1  5 17  2.424
  16 1  5 18  2.437
  16 1  5 19  2.459
  16 1  5 20  2.466
  16 1  5 21  2.465
  16 1  5 22  2.443
  16 1  5 23  2.414
  16 1  5 24  2.874
  16 1  5 25  2.880
  16 1  5 26  2.899
  16 1  5 27  2.898
  16 1  5 28  2.848
  16 1  5 29  2.881
  16 1  5 30  2.904
  16 1  5 31  2.897
  16 1  6  0  2.894
  16 1  6  1  2.896
  16 1  6  2  2.918
  16 1  6  3  2.882
  16 1  6  4  2.885
  16 1  6  5  2.886
  16 1  6  6  2.865
  16 1  6  7  2.853
  16 1  6  8  2.433
  16 1  6  9  2.440
  16 1  6 10  2.430
  16 1  6 11  2.469
  16 1  6 12  2.452
  16 1  6 13  2.452
  16 1  6 14  2.436
  16 1  6 15  2.454
  16 1  6 16  2.461
  16 1  6 17  2.467
  16 1  6 18  2.437
  16 1  6 19  2.455
  16 1  6 20  2.443
  16 1  6 21  2.442
  16 1  6 22  2.413
  16 1  6 23  2.430
  16 1  6 24  2.923
  16 1  6 25  2.917
  16 1  6 26  2.898
  16 1  6 27  2.880
  16 1  6 28  2.869
  16 1  6 29  2.868
  16 1  6 30  2.912
  16 1  6 31  2.881
  16 1  7  0  2.893
  16 1  7  1  2.903
  16 1  7  2  2.873
  16 1  7  3  2.888
  16 1  7  4  2.871
  16 1  7  5  2.890
  16 1  7  6  2.881
  16 1  7  7  2.911
  16 1  7  8  2.427
  16 1  7  9  2.437
  16 1  7 10  2.461
  16 1  7 11  2.456
  16 1  7 12  2.437
  16 1  7 13  2.462
  16 1  7 14  2.466
  16 1  7 15  2.436
  16 1  7 16  2.453
  16 1  7 17  2.446
  16 1  7 18  2.452
  16 1  7 19  2.422
  16 1  7 20  2.440
  16 1  7 21  2.457
  16 1  7 22  2.441
  16 1  7 23  2.441
  16 1  7 24  2.924
  16 1  7 25  2.908
  16 1  7 26  2.799
  16 1  7 27  2.904
  16 1  7 28  2.913
  16 1  7 29  2.888
  16 1  7 30  2.911
  16 1  7 31  2.914
  16 1  8  0  2.881
  16 1  8  1  2.909
  16 1  8  2  2.901
  16 1  8  3  2.915
  16 1  8  4  2.879
  16 1  8  5  2.910
  16 1  8  6  2.922
  16 1  8  7  2.897
  16 1  8  8  2.454
  16 1  8  9  2.445
  16 1  8 10  2.472
  16 1  8 11  2.459
  16 1  8 12  2.440
  16 1  8 13  2.442
  16 1  8 14  2.469
  16 1  8 15  2.456
  16 1  8 16  2.461
  16 1  8 17  2.454
  16 1  8 18  2.444
  16 1  8 19  2.448
  16 1  8 20  2.440
  16 1  8 21  2.458
  16 1  8 22  2.478
  16 1  8 23  2.445
  16 1  8 24  2.874
  16 1  8 25  2.883
  16 1  8 26  2.837
  16 1  8 27  2.929
  16 1  8 28  2.934
  16 1  8 29  2.873
  16 1  8 30  2.903
  16 1  8 31  2.883
  16 1  9  0  2.938
  16 1  9  1  2.894
  16 1  9  2  2.881
  16 1  9  3  2.903
  16 1  9  4  2.873
  16 1  9  5  2.895
  16 1  9  6  2.908
  16 1  9  7  2.861
  16 1  9  8  2.462
  16 1  9  9  2.462
  16 1  9 10  2.458
  16 1  9 11  2.448
  16 1  9 12  2.469
  16 1  9 13  2.454
  16 1  9 14  2.467
  16 1  9 15  2.445
  16 1  9 16  2.455
  16 1  9 17  2.468
  16 1  9 18  2.460
  16 1  9 19  2.460
  16 1  9 20  2.474
  16 1  9 21 999.999
  16 1  9 22  2.455
  16 1  9 23  2.458
  16 1  9 24  2.873
  16 1  9 25  2.905
  16 1  9 26  2.895
  16 1  9 27  2.885
  16 1  9 28  2.901
  16 1  9 29  2.908
  16 1  9 30  2.911
  16 1  9 31  2.871
  16 1 10  0  2.926
  16 1 10  1  2.889
  16 1 10  2  2.868
  16 1 10  3  2.922
  16 1 10  4  2.813
  16 1 10  5  2.880
  16 1 10  6  2.888
  16 1 10  7  2.871
  16 1 10  8  2.459
  16 1 10  9  2.454
  16 1 10 10  2.429
  16 1 10 11  2.466
  16 1 10 12  2.469
  16 1 10 13  2.440
  16 1 10 14  2.445
  16 1 10 15  2.437
  16 1 10 16  2.472
  16 1 10 17  2.446
  16 1 10 18  2.443
  16 1 10 19  2.466
  16 1 10 20  2.467
  16 1 10 21  2.471
  16 1 10 22  2.474
  16 1 10 23  2.441
  16 1 10 24  2.885
  16 1 10 25  2.873
  16 1 10 26  2.926
  16 1 10 27  2.897
  16 1 10 28  2.918
  16 1 10 29  2.917
  16 1 10 30  2.907
  16 1 10 31  2.861
  16 1 11  0  2.848
  16 1 11  1  2.832
  16 1 11  2  2.838
  16 1 11  3  2.867
  16 1 11  4  2.851
  16 1 11  5  2.932
  16 1 11  6  2.875
  16 1 11  7  2.830
  16 1 11  8  2.448
  16 1 11  9  2.462
  16 1 11 10  2.478
  16 1 11 11  2.468
  16 1 11 12  2.486
  16 1 11 13  2.447
  16 1 11 14  2.437
  16 1 11 15  2.450
  16 1 11 16  2.474
  16 1 11 17  2.474
  16 1 11 18  2.445
  16 1 11 19  2.476
  16 1 11 20  2.484
  16 1 11 21  2.444
  16 1 11 22  2.475
  16 1 11 23  2.470
  16 1 11 24  2.832
  16 1 11 25  2.810
  16 1 11 26  2.873
  16 1 11 27  2.771
  16 1 11 28  2.852
  16 1 11 29  2.866
  16 1 11 30  2.912
  16 1 11 31  2.914
  16 1 12  0  2.898
  16 1 12  1  2.867
  16 1 12  2  2.867
  16 1 12  3  2.848
  16 1 12  4  2.789
  16 1 12  5  2.764
  16 1 12  6  2.839
  16 1 12  7  2.882
  16 1 12  8  2.458
  16 1 12  9  2.488
  16 1 12 10  2.468
  16 1 12 11  2.481
  16 1 12 12  2.446
  16 1 12 13  2.457
  16 1 12 14  2.459
  16 1 12 15  2.450
  16 1 12 16  2.451
  16 1 12 17  2.456
  16 1 12 18  2.463
  16 1 12 19  2.444
  16 1 12 20  2.485
  16 1 12 21  2.457
  16 1 12 22  2.472
  16 1 12 23  2.469
  16 1 12 24  2.917
  16 1 12 25  2.849
  16 1 12 26  2.899
  16 1 12 27  2.804
  16 1 12 28  2.904
  16 1 12 29  2.887
  16 1 12 30  2.890
  16 1 12 31  2.854
  16 1 13  0  2.874
  16 1 13  1  2.901
  16 1 13  2  2.915
  16 1 13  3  2.936
  16 1 13  4  2.930
  16 1 13  5  2.890
  16 1 13  6  2.910
  16 1 13  7  2.821
  16 1 13  8  2.459
  16 1 13  9  2.454
  16 1 13 10  2.427
  16 1 13 11  2.472
  16 1 13 12  2.465
  16 1 13 13  2.461
  16 1 13 14  2.451
  16 1 13 15  2.462
  16 1 13 16  2.445
  16 1 13 17  2.473
  16 1 13 18  2.467
  16 1 13 19  2.453
  16 1 13 20  2.451
  16 1 13 21  2.482
  16 1 13 22  2.468
  16 1 13 23  2.454
  16 1 13 24  2.925
  16 1 13 25  2.847
  16 1 13 26  2.858
  16 1 13 27  2.911
  16 1 13 28  2.901
  16 1 13 29  2.894
  16 1 13 30  2.924
  16 1 13 31  2.923
  16 1 14  0  2.930
  16 1 14  1  2.906
  16 1 14  2  2.928
  16 1 14  3  2.912
  16 1 14  4  2.932
  16 1 14  5  2.914
  16 1 14  6  2.925
  16 1 14  7  2.895
  16 1 14  8  2.431
  16 1 14  9  2.438
  16 1 14 10  2.448
  16 1 14 11  2.455
  16 1 14 12  2.474
  16 1 14 13  2.458
  16 1 14 14  2.422
  16 1 14 15  2.444
  16 1 14 16  2.452
  16 1 14 17  2.458
  16 1 14 18  2.459
  16 1 14 19  2.459
  16 1 14 20  2.443
  16 1 14 21  2.443
  16 1 14 22  2.447
  16 1 14 23  2.452
  16 1 14 24  2.905
  16 1 14 25  2.910
  16 1 14 26  2.929
  16 1 14 27  2.924
  16 1 14 28  2.913
  16 1 14 29  2.931
  16 1 14 30  2.905
  16 1 14 31  2.932
  16 1 15  0  2.978
  16 1 15  1  2.935
  16 1 15  2  2.959
  16 1 15  3  2.944
  16 1 15  4  2.895
  16 1 15  5  2.933
  16 1 15  6  2.904
  16 1 15  7  2.904
  16 1 15  8  2.501
  16 1 15  9  2.467
  16 1 15 10  2.472
  16 1 15 11  2.448
  16 1 15 12  2.474
  16 1 15 13  2.461
  16 1 15 14  2.457
  16 1 15 15  2.443
  16 1 15 16  2.470
  16 1 15 17  2.480
  16 1 15 18  2.471
  16 1 15 19  2.466
  16 1 15 20  2.464
  16 1 15 21  2.467
  16 1 15 22  2.497
  16 1 15 23  2.462
  16 1 15 24  2.943
  16 1 15 25  2.901
  16 1 15 26  2.804
  16 1 15 27  2.924
  16 1 15 28  2.926
  16 1 15 29  2.933
  16 1 15 30  2.939
  16 1 15 31  2.916
  16 1 16  0  2.888
  16 1 16  1  2.950
  16 1 16  2  2.895
  16 1 16  3  2.935
  16 1 16  4  2.943
  16 1 16  5  2.967
  16 1 16  6  2.925
  16 1 16  7  2.907
  16 1 16  8  2.438
  16 1 16  9  2.475
  16 1 16 10  2.474
  16 1 16 11  2.475
  16 1 16 12  2.474
  16 1 16 13  2.440
  16 1 16 14  2.459
  16 1 16 15  2.445
  16 1 16 16  2.485
  16 1 16 17  2.448
  16 1 16 18  2.495
  16 1 16 19  2.466
  16 1 16 20  2.476
  16 1 16 21  2.450
  16 1 16 22  2.473
  16 1 16 23  2.464
  16 1 16 24  2.908
  16 1 16 25  2.918
  16 1 16 26  2.956
  16 1 16 27  2.937
  16 1 16 28  2.928
  16 1 16 29  2.883
  16 1 16 30  2.945
  16 1 16 31  2.914
  16 1 17  0  2.931
  16 1 17  1  2.988
  16 1 17  2  2.962
  16 1 17  3  2.966
  16 1 17  4  2.970
  16 1 17  5  2.920
  16 1 17  6  2.966
  16 1 17  7  2.963
  16 1 17  8  2.465
  16 1 17  9  2.471
  16 1 17 10  2.466
  16 1 17 11  2.473
  16 1 17 12  2.475
  16 1 17 13  2.469
  16 1 17 14  2.426
  16 1 17 15  2.444
  16 1 17 16  2.428
  16 1 17 17  2.463
  16 1 17 18  2.474
  16 1 17 19  2.470
  16 1 17 20  2.503
  16 1 17 21  2.448
  16 1 17 22  2.478
  16 1 17 23  2.446
  16 1 17 24  2.963
  16 1 17 25  2.892
  16 1 17 26  2.954
  16 1 17 27  2.934
  16 1 17 28  2.944
  16 1 17 29  2.964
  16 1 17 30  2.929
  16 1 17 31  2.931
  14 0  0  0  2.256
  14 0  0  1  2.255
  14 0  0  2  2.229
  14 0  0  3  2.234
  14 0  0  4  2.217
  14 0  0  5  2.265
  14 0  0  6  2.293
  14 0  0  7  2.239
  14 0  0  8  2.242
  14 0  0  9  2.278
  14 0  0 10  2.266
  14 0  0 11  2.177
  14 0  0 12  2.203
  14 0  0 13  2.253
  14 0  0 14  2.235
  14 0  0 15  2.215
  14 0  0 16  2.242
  14 0  0 17  2.181
  14 0  0 18  2.207
  14 0  0 19  2.143
  14 0  0 20  2.163
  14 0  0 21  2.206
  14 0  0 22  2.147
  14 0  0 23 999.999
  14 0  1  0  2.352
  14 0  1  1  2.310
  14 0  1  2  2.389
  14 0  1  3  2.389
  14 0  1  4  2.389
  14 0  1  5  2.383
  14 0  1  6  2.332
  14 0  1  7  2.371
  14 0  1  8  2.377
  14 0  1  9 999.999
  14 0  1 10  2.353
  14 0  1 11  2.317
  14 0  1 12  2.345
  14 0  1 13  2.322
  14 0  1 14  2.338
  14 0  1 15  2.324
  14 0  1 16  2.353
  14 0  1 17  2.316
  14 0  1 18  2.331
  14 0  1 19  2.316
  14 0  1 20  2.284
  14 0  1 21  2.281
  14 0  1 22  2.293
  14 0  1 23  2.282
  14 0  2  0  2.472
  14 0  2  1  2.401
  14 0  2  2  2.399
  14 0  2  3  2.373
  14 0  2  4  2.383
  14 0  2  5  2.341
  14 0  2  6  2.362
  14 0  2  7  2.338
  14 0  2  8  2.334
  14 0  2  9  2.337
  14 0  2 10  2.336
  14 0  2 11  2.346
  14 0  2 12  2.262
  14 0  2 13  2.320
  14 0  2 14  2.358
  14 0  2 15  2.301
  14 0  2 16  2.312
  14 0  2 17  2.319
  14 0  2 18  2.266
  14 0  2 19  2.282
  14 0  2 20  2.342
  14 0  2 21  2.341
  14 0  2 22  2.327
  14 0  2 23  2.395
  14 0  3  0  2.418
  14 0  3  1  2.384
  14 0  3  2  2.396
  14 0  3  3  2.383
  14 0  3  4  2.371
  14 0  3  5  2.334
  14 0  3  6  2.329
  14 0  3  7  2.347
  14 0  3  8  2.354
  14 0  3  9  2.331
  14 0  3 10  2.357
  14 0  3 11  2.358
  14 0  3 12  2.324
  14 0  3 13  2.344
  14 0  3 14  2.354
  14 0  3 15  2.318
  14 0  3 16  2.323
  14 0  3 17  2.285
  14 0  3 18  2.347
  14 0  3 19  2.292
  14 0  3 20  2.310
  14 0  3 21  2.280
  14 0  3 22  2.298
  14 0  3 23  2.305
  14 0  4  0  2.401
  14 0  4  1  2.371
  14 0  4  2  2.377
  14 0  4  3 999.999
  14 0  4  4  2.339
  14 0  4  5  2.345
  14 0  4  6  2.357
  14 0  4  7  2.357
  14 0  4  8  2.338
  14 0  4  9  2.326
  14 0  4 10  2.326
  14 0  4 11  2.298
  14 0  4 12  2.331
  14 0  4 13  2.327
  14 0  4 14  2.349
  14 0  4 15  2.327
  14 0  4 16  2.334
  14 0  4 17  2.318
  14 0  4 18  2.319
  14 0  4 19  2.317
  14 0  4 20  2.309
  14 0  4 21  2.334
  14 0  4 22  2.316
  14 0  4 23  2.323
  14 0  5  0  2.397
  14 0  5  1  2.332
  14 0  5  2  2.376
  14 0  5  3  2.351
  14 0  5  4  2.317
  14 0  5  5  2.359
  14 0  5  6  2.300
  14 0  5  7  2.267
  14 0  5  8  2.347
  14 0  5  9  2.318
  14 0  5 10  2.333
  14 0  5 11  2.289
  14 0  5 12  2.280
  14 0  5 13  2.262
  14 0  5 14  2.320
  14 0  5 15  2.319
  14 0  5 16  2.281
  14 0  5 17  2.306
  14 0  5 18  2.320
  14 0  5 19  2.245
  14 0  5 20  2.294
  14 0  5 21  2.226
  14 0  5 22  2.324
  14 0  5 23  2.294
  14 0  6  0  2.382
  14 0  6  1  2.382
  14 0  6  2  2.344
  14 0  6  3  2.351
  14 0  6  4  2.302
  14 0  6  5  2.357
  14 0  6  6  2.325
  14 0  6  7  2.331
  14 0  6  8  2.326
  14 0  6  9  2.344
  14 0  6 10  2.338
  14 0  6 11  2.330
  14 0  6 12  2.333
  14 0  6 13  2.296
  14 0  6 14  2.308
  14 0  6 15  2.319
  14 0  6 16  2.294
  14 0  6 17  2.287
  14 0  6 18  2.263
  14 0  6 19  2.289
  14 0  6 20  2.309
  14 0  6 21  2.298
  14 0  6 22  2.275
  14 0  6 23  2.322
  14 0  7  0  2.366
  14 0  7  1  2.333
  14 0  7  2  2.327
  14 0  7  3  2.320
  14 0  7  4  2.315
  14 0  7  5  2.257
  14 0  7  6  2.299
  14 0  7  7  2.278
  14 0  7  8  2.233
  14 0  7  9  2.275
  14 0  7 10  2.270
  14 0  7 11  2.279
  14 0  7 12  2.315
  14 0  7 13  2.308
  14 0  7 14  2.265
  14 0  7 15  2.277
  14 0  7 16  2.306
  14 0  7 17  2.287
  14 0  7 18  2.312
  14 0  7 19  2.282
  14 0  7 20  2.293
  14 0  7 21  2.278
  14 0  7 22  2.272
  14 0  7 23  2.304
  14 0  8  0  2.382
  14 0  8  1  2.339
  14 0  8  2  2.332
  14 0  8  3  2.330
  14 0  8  4  2.300
  14 0  8  5  2.307
  14 0  8  6  2.321
  14 0  8  7  2.321
  14 0  8  8  2.304
  14 0  8  9 999.999
  14 0  8 10  2.305
  14 0  8 11  2.320
  14 0  8 12  2.304
  14 0  8 13  2.293
  14 0  8 14  2.281
  14 0  8 15  2.294
  14 0  8 16  2.307
  14 0  8 17  2.300
  14 0  8 18  2.308
  14 0  8 19  2.324
  14 0  8 20  2.278
  14 0  8 21  2.306
  14 0  8 22  2.261
  14 0  8 23  2.289
  14 0  9  0  2.246
  14 0  9  1  2.329
  14 0  9  2  2.315
  14 0  9  3  2.293
  14 0  9  4  2.216
  14 0  9  5  2.287
  14 0  9  6  2.299
  14 0  9  7  2.288
  14 0  9  8  2.214
  14 0  9  9  2.241
  14 0  9 10  2.248
  14 0  9 11  2.290
  14 0  9 12  2.299
  14 0  9 13  2.303
  14 0  9 14  2.262
  14 0  9 15  2.252
  14 0  9 16  2.305
  14 0  9 17  2.262
  14 0  9 18  2.267
  14 0  9 19  2.209
  14 0  9 20  2.261
  14 0  9 21  2.202
  14 0  9 22  2.204
  14 0  9 23  2.206
  14 0 10  0  2.254
  14 0 10  1  2.201
  14 0 10  2  2.212
  14 0 10  3  2.217
  14 0 10  4  2.193
  14 0 10  5  2.187
  14 0 10  6  2.185
  14 0 10  7  2.201
  14 0 10  8  2.197
  14 0 10  9  2.177
  14 0 10 10  2.194
  14 0 10 11  2.196
  14 0 10 12  2.181
  14 0 10 13  2.175
  14 0 10 14  2.184
  14 0 10 15  2.194
  14 0 10 16  2.182
  14 0 10 17  2.203
  14 0 10 18  2.167
  14 0 10 19  2.020
  14 0 10 20  2.156
  14 0 10 21  2.147
  14 0 10 22  2.098
  14 0 10 23  2.199
  14 1  0  0  2.210
  14 1  0  1  2.264
  14 1  0  2  2.301
  14 1  0  3  2.346
  14 1  0  4  2.316
  14 1  0  5  2.323
  14 1  0  6  2.318
  14 1  0  7  2.299
  14 1  0  8  2.340
  14 1  0  9  2.352
  14 1  0 10  2.352
  14 1  0 11  2.351
  14 1  0 12  2.354
  14 1  0 13  2.346
  14 1  0 14  2.356
  14 1  0 15  2.367
  14 1  0 16  2.362
  14 1  0 17  2.381
  14 1  0 18  2.385
  14 1  0 19  2.379
  14 1  0 20  2.372
  14 1  0 21  2.356
  14 1  0 22  2.355
  14 1  0 23  2.337
  14 1  1  0  2.315
  14 1  1  1  2.373
  14 1  1  2  2.331
  14 1  1  3  2.424
  14 1  1  4  2.380
  14 1  1  5  2.397
  14 1  1  6  2.380
  14 1  1  7  2.392
  14 1  1  8  2.416
  14 1  1  9  2.423
  14 1  1 10  2.383
  14 1  1 11  2.414
  14 1  1 12  2.397
  14 1  1 13  2.391
  14 1  1 14  2.393
  14 1  1 15  2.388
  14 1  1 16 999.999
  14 1  1 17  2.397
  14 1  1 18  2.372
  14 1  1 19  2.400
  14 1  1 20  2.381
  14 1  1 21  2.376
  14 1  1 22  2.364
  14 1  1 23  2.397
  14 1  2  0  2.400
  14 1  2  1  2.395
  14 1  2  2  2.404
  14 1  2  3  2.393
  14 1  2  4  2.402
  14 1  2  5  2.407
  14 1  2  6  2.405
  14 1  2  7  2.425
  14 1  2  8  2.383
  14 1  2  9  2.421
  14 1  2 10  2.410
  14 1  2 11  2.429
  14 1  2 12  2.434
  14 1  2 13  2.411
  14 1  2 14  2.428
  14 1  2 15  2.422
  14 1  2 16  2.412
  14 1  2 17  2.420
  14 1  2 18  2.394
  14 1  2 19  2.427
  14 1  2 20  2.428
  14 1  2 21  2.426
  14 1  2 22  2.429
  14 1  2 23  2.425
  14 1  3  0  2.368
  14 1  3  1  2.355
  14 1  3  2  2.370
  14 1  3  3  2.360
  14 1  3  4  2.334
  14 1  3  5  2.365
  14 1  3  6  2.346
  14 1  3  7  2.306
  14 1  3  8  2.295
  14 1  3  9  2.324
  14 1  3 10  2.294
  14 1  3 11  2.342
  14 1  3 12  2.344
  14 1  3 13  2.331
  14 1  3 14  2.345
  14 1  3 15  2.353
  14 1  3 16  2.340
  14 1  3 17  2.365
  14 1  3 18  2.366
  14 1  3 19  2.374
  14 1  3 20  2.360
  14 1  3 21  2.387
  14 1  3 22  2.419
  14 1  3 23  2.424
  14 1  4  0  2.382
  14 1  4  1  2.381
  14 1  4  2  2.376
  14 1  4  3  2.382
  14 1  4  4  2.371
  14 1  4  5  2.381
  14 1  4  6  2.386
  14 1  4  7  2.390
  14 1  4  8  2.401
  14 1  4  9  2.417
  14 1  4 10  2.396
  14 1  4 11  2.402
  14 1  4 12  2.396
  14 1  4 13  2.375
  14 1  4 14  2.389
  14 1  4 15  2.403
  14 1  4 16  2.420
  14 1  4 17  2.410
  14 1  4 18  2.410
  14 1  4 19  2.407
  14 1  4 20  2.417
  14 1  4 21  2.414
  14 1  4 22  2.413
  14 1  4 23  2.418
  14 1  5  0  2.387
  14 1  5  1  2.379
  14 1  5  2  2.368
  14 1  5  3  2.382
  14 1  5  4  2.355
  14 1  5  5  2.372
  14 1  5  6  2.396
  14 1  5  7  2.374
  14 1  5  8 999.999
  14 1  5  9  2.348
  14 1  5 10 999.999
  14 1  5 11  2.323
  14 1  5 12  2.373
  14 1  5 13 999.999
  14 1  5 14  2.292
  14 1  5 15  2.379
  14 1  5 16  2.392
  14 1  5 17  2.401
  14 1  5 18  2.368
  14 1  5 19  2.401
  14 1  5 20  2.342
  14 1  5 21  2.371
  14 1  5 22  2.356
  14 1  5 23  2.318
  14 1  6  0  2.366
  14 1  6  1  2.330
  14 1  6  2  2.328
  14 1  6  3  2.280
  14 1  6  4  2.360
  14 1  6  5  2.371
  14 1  6  6  2.370
  14 1  6  7  2.348
  14 1  6  8  2.366
  14 1  6  9  2.375
  14 1  6 10  2.364
  14 1  6 11  2.381
  14 1  6 12  2.383
  14 1  6 13  2.378
  14 1  6 14  2.376
  14 1  6 15  2.386
  14 1  6 16  2.389
  14 1  6 17  2.370
  14 1  6 18  2.385
  14 1  6 19  2.398
  14 1  6 20  2.363
  14 1  6 21  2.384
  14 1  6 22  2.372
  14 1  6 23  2.415
  14 1  7  0  2.357
  14 1  7  1  2.351
  14 1  7  2  2.332
  14 1  7  3  2.360
  14 1  7  4  2.380
  14 1  7  5  2.334
  14 1  7  6  2.383
  14 1  7  7  2.380
  14 1  7  8  2.381
  14 1  7  9  2.382
  14 1  7 10  2.364
  14 1  7 11  2.358
  14 1  7 12  2.393
  14 1  7 13 999.999
  14 1  7 14  2.382
  14 1  7 15  2.387
  14 1  7 16  2.378
  14 1  7 17  2.366
  14 1  7 18  2.368
  14 1  7 19  2.395
  14 1  7 20  2.393
  14 1  7 21  2.385
  14 1  7 22  2.392
  14 1  7 23  2.389
  14 1  8  0  2.398
  14 1  8  1  2.353
  14 1  8  2  2.342
  14 1  8  3  2.360
  14 1  8  4  2.377
  14 1  8  5  2.364
  14 1  8  6  2.366
  14 1  8  7  2.372
  14 1  8  8 999.999
  14 1  8  9  2.380
  14 1  8 10  2.375
  14 1  8 11  2.375
  14 1  8 12  2.398
  14 1  8 13  2.344
  14 1  8 14  2.379
  14 1  8 15  2.342
  14 1  8 16  2.368
  14 1  8 17  2.384
  14 1  8 18  2.386
  14 1  8 19  2.400
  14 1  8 20 999.999
  14 1  8 21  2.384
  14 1  8 22  2.371
  14 1  8 23  2.377
  14 1  9  0  2.272
  14 1  9  1  2.282
  14 1  9  2  2.313
  14 1  9  3  2.271
  14 1  9  4  2.292
  14 1  9  5  2.350
  14 1  9  6  2.229
  14 1  9  7  2.316
  14 1  9  8  2.342
  14 1  9  9  2.285
  14 1  9 10  2.341
  14 1  9 11  2.248
  14 1  9 12  2.345
  14 1  9 13  2.336
  14 1  9 14  2.323
  14 1  9 15  2.348
  14 1  9 16  2.342
  14 1  9 17  2.368
  14 1  9 18  2.368
  14 1  9 19  2.363
  14 1  9 20  2.305
  14 1  9 21  2.290
  14 1  9 22  2.361
  14 1  9 23  2.265
  14 1 10  0  2.256
  14 1 10  1  2.263
  14 1 10  2  2.270
  14 1 10  3  2.282
  14 1 10  4  2.237
  14 1 10  5  2.315
  14 1 10  6  2.275
  14 1 10  7  2.304
  14 1 10  8  2.277
  14 1 10  9  2.324
  14 1 10 10  2.287
  14 1 10 11  2.337
  14 1 10 12  2.330
  14 1 10 13  2.331
  14 1 10 14 999.999
  14 1 10 15  2.352
  14 1 10 16  2.293
  14 1 10 17  2.331
  14 1 10 18  2.295
  14 1 10 19  2.348
  14 1 10 20  2.343
  14 1 10 21  2.316
  14 1 10 22 999.999
  14 1 10 23  2.351
