21 0 0 0 25.5416
21 0 0 1 27.4299
21 0 0 2 26.3144
21 0 0 3 21.4768
21 0 0 4 21.7373
21 0 0 5 21.6185
21 0 0 6 20.6261
21 0 0 7 20.7605
21 0 0 8 20.6929
21 0 0 9 22.6241
21 0 0 10 20.488
21 0 0 11 19.5388
21 0 0 12 22.4527
21 0 0 13 27.1344
21 0 0 14 19.4856
21 0 0 15 19.4731
21 0 0 16 12.3934
21 0 0 17 18.8659
21 0 0 18 21.6226
21 0 0 19 19.2458
21 0 0 20 20.3241
21 0 0 21 21.1576
21 0 0 22 18.8377
21 0 0 23 22.797
21 0 0 24 21.0969
21 0 0 25 23.1353
21 0 0 26 20.0542
21 0 0 27 26.4368
21 0 0 28 22.1925
21 0 0 29 25.1829
21 0 0 30 20.2882
21 0 0 31 21.5679
21 0 0 32 19.8864
21 0 0 33 22.071
21 0 0 34 21.9452
21 0 0 35 24.3657
21 0 0 36 25.1887
21 0 0 37 22.4711
21 0 0 38 20.3106
21 0 0 39 21.2361
21 0 0 40 10.076
21 0 0 41 11.7115
21 0 0 42 12.4642
21 0 0 43 10.1263
21 0 0 44 10.5078
21 0 0 45 11.4625
21 0 0 46 11.1767
21 0 0 47 10.1933
21 0 0 48 12.1401
21 0 0 49 10.8059
21 0 0 50 11.3271
21 0 0 51 12.2469
21 0 0 52 12.3587
21 0 0 53 11.9364
21 0 0 54 12.4818
21 0 0 55 12.8742
21 0 0 56 12.5844
21 0 0 57 12.5738
21 0 0 58 13.4737
21 0 0 59 12.2071
21 0 0 60 10.3072
21 0 0 61 10.0504
21 0 0 62 12.1336
21 0 0 63 10.8848
21 0 0 64 10.9914
21 0 0 65 10.9926
21 0 0 66 12.8109
21 0 0 67 9.47899
21 0 0 68 12.4484
21 0 0 69 13.3075
21 0 0 70 10.7463
21 0 0 71 10.3563
21 0 0 72 10.142
21 0 0 73 9.60561
21 0 0 74 14.2531
21 0 0 75 12.6186
21 0 0 76 13.2221
21 0 0 77 11.2196
21 0 0 78 12.2023
21 0 0 79 10.2031
21 0 1 0 25.1405
21 0 1 1 22.7758
21 0 1 2 19.6845
21 0 1 3 21.8403
21 0 1 4 19.5132
21 0 1 5 18.6777
21 0 1 6 22.3294
21 0 1 7 22.8715
21 0 1 8 27.238
21 0 1 9 26.8839
21 0 1 10 25.1034
21 0 1 11 24.2385
21 0 1 12 23.5777
21 0 1 13 20.4873
21 0 1 14 20.254
21 0 1 15 24.4069
21 0 1 16 24.5814
21 0 1 17 17.7289
21 0 1 18 23.675
21 0 1 19 21.442
21 0 1 20 21.1337
21 0 1 21 24.3336
21 0 1 22 22.9183
21 0 1 23 16.987
21 0 1 24 21.1265
21 0 1 25 23.177
21 0 1 26 24.2509
21 0 1 27 22.96
21 0 1 28 25.676
21 0 1 29 23.5947
21 0 1 30 24.3399
21 0 1 31 24.8608
21 0 1 32 24.9844
21 0 1 33 19.6815
21 0 1 34 18.4146
21 0 1 35 24.4745
21 0 1 36 8.32965
21 0 1 37 25.0342
21 0 1 38 25.5233
21 0 1 39 19.433
21 0 1 40 11.9517
21 0 1 41 10.8572
21 0 1 42 10.0459
21 0 1 43 11.5267
21 0 1 44 11.5497
21 0 1 45 11.2024
21 0 1 46 10.8248
21 0 1 47 12.4389
21 0 1 48 10.5593
21 0 1 49 11.5912
21 0 1 50 10.6798
21 0 1 51 10.0698
21 0 1 52 11.4325
21 0 1 53 13.0679
21 0 1 54 13.55
21 0 1 55 9.51452
21 0 1 56 10.5215
21 0 1 57 10.5806
21 0 1 58 9.98262
21 0 1 59 10.6253
21 0 1 60 10.1832
21 0 1 61 11.5013
21 0 1 62 12.2314
21 0 1 63 12.0038
21 0 1 64 13.1349
21 0 1 65 11.6219
21 0 1 66 11.4849
21 0 1 67 9.12875
21 0 1 68 10.4838
21 0 1 69 11.6646
21 0 1 70 11.7717
21 0 1 71 10.3751
21 0 1 72 9.3411
21 0 1 73 10.7145
21 0 1 74 10.5102
21 0 1 75 9.94604
21 0 1 76 9.75182
21 0 1 77 12.3505
21 0 1 78 10.5956
21 0 1 79 13.9739
21 0 2 0 22.5537
21 0 2 1 25.3446
21 0 2 2 24.4055
21 0 2 3 24.4801
21 0 2 4 24.6238
21 0 2 5 26.1098
21 0 2 6 24.2888
21 0 2 7 26.0222
21 0 2 8 25.2436
21 0 2 9 26.3547
21 0 2 10 25.7524
21 0 2 11 24.369
21 0 2 12 23.1535
21 0 2 13 24.0742
21 0 2 14 25.6769
21 0 2 15 24.3752
21 0 2 16 26.2115
21 0 2 17 25.6349
21 0 2 18 27.5184
21 0 2 19 23.5007
21 0 2 20 21.6568
21 0 2 21 22.7949
21 0 2 22 25.5013
21 0 2 23 18.5069
21 0 2 24 27.2716
21 0 2 25 27.1369
21 0 2 26 24.4033
21 0 2 27 25.5954
21 0 2 28 21.9601
21 0 2 29 24.0189
21 0 2 30 23.9855
21 0 2 31 23.8969
21 0 2 32 25.5592
21 0 2 33 25.8155
21 0 2 34 27.0766
21 0 2 35 24.0093
21 0 2 36 21.9349
21 0 2 37 23.1499
21 0 2 38 24.5655
21 0 2 39 23.0724
21 0 2 40 13.0694
21 0 2 41 12.6888
21 0 2 42 11.1257
21 0 2 43 12.7897
21 0 2 44 12.8731
21 0 2 45 10.9544
21 0 2 46 11.923
21 0 2 47 11.0228
21 0 2 48 13.0299
21 0 2 49 13.3995
21 0 2 50 13.7927
21 0 2 51 13.2269
21 0 2 52 12.9558
21 0 2 53 12.3632
21 0 2 54 12.9314
21 0 2 55 13.137
21 0 2 56 12.1076
21 0 2 57 12.4788
21 0 2 58 12.4741
21 0 2 59 12.5727
21 0 2 60 9.85292
21 0 2 61 11.532
21 0 2 62 11.9871
21 0 2 63 10.2115
21 0 2 64 11.0864
21 0 2 65 11.6243
21 0 2 66 12.124
21 0 2 67 11.8411
21 0 2 68 14.0852
21 0 2 69 11.8147
21 0 2 70 13.1789
21 0 2 71 11.1949
21 0 2 72 11.0746
21 0 2 73 12.2364
21 0 2 74 9.69403
21 0 2 75 13.1347
21 0 2 76 11.7682
21 0 2 77 11.2149
21 0 2 78 11.5047
21 0 2 79 10.7924
21 0 3 0 23.3283
21 0 3 1 22.0297
21 0 3 2 20.7282
21 0 3 3 20.2667
21 0 3 4 21.9822
21 0 3 5 20.9493
21 0 3 6 22.7066
21 0 3 7 23.7682
21 0 3 8 20.133
21 0 3 9 22.3023
21 0 3 10 22.9728
21 0 3 11 20.391
21 0 3 12 17.83
21 0 3 13 20.8725
21 0 3 14 19.0769
21 0 3 15 19.1846
21 0 3 16 21.8727
21 0 3 17 22.9361
21 0 3 18 21.3948
21 0 3 19 20.6245
21 0 3 20 24.6059
21 0 3 21 21.5471
21 0 3 22 24.2817
21 0 3 23 24.2866
21 0 3 24 17.9453
21 0 3 25 24.1284
21 0 3 26 22.1821
21 0 3 27 23.0843
21 0 3 28 23.6856
21 0 3 29 21.7789
21 0 3 30 26.9782
21 0 3 31 26.5353
21 0 3 32 24.1917
21 0 3 33 25.2682
21 0 3 34 22.0263
21 0 3 35 26.1404
21 0 3 36 23.5004
21 0 3 37 22.0791
21 0 3 38 18.4258
21 0 3 39 18.1988
21 0 3 40 11.9654
21 0 3 41 12.0843
21 0 3 42 12.2959
21 0 3 43 12.8784
21 0 3 44 10.0383
21 0 3 45 11.1978
21 0 3 46 9.95498
21 0 3 47 10.7353
21 0 3 48 11.4722
21 0 3 49 12.3927
21 0 3 50 11.7254
21 0 3 51 11.814
21 0 3 52 12.7982
21 0 3 53 10.5675
21 0 3 54 11.3384
21 0 3 55 11.0919
21 0 3 56 10.3397
21 0 3 57 11.2862
21 0 3 58 10.6929
21 0 3 59 10.4487
21 0 3 60 10.5079
21 0 3 61 11.4868
21 0 3 62 11.558
21 0 3 63 10.7134
21 0 3 64 11.8146
21 0 3 65 10.4457
21 0 3 66 11.8468
21 0 3 67 11.0575
21 0 3 68 11.362
21 0 3 69 10.8482
21 0 3 70 11.2092
21 0 3 71 12.6793
21 0 3 72 11.7878
21 0 3 73 11.231
21 0 3 74 12.0907
21 0 3 75 11.0847
21 0 3 76 10.8991
21 0 3 77 11.1917
21 0 3 78 11.4746
21 0 3 79 11.4002
21 0 4 0 23.7978
21 0 4 1 22.5455
21 0 4 2 22.0822
21 0 4 3 21.6159
21 0 4 4 20.2139
21 0 4 5 21.8593
21 0 4 6 19.2537
21 0 4 7 19.1667
21 0 4 8 24.9564
21 0 4 9 23.7361
21 0 4 10 24.5554
21 0 4 11 26.5663
21 0 4 12 23.3681
21 0 4 13 23.6467
21 0 4 14 25.2831
21 0 4 15 23.35
21 0 4 16 24.7304
21 0 4 17 18.4685
21 0 4 18 18.7148
21 0 4 19 20.569
21 0 4 20 19.936
21 0 4 21 20.127
21 0 4 22 20.0921
21 0 4 23 19.8218
21 0 4 24 19.4263
21 0 4 25 24.096
21 0 4 26 24.1583
21 0 4 27 21.7312
21 0 4 28 25.1526
21 0 4 29 22.7359
21 0 4 30 19.0418
21 0 4 31 23.113
21 0 4 32 22.2837
21 0 4 33 20.4438
21 0 4 34 25.3498
21 0 4 35 18.5571
21 0 4 36 18.4955
21 0 4 37 20.9146
21 0 4 38 18.6166
21 0 4 39 21.334
21 0 4 40 11.9875
21 0 4 41 11.2304
21 0 4 42 10.6831
21 0 4 43 10.0869
21 0 4 44 11.3485
21 0 4 45 12.4882
21 0 4 46 12.4511
21 0 4 47 11.1432
21 0 4 48 12.5049
21 0 4 49 12.6756
21 0 4 50 11.347
21 0 4 51 11.4937
21 0 4 52 12.4274
21 0 4 53 11.5468
21 0 4 54 13.4569
21 0 4 55 10.9274
21 0 4 56 12.4325
21 0 4 57 10.522
21 0 4 58 5.10735
21 0 4 59 11.9992
21 0 4 60 11.0861
21 0 4 61 11.6919
21 0 4 62 11.4664
21 0 4 63 11.0325
21 0 4 64 11.4183
21 0 4 65 12.0316
21 0 4 66 11.7111
21 0 4 67 10.8712
21 0 4 68 10.1363
21 0 4 69 11.0581
21 0 4 70 10.9396
21 0 4 71 9.78041
21 0 4 72 11.9232
21 0 4 73 10.4204
21 0 4 74 11.3851
21 0 4 75 10.6177
21 0 4 76 13.1883
21 0 4 77 11.3651
21 0 4 78 11.6633
21 0 4 79 10.1296
21 0 5 0 21.8389
21 0 5 1 23.0657
21 0 5 2 25.0715
21 0 5 3 23.9018
21 0 5 4 23.0437
21 0 5 5 24.9579
21 0 5 6 22.4414
21 0 5 7 25.191
21 0 5 8 23.2206
21 0 5 9 25.7926
21 0 5 10 24.0247
21 0 5 11 25.0955
21 0 5 12 27.7278
21 0 5 13 25.3773
21 0 5 14 24.3577
21 0 5 15 22.36
21 0 5 16 23.3011
21 0 5 17 24.6558
21 0 5 18 26.081
21 0 5 19 19.672
21 0 5 20 21.0402
21 0 5 21 22.5858
21 0 5 22 26.4431
21 0 5 23 18.6065
21 0 5 24 20.6401
21 0 5 25 24.3575
21 0 5 26 24.7113
21 0 5 27 24.0578
21 0 5 28 26.6472
21 0 5 29 23.8913
21 0 5 30 23.7194
21 0 5 31 23.347
21 0 5 32 22.1549
21 0 5 33 20.4999
21 0 5 34 22.8779
21 0 5 35 21.7633
21 0 5 36 19.2743
21 0 5 37 20.8547
21 0 5 38 18.8409
21 0 5 39 18.3668
21 0 5 40 10.0249
21 0 5 41 10.9984
21 0 5 42 10.1921
21 0 5 43 9.85157
21 0 5 44 12.9006
21 0 5 45 10.5411
21 0 5 46 10.7931
21 0 5 47 10.8378
21 0 5 48 9.41881
21 0 5 49 9.71385
21 0 5 50 11.3272
21 0 5 51 10.9987
21 0 5 52 10.1214
21 0 5 53 11.1125
21 0 5 54 11.245
21 0 5 55 11.636
21 0 5 56 11.6583
21 0 5 57 11.8797
21 0 5 58 12.2844
21 0 5 59 12.3198
21 0 5 60 11.4911
21 0 5 61 10.8941
21 0 5 62 10.9833
21 0 5 63 9.52368
21 0 5 64 10.7963
21 0 5 65 11.8325
21 0 5 66 12.1939
21 0 5 67 13.0543
21 0 5 68 10.8329
21 0 5 69 9.02439
21 0 5 70 11.7937
21 0 5 71 11.1545
21 0 5 72 10.0909
21 0 5 73 11.5412
21 0 5 74 13.9887
21 0 5 75 13.5989
21 0 5 76 12.8155
21 0 5 77 11.2641
21 0 5 78 10.8953
21 0 5 79 11.7414
21 0 6 0 22.5102
21 0 6 1 24.3461
21 0 6 2 22.6232
21 0 6 3 22.2802
21 0 6 4 21.3001
21 0 6 5 20.8687
21 0 6 6 21.5603
21 0 6 7 20.7172
21 0 6 8 19.5876
21 0 6 9 23.3129
21 0 6 10 24.7068
21 0 6 11 22.7987
21 0 6 12 23.9404
21 0 6 13 24.1322
21 0 6 14 22.5697
21 0 6 15 24.8555
21 0 6 16 20.8873
21 0 6 17 23.2116
21 0 6 18 24.0824
21 0 6 19 21.8545
21 0 6 20 24.431
21 0 6 21 23.7718
21 0 6 22 24.6279
21 0 6 23 21.2471
21 0 6 24 21.2769
21 0 6 25 25.296
21 0 6 26 25.0025
21 0 6 27 26.4779
21 0 6 28 21.1927
21 0 6 29 23.3636
21 0 6 30 27.9581
21 0 6 31 19.6303
21 0 6 32 25.1374
21 0 6 33 24.6588
21 0 6 34 22.1413
21 0 6 35 25.2211
21 0 6 36 26.9006
21 0 6 37 24.2354
21 0 6 38 25.3062
21 0 6 39 21.5892
21 0 6 40 12.2354
21 0 6 41 13.1142
21 0 6 42 12.1115
21 0 6 43 12.844
21 0 6 44 12.7099
21 0 6 45 10.6186
21 0 6 46 10.9622
21 0 6 47 11.6113
21 0 6 48 9.92782
21 0 6 49 9.56802
21 0 6 50 9.66421
21 0 6 51 9.80672
21 0 6 52 11.5871
21 0 6 53 11.5178
21 0 6 54 11.9712
21 0 6 55 9.8661
21 0 6 56 10.7868
21 0 6 57 10.5093
21 0 6 58 10.9561
21 0 6 59 10.2754
21 0 6 60 12.0731
21 0 6 61 14.2063
21 0 6 62 11.5453
21 0 6 63 12.5835
21 0 6 64 13.7454
21 0 6 65 13.5802
21 0 6 66 12.1416
21 0 6 67 11.6103
21 0 6 68 12.1491
21 0 6 69 11.0737
21 0 6 70 11.4213
21 0 6 71 10.408
21 0 6 72 10.8663
21 0 6 73 9.61282
21 0 6 74 10.2716
21 0 6 75 12.0431
21 0 6 76 11.8488
21 0 6 77 11.0605
21 0 6 78 13.927
21 0 6 79 13.7607
21 0 7 0 22.2464
21 0 7 1 25.635
21 0 7 2 22.6148
21 0 7 3 24.8286
21 0 7 4 24.9587
21 0 7 5 23.8937
21 0 7 6 23.7361
21 0 7 7 23.44
21 0 7 8 23.6043
21 0 7 9 21.866
21 0 7 10 19.8435
21 0 7 11 23.2873
21 0 7 12 23.3722
21 0 7 13 23.0008
21 0 7 14 23.5557
21 0 7 15 24.3335
21 0 7 16 21.7774
21 0 7 17 25.1544
21 0 7 18 26.5228
21 0 7 19 24.7319
21 0 7 20 24.0895
21 0 7 21 23.3927
21 0 7 22 22.3576
21 0 7 23 25.8022
21 0 7 24 25.0588
21 0 7 25 25.2094
21 0 7 26 26.0809
21 0 7 27 23.7803
21 0 7 28 24.4794
21 0 7 29 24.2689
21 0 7 30 24.1774
21 0 7 31 21.006
21 0 7 32 27.3227
21 0 7 33 26.3621
21 0 7 34 24.4377
21 0 7 35 25.2369
21 0 7 36 20.4269
21 0 7 37 23.3554
21 0 7 38 21.9701
21 0 7 39 24.6056
21 0 7 40 11.1156
21 0 7 41 9.8224
21 0 7 42 10.9703
21 0 7 43 11.1409
21 0 7 44 11.4189
21 0 7 45 11.3592
21 0 7 46 10.755
21 0 7 47 10.5662
21 0 7 48 11.7627
21 0 7 49 10.3499
21 0 7 50 12.3986
21 0 7 51 10.9006
21 0 7 52 11.9802
21 0 7 53 11.4279
21 0 7 54 13.5515
21 0 7 55 12.5807
21 0 7 56 12.1324
21 0 7 57 11.4392
21 0 7 58 10.3051
21 0 7 59 11.9748
21 0 7 60 11.2407
21 0 7 61 13.0583
21 0 7 62 10.3501
21 0 7 63 12.1704
21 0 7 64 12.569
21 0 7 65 13.9034
21 0 7 66 12.1767
21 0 7 67 11.3199
21 0 7 68 13.3632
21 0 7 69 11.3338
21 0 7 70 12.3848
21 0 7 71 12.9677
21 0 7 72 12.182
21 0 7 73 12.3642
21 0 7 74 11.2163
21 0 7 75 13.4262
21 0 7 76 14.2647
21 0 7 77 12.6905
21 0 7 78 14.1497
21 0 7 79 13.552
21 1 0 0 18.7757
21 1 0 1 23.3671
21 1 0 2 25.6887
21 1 0 3 24.5709
21 1 0 4 25.977
21 1 0 5 26.611
21 1 0 6 24.4168
21 1 0 7 26.36
21 1 0 8 28.156
21 1 0 9 27.1867
21 1 0 10 24.8331
21 1 0 11 29.8923
21 1 0 12 26.944
21 1 0 13 27.2102
21 1 0 14 24.8669
21 1 0 15 28.6235
21 1 0 16 24.8209
21 1 0 17 25.1392
21 1 0 18 27.3132
21 1 0 19 25.0627
21 1 0 20 25.4602
21 1 0 21 26.7387
21 1 0 22 20.9269
21 1 0 23 24.8182
21 1 0 24 25.6129
21 1 0 25 29.1482
21 1 0 26 28.4558
21 1 0 27 25.3574
21 1 0 28 25.4052
21 1 0 29 23.1016
21 1 0 30 27.6522
21 1 0 31 27.6065
21 1 0 32 26.3101
21 1 0 33 26.7762
21 1 0 34 25.4134
21 1 0 35 23.1529
21 1 0 36 21.8099
21 1 0 37 23.933
21 1 0 38 23.5674
21 1 0 39 23.9815
21 1 0 40 23.5625
21 1 0 41 24.6668
21 1 0 42 24.1203
21 1 0 43 22.9214
21 1 0 44 24.4808
21 1 0 45 24.2263
21 1 0 46 24.7162
21 1 0 47 21.3642
21 1 0 48 22.3088
21 1 0 49 23.332
21 1 0 50 24.4212
21 1 0 51 26.2081
21 1 0 52 23.9212
21 1 0 53 23.9976
21 1 0 54 23.7633
21 1 0 55 26.8059
21 1 0 56 22.4727
21 1 0 57 24.4954
21 1 0 58 24.0315
21 1 0 59 23.6018
21 1 0 60 21.3735
21 1 0 61 19.5589
21 1 0 62 21.7184
21 1 0 63 17.1424
21 1 0 64 21.4318
21 1 0 65 23.7811
21 1 0 66 21.5174
21 1 0 67 25.3723
21 1 0 68 20.0841
21 1 0 69 18.8453
21 1 0 70 23.6975
21 1 0 71 22.5309
21 1 0 72 22.8485
21 1 0 73 23.2561
21 1 0 74 23.4819
21 1 0 75 19.4752
21 1 0 76 17.7517
21 1 0 77 19.7902
21 1 0 78 19.0571
21 1 0 79 21.9467
21 1 1 0 25.6261
21 1 1 1 24.2816
21 1 1 2 28.0479
21 1 1 3 25.1291
21 1 1 4 21.6511
21 1 1 5 26.4983
21 1 1 6 23.8419
21 1 1 7 25.6388
21 1 1 8 30.8492
21 1 1 9 32.7522
21 1 1 10 29.4626
21 1 1 11 27.8397
21 1 1 12 26.8336
21 1 1 13 26.3455
21 1 1 14 24.7691
21 1 1 15 28.6579
21 1 1 16 26.1772
21 1 1 17 28.3599
21 1 1 18 26.4234
21 1 1 19 28.9825
21 1 1 20 25.7402
21 1 1 21 24.4848
21 1 1 22 27.7992
21 1 1 23 21.1669
21 1 1 24 24.8274
21 1 1 25 26.7517
21 1 1 26 26.1533
21 1 1 27 28.1905
21 1 1 28 28.9086
21 1 1 29 28.7035
21 1 1 30 26.1755
21 1 1 31 26.5306
21 1 1 32 27.4254
21 1 1 33 27.2201
21 1 1 34 28.0719
21 1 1 35 26.4386
21 1 1 36 27.8644
21 1 1 37 28.2764
21 1 1 38 25.7471
21 1 1 39 25.9701
21 1 1 40 21.5145
21 1 1 41 24.4729
21 1 1 42 20.9934
21 1 1 43 19.7601
21 1 1 44 22.2197
21 1 1 45 27.328
21 1 1 46 23.9577
21 1 1 47 24.4895
21 1 1 48 27.2938
21 1 1 49 21.2584
21 1 1 50 21.2342
21 1 1 51 24.2113
21 1 1 52 21.9902
21 1 1 53 25.7637
21 1 1 54 23.0288
21 1 1 55 21.0629
21 1 1 56 21.1937
21 1 1 57 24.7064
21 1 1 58 21.8032
21 1 1 59 21.6758
21 1 1 60 24.6403
21 1 1 61 23.6737
21 1 1 62 25.8899
21 1 1 63 25.0732
21 1 1 64 25.0408
21 1 1 65 26.5778
21 1 1 66 28.1899
21 1 1 67 26.0765
21 1 1 68 23.6918
21 1 1 69 17.497
21 1 1 70 21.4417
21 1 1 71 25.9291
21 1 1 72 24.7639
21 1 1 73 25.3249
21 1 1 74 25.3524
21 1 1 75 20.2705
21 1 1 76 21.5164
21 1 1 77 20.7512
21 1 1 78 21.3171
21 1 1 79 20.5191
21 1 2 0 18.3816
21 1 2 1 27.1619
21 1 2 2 23.1246
21 1 2 3 15.8783
21 1 2 4 26.894
21 1 2 5 22.6359
21 1 2 6 21.6844
21 1 2 7 28.0273
21 1 2 8 23.0654
21 1 2 9 24.037
21 1 2 10 22.4781
21 1 2 11 26.492
21 1 2 12 17.9546
21 1 2 13 24.0786
21 1 2 14 22.8452
21 1 2 15 24.0169
21 1 2 16 21.3828
21 1 2 17 27.2586
21 1 2 18 22.1805
21 1 2 19 24.4305
21 1 2 20 24.5437
21 1 2 21 25.7055
21 1 2 22 28.2196
21 1 2 23 26.3023
21 1 2 24 24.0063
21 1 2 25 25.8392
21 1 2 26 25.8805
21 1 2 27 30.7352
21 1 2 28 25.5437
21 1 2 29 25.2603
21 1 2 30 25.82
21 1 2 31 14.7067
21 1 2 32 30.8941
21 1 2 33 25.6544
21 1 2 34 24.0953
21 1 2 35 26.0245
21 1 2 36 25.0732
21 1 2 37 20.9021
21 1 2 38 26.8654
21 1 2 39 23.9539
21 1 2 40 21.1479
21 1 2 41 25.1826
21 1 2 42 23.25
21 1 2 43 21.3278
21 1 2 44 22.8519
21 1 2 45 24.209
21 1 2 46 21.7155
21 1 2 47 19.8231
21 1 2 48 23.4198
21 1 2 49 23.4778
21 1 2 50 22.26
21 1 2 51 21.9315
21 1 2 52 23.8469
21 1 2 53 24.5374
21 1 2 54 25.1381
21 1 2 55 25.4311
21 1 2 56 23.7393
21 1 2 57 24.9058
21 1 2 58 23.3596
21 1 2 59 23.6119
21 1 2 60 27.0507
21 1 2 61 21.3961
21 1 2 62 22.4767
21 1 2 63 27.1615
21 1 2 64 23.0833
21 1 2 65 22.9803
21 1 2 66 23.2443
21 1 2 67 19.5725
21 1 2 68 21.5136
21 1 2 69 20.7362
21 1 2 70 23.5917
21 1 2 71 21.3656
21 1 2 72 25.1833
21 1 2 73 26.0543
21 1 2 74 20.7942
21 1 2 75 20.6046
21 1 2 76 29.3203
21 1 2 77 27.3724
21 1 2 78 26.7594
21 1 2 79 27.3079
21 1 3 0 20.171
21 1 3 1 25.9076
21 1 3 2 29.7265
21 1 3 3 23.5093
21 1 3 4 28.4797
21 1 3 5 23.8497
21 1 3 6 25.2315
21 1 3 7 22.4236
21 1 3 8 24.4362
21 1 3 9 22.5256
21 1 3 10 25.531
21 1 3 11 25.6477
21 1 3 12 25.5991
21 1 3 13 26.0191
21 1 3 14 26.8335
21 1 3 15 21.4109
21 1 3 16 25.1344
21 1 3 17 23.801
21 1 3 18 26.4423
21 1 3 19 24.3968
21 1 3 20 23.8354
21 1 3 21 24.2237
21 1 3 22 22.4012
21 1 3 23 23.8837
21 1 3 24 26.3081
21 1 3 25 26.7354
21 1 3 26 23.0525
21 1 3 27 26.7105
21 1 3 28 26.5533
21 1 3 29 25.8644
21 1 3 30 26.8762
21 1 3 31 28.0633
21 1 3 32 30.9012
21 1 3 33 22.075
21 1 3 34 25.5929
21 1 3 35 25.7114
21 1 3 36 18.6642
21 1 3 37 20.967
21 1 3 38 23.9825
21 1 3 39 24.1491
21 1 3 40 25.541
21 1 3 41 24.2662
21 1 3 42 22.9817
21 1 3 43 26.4227
21 1 3 44 19.474
21 1 3 45 21.1175
21 1 3 46 24.6408
21 1 3 47 23.6279
21 1 3 48 25.9777
21 1 3 49 25.9093
21 1 3 50 18.4841
21 1 3 51 20.7601
21 1 3 52 22.0504
21 1 3 53 20.6742
21 1 3 54 21.6216
21 1 3 55 27.2854
21 1 3 56 22.8488
21 1 3 57 25.3541
21 1 3 58 23.6029
21 1 3 59 20.8939
21 1 3 60 26.6066
21 1 3 61 25.7971
21 1 3 62 25.8895
21 1 3 63 27.1846
21 1 3 64 22.6158
21 1 3 65 21.2293
21 1 3 66 22.2383
21 1 3 67 18.9507
21 1 3 68 26.0926
21 1 3 69 25.8843
21 1 3 70 21.3594
21 1 3 71 22.3938
21 1 3 72 26.5762
21 1 3 73 25.5043
21 1 3 74 24.2592
21 1 3 75 26.1493
21 1 3 76 22.0929
21 1 3 77 26.9298
21 1 3 78 23.3837
21 1 3 79 23.722
21 1 4 0 24.3712
21 1 4 1 28.9437
21 1 4 2 25.0454
21 1 4 3 28.9846
21 1 4 4 30.1082
21 1 4 5 28.4946
21 1 4 6 30.434
21 1 4 7 27.664
21 1 4 8 24.828
21 1 4 9 29.2964
21 1 4 10 26.7253
21 1 4 11 23.8137
21 1 4 12 29.7996
21 1 4 13 27.8833
21 1 4 14 26.9027
21 1 4 15 29.2437
21 1 4 16 25.5782
21 1 4 17 29.3775
21 1 4 18 26.3176
21 1 4 19 28.4587
21 1 4 20 24.1086
21 1 4 21 24.0998
21 1 4 22 25.7653
21 1 4 23 28.049
21 1 4 24 22.9602
21 1 4 25 24.3899
21 1 4 26 25.3083
21 1 4 27 28.5507
21 1 4 28 25.519
21 1 4 29 24.6839
21 1 4 30 23.0052
21 1 4 31 27.4117
21 1 4 32 20.2861
21 1 4 33 24.3676
21 1 4 34 23.0468
21 1 4 35 23.8779
21 1 4 36 25.5564
21 1 4 37 22.697
21 1 4 38 24.155
21 1 4 39 26.0701
21 1 4 40 23.534
21 1 4 41 26.8374
21 1 4 42 29.4796
21 1 4 43 26.0116
21 1 4 44 26.082
21 1 4 45 27.5995
21 1 4 46 28.9656
21 1 4 47 26.4564
21 1 4 48 25.2816
21 1 4 49 24.9206
21 1 4 50 22.6273
21 1 4 51 21.0125
21 1 4 52 21.6039
21 1 4 53 20.6387
21 1 4 54 24.0267
21 1 4 55 22.4034
21 1 4 56 22.0254
21 1 4 57 21.3923
21 1 4 58 25.4585
21 1 4 59 26.0177
21 1 4 60 27.5984
21 1 4 61 25.7049
21 1 4 62 25.8106
21 1 4 63 28.8742
21 1 4 64 23.0508
21 1 4 65 32.2913
21 1 4 66 26.1177
21 1 4 67 30.0157
21 1 4 68 23.8021
21 1 4 69 25.7542
21 1 4 70 29.0532
21 1 4 71 27.382
21 1 4 72 25.1866
21 1 4 73 26.6653
21 1 4 74 30.4673
21 1 4 75 24.1742
21 1 4 76 23.6159
21 1 4 77 22.6338
21 1 4 78 20.4799
21 1 4 79 24.5956
21 1 5 0 28.1556
21 1 5 1 28.1824
21 1 5 2 29.0042
21 1 5 3 25.3366
21 1 5 4 25.3784
21 1 5 5 25.0735
21 1 5 6 25.4989
21 1 5 7 24.7228
21 1 5 8 27.1496
21 1 5 9 29.87
21 1 5 10 26.4244
21 1 5 11 30.8318
21 1 5 12 23.2434
21 1 5 13 24.5697
21 1 5 14 25.7006
21 1 5 15 30.3925
21 1 5 16 27.6078
21 1 5 17 28.3896
21 1 5 18 30.3627
21 1 5 19 25.4285
21 1 5 20 28.5654
21 1 5 21 28.6623
21 1 5 22 24.5684
21 1 5 23 29.1199
21 1 5 24 27.8529
21 1 5 25 28.9537
21 1 5 26 27.3732
21 1 5 27 30.4817
21 1 5 28 29.1583
21 1 5 29 24.5985
21 1 5 30 28.6489
21 1 5 31 29.0161
21 1 5 32 25.5178
21 1 5 33 27.0489
21 1 5 34 28.3305
21 1 5 35 23.711
21 1 5 36 25.2631
21 1 5 37 23.2137
21 1 5 38 19.0884
21 1 5 39 24.9367
21 1 5 40 25.7321
21 1 5 41 28.0472
21 1 5 42 25.2351
21 1 5 43 29.2606
21 1 5 44 28.9961
21 1 5 45 27.745
21 1 5 46 26.8395
21 1 5 47 22.9785
21 1 5 48 21.4789
21 1 5 49 26.7933
21 1 5 50 25.7192
21 1 5 51 25.5988
21 1 5 52 27.442
21 1 5 53 26.181
21 1 5 54 20.8187
21 1 5 55 24.7021
21 1 5 56 7.12377
21 1 5 57 22.6525
21 1 5 58 22.2168
21 1 5 59 23.1933
21 1 5 60 25.4548
21 1 5 61 25.8446
21 1 5 62 22.6799
21 1 5 63 24.3696
21 1 5 64 26.1117
21 1 5 65 19.8463
21 1 5 66 29.702
21 1 5 67 22.1239
21 1 5 68 22.5859
21 1 5 69 24.3884
21 1 5 70 26.8218
21 1 5 71 29.2747
21 1 5 72 28.1788
21 1 5 73 22.959
21 1 5 74 26.8559
21 1 5 75 28.0376
21 1 5 76 26.8549
21 1 5 77 25.474
21 1 5 78 26.8943
21 1 5 79 19.9266
21 1 6 0 18.8404
21 1 6 1 21.8821
21 1 6 2 17.5898
21 1 6 3 25.4899
21 1 6 4 21.5251
21 1 6 5 26.8051
21 1 6 6 25.7154
21 1 6 7 25.4422
21 1 6 8 23.2948
21 1 6 9 24.2346
21 1 6 10 25.6084
21 1 6 11 25.731
21 1 6 12 25.2816
21 1 6 13 26.4034
21 1 6 14 24.459
21 1 6 15 21.5161
21 1 6 16 26.1994
21 1 6 17 27.0397
21 1 6 18 25.6264
21 1 6 19 29.3399
21 1 6 20 31.6395
21 1 6 21 27.1234
21 1 6 22 26.3789
21 1 6 23 28.01
21 1 6 24 23.4748
21 1 6 25 22.1737
21 1 6 26 23.1587
21 1 6 27 23.39
21 1 6 28 23.927
21 1 6 29 26.2899
21 1 6 30 25.2123
21 1 6 31 23.5944
21 1 6 32 25.3728
21 1 6 33 25.1809
21 1 6 34 26.4495
21 1 6 35 25.2568
21 1 6 36 27.655
21 1 6 37 25.8025
21 1 6 38 23.9738
21 1 6 39 28.9392
21 1 6 40 23.438
21 1 6 41 26.1714
21 1 6 42 26.9875
21 1 6 43 25.7453
21 1 6 44 25.5676
21 1 6 45 25.1851
21 1 6 46 25.0027
21 1 6 47 14.6289
21 1 6 48 24.5699
21 1 6 49 25.8526
21 1 6 50 24.4793
21 1 6 51 25.174
21 1 6 52 23.281
21 1 6 53 21.4757
21 1 6 54 25.6187
21 1 6 55 23.1475
21 1 6 56 25.3524
21 1 6 57 23.6466
21 1 6 58 25.6065
21 1 6 59 22.8256
21 1 6 60 27.7697
21 1 6 61 28.2203
21 1 6 62 26.4013
21 1 6 63 22.6502
21 1 6 64 24.4951
21 1 6 65 25.5371
21 1 6 66 23.7911
21 1 6 67 25.2282
21 1 6 68 29.3949
21 1 6 69 30.2198
21 1 6 70 30.1201
21 1 6 71 24.9878
21 1 6 72 25.0013
21 1 6 73 23.5643
21 1 6 74 22.4155
21 1 6 75 25.1494
21 1 6 76 23.4461
21 1 6 77 20.9984
21 1 6 78 20.9065
21 1 6 79 23.2533
21 1 7 0 25.7518
21 1 7 1 24.1658
21 1 7 2 26.41
21 1 7 3 23.9028
21 1 7 4 22.2196
21 1 7 5 27.3579
21 1 7 6 24.4151
21 1 7 7 27.2838
21 1 7 8 23.5983
21 1 7 9 25.0007
21 1 7 10 24.8789
21 1 7 11 20.8752
21 1 7 12 25.3531
21 1 7 13 25.0369
21 1 7 14 20.8609
21 1 7 15 25.7069
21 1 7 16 29.2727
21 1 7 17 27.9829
21 1 7 18 28.3763
21 1 7 19 22.0617
21 1 7 20 27.9947
21 1 7 21 24.9272
21 1 7 22 29.3988
21 1 7 23 30.3205
21 1 7 24 24.6174
21 1 7 25 22.9975
21 1 7 26 22.693
21 1 7 27 23.4456
21 1 7 28 26.4276
21 1 7 29 24.3432
21 1 7 30 24.8769
21 1 7 31 23.205
21 1 7 32 26.1929
21 1 7 33 23.9249
21 1 7 34 26.1152
21 1 7 35 25.0408
21 1 7 36 22.7796
21 1 7 37 24.7118
21 1 7 38 22.0187
21 1 7 39 21.6283
21 1 7 40 25.0335
21 1 7 41 26.2063
21 1 7 42 20.9108
21 1 7 43 22.1814
21 1 7 44 23.1936
21 1 7 45 17.4996
21 1 7 46 20.2711
21 1 7 47 19.5443
21 1 7 48 24.9489
21 1 7 49 26.0996
21 1 7 50 22.971
21 1 7 51 25.4711
21 1 7 52 26.1223
21 1 7 53 25.8845
21 1 7 54 25.8572
21 1 7 55 21.4778
21 1 7 56 18.3667
21 1 7 57 23.3075
21 1 7 58 23.5543
21 1 7 59 24.4177
21 1 7 60 25.5182
21 1 7 61 28.1648
21 1 7 62 25.7643
21 1 7 63 21.9307
21 1 7 64 23.3469
21 1 7 65 23.3355
21 1 7 66 24.4013
21 1 7 67 20.8959
21 1 7 68 22.68
21 1 7 69 25.628
21 1 7 70 24.7129
21 1 7 71 21.4957
21 1 7 72 21.3727
21 1 7 73 21.9737
21 1 7 74 19.7628
21 1 7 75 20.9485
21 1 7 76 22.3293
21 1 7 77 22.2833
21 1 7 78 19.9356
21 1 7 79 23.2272
