21 0 0 0 17.3446
21 0 0 1 19.016
21 0 0 2 23.4162
21 0 0 3 22.6799
21 0 0 4 20.4331
21 0 0 5 23.3165
21 0 0 6 19.4176
21 0 0 7 23.7413
21 0 0 8 24.1432
21 0 0 9 22.8508
21 0 0 10 21.5762
21 0 0 11 25.0486
21 0 0 12 21.0683
21 0 0 13 22.479
21 0 0 14 18.6171
21 0 0 15 24.3233
21 0 0 16 23.3022
21 0 0 17 18.7
21 0 0 18 22.5769
21 0 0 19 19.9137
21 0 0 20 20.1223
21 0 0 21 23.1771
21 0 0 22 17.0055
21 0 0 23 20.523
21 0 0 24 20.841
21 0 0 25 23.6278
21 0 0 26 24.8677
21 0 0 27 21.4444
21 0 0 28 21.4688
21 0 0 29 19.4769
21 0 0 30 20.4409
21 0 0 31 23.9017
21 0 0 32 20.207
21 0 0 33 21.469
21 0 0 34 18.4205
21 0 0 35 18.8455
21 0 0 36 16.4594
21 0 0 37 25.055
21 0 0 38 18.7547
21 0 0 39 19.2871
21 0 0 40 13.0107
21 0 0 41 12.2481
21 0 0 42 12.7357
21 0 0 43 10.9799
21 0 0 44 13.4124
21 0 0 45 11.8319
21 0 0 46 12.2213
21 0 0 47 11.1978
21 0 0 48 12.1456
21 0 0 49 10.8213
21 0 0 50 11.5258
21 0 0 51 15.8662
21 0 0 52 11.4627
21 0 0 53 13.5371
21 0 0 54 13.9845
21 0 0 55 15.6864
21 0 0 56 10.9338
21 0 0 57 14.8093
21 0 0 58 13.3342
21 0 0 59 10.7127
21 0 0 60 9.15627
21 0 0 61 9.65304
21 0 0 62 9.95982
21 0 0 63 8.46514
21 0 0 64 11.9835
21 0 0 65 12.5496
21 0 0 66 9.79401
21 0 0 67 13.9671
21 0 0 68 9.59398
21 0 0 69 8.92186
21 0 0 70 12.5249
21 0 0 71 10.2893
21 0 0 72 12.584
21 0 0 73 11.6786
21 0 0 74 12.4271
21 0 0 75 11.2239
21 0 0 76 9.07508
21 0 0 77 11.1176
21 0 0 78 9.00431
21 0 0 79 11.8711
21 0 1 0 28.7242
21 0 1 1 22.2031
21 0 1 2 26.1483
21 0 1 3 20.0614
21 0 1 4 18.9187
21 0 1 5 22.4603
21 0 1 6 21.1846
21 0 1 7 20.7065
21 0 1 8 26.5981
21 0 1 9 27.4617
21 0 1 10 25.7707
21 0 1 11 23.5228
21 0 1 12 21.6751
21 0 1 13 22.8068
21 0 1 14 18.5387
21 0 1 15 22.8738
21 0 1 16 21.7129
21 0 1 17 23.8782
21 0 1 18 20.5446
21 0 1 19 21.7861
21 0 1 20 19.3995
21 0 1 21 20.558
21 0 1 22 24.905
21 0 1 23 16.9606
21 0 1 24 19.2048
21 0 1 25 22.6576
21 0 1 26 20.995
21 0 1 27 24.2923
21 0 1 28 25.0914
21 0 1 29 22.5521
21 0 1 30 20.6548
21 0 1 31 22.3454
21 0 1 32 25.0644
21 0 1 33 26.322
21 0 1 34 22.1036
21 0 1 35 22.7908
21 0 1 36 24.1732
21 0 1 37 26.508
21 0 1 38 23.5781
21 0 1 39 19.2411
21 0 1 40 9.72247
21 0 1 41 11.6784
21 0 1 42 9.28907
21 0 1 43 8.78313
21 0 1 44 9.99449
21 0 1 45 14.1718
21 0 1 46 10.0876
21 0 1 47 12.0353
21 0 1 48 12.2152
21 0 1 49 9.53046
21 0 1 50 9.80077
21 0 1 51 12.3356
21 0 1 52 9.9864
21 0 1 53 13.9554
21 0 1 54 11.2342
21 0 1 55 8.81293
21 0 1 56 11.3858
21 0 1 57 13.2197
21 0 1 58 10.6213
21 0 1 59 11.3463
21 0 1 60 13.146
21 0 1 61 11.877
21 0 1 62 13.6719
21 0 1 63 11.1931
21 0 1 64 11.1669
21 0 1 65 12.1902
21 0 1 66 13.8414
21 0 1 67 12.2271
21 0 1 68 10.1147
21 0 1 69 7.18097
21 0 1 70 9.67786
21 0 1 71 12.1526
21 0 1 72 10.591
21 0 1 73 12.7199
21 0 1 74 12.2606
21 0 1 75 9.41808
21 0 1 76 10.1652
21 0 1 77 9.29795
21 0 1 78 10.3559
21 0 1 79 10.2002
21 0 2 0 17.5366
21 0 2 1 26.0004
21 0 2 2 20.0279
21 0 2 3 10.8735
21 0 2 4 21.693
21 0 2 5 18.3499
21 0 2 6 18.5837
21 0 2 7 25.6769
21 0 2 8 22.4679
21 0 2 9 22.2993
21 0 2 10 16.7886
21 0 2 11 20.6952
21 0 2 12 14.6598
21 0 2 13 18.8232
21 0 2 14 17.8806
21 0 2 15 18.1876
21 0 2 16 16.333
21 0 2 17 19.6221
21 0 2 18 18.7816
21 0 2 19 20.7237
21 0 2 20 20.2977
21 0 2 21 23.0356
21 0 2 22 23.6762
21 0 2 23 19.9621
21 0 2 24 19.7573
21 0 2 25 19.6619
21 0 2 26 22.1473
21 0 2 27 26.6563
21 0 2 28 24.1027
21 0 2 29 21.2904
21 0 2 30 23.5837
21 0 2 31 11.2207
21 0 2 32 26.0532
21 0 2 33 23.6542
21 0 2 34 17.3358
21 0 2 35 18.8423
21 0 2 36 19.6665
21 0 2 37 16.8688
21 0 2 38 23.8037
21 0 2 39 21.6682
21 0 2 40 9.81504
21 0 2 41 13.8339
21 0 2 42 10.7377
21 0 2 43 8.8731
21 0 2 44 10.1553
21 0 2 45 11.943
21 0 2 46 10.5017
21 0 2 47 8.35588
21 0 2 48 11.7102
21 0 2 49 10.869
21 0 2 50 9.16931
21 0 2 51 9.95676
21 0 2 52 12.3966
21 0 2 53 11.1534
21 0 2 54 11.9654
21 0 2 55 13.0283
21 0 2 56 11.2128
21 0 2 57 12.0218
21 0 2 58 12.0352
21 0 2 59 12.8501
21 0 2 60 12.9306
21 0 2 61 10.4042
21 0 2 62 10.8593
21 0 2 63 14.4579
21 0 2 64 10.2311
21 0 2 65 10.6747
21 0 2 66 10.5294
21 0 2 67 8.54519
21 0 2 68 10.4355
21 0 2 69 8.5052
21 0 2 70 12.6836
21 0 2 71 10.1488
21 0 2 72 11.7883
21 0 2 73 11.9734
21 0 2 74 9.82792
21 0 2 75 8.58229
21 0 2 76 15.4907
21 0 2 77 14.6041
21 0 2 78 12.5926
21 0 2 79 13.1856
21 0 3 0 19.6097
21 0 3 1 21.8997
21 0 3 2 23.2456
21 0 3 3 22.065
21 0 3 4 23.2754
21 0 3 5 18.2791
21 0 3 6 22.6289
21 0 3 7 17.5596
21 0 3 8 20.0805
21 0 3 9 20.1348
21 0 3 10 23.1257
21 0 3 11 21.1401
21 0 3 12 22.4101
21 0 3 13 21.7304
21 0 3 14 22.4619
21 0 3 15 17.0174
21 0 3 16 23.8018
21 0 3 17 19.3893
21 0 3 18 22.2072
21 0 3 19 20.0228
21 0 3 20 17.9432
21 0 3 21 18.4133
21 0 3 22 19.6093
21 0 3 23 18.6671
21 0 3 24 21.8713
21 0 3 25 22.8262
21 0 3 26 19.6075
21 0 3 27 21.2171
21 0 3 28 21.1934
21 0 3 29 21.4483
21 0 3 30 22.1247
21 0 3 31 25.2261
21 0 3 32 24.4934
21 0 3 33 18.2442
21 0 3 34 22.7508
21 0 3 35 20.8107
21 0 3 36 13.8511
21 0 3 37 15.9169
21 0 3 38 21.3361
21 0 3 39 18.7998
21 0 3 40 12.7248
21 0 3 41 10.9978
21 0 3 42 10.2609
21 0 3 43 13.1153
21 0 3 44 8.5603
21 0 3 45 10.362
21 0 3 46 12.9362
21 0 3 47 9.71229
21 0 3 48 12.7481
21 0 3 49 12.7127
21 0 3 50 8.80167
21 0 3 51 10.5616
21 0 3 52 11.1518
21 0 3 53 9.58388
21 0 3 54 9.44169
21 0 3 55 14.4957
21 0 3 56 11.2704
21 0 3 57 11.636
21 0 3 58 12.2857
21 0 3 59 10.4529
21 0 3 60 14.5077
21 0 3 61 11.1571
21 0 3 62 12.2837
21 0 3 63 11.4955
21 0 3 64 10.5362
21 0 3 65 9.68031
21 0 3 66 10.1851
21 0 3 67 8.49776
21 0 3 68 14.1324
21 0 3 69 12.3555
21 0 3 70 8.71919
21 0 3 71 11.2818
21 0 3 72 12.8821
21 0 3 73 11.8717
21 0 3 74 11.0958
21 0 3 75 12.2346
21 0 3 76 10.898
21 0 3 77 12.4726
21 0 3 78 11.6715
21 0 3 79 11.5613
21 0 4 0 21.4566
21 0 4 1 24.3129
21 0 4 2 21.7469
21 0 4 3 25.1042
21 0 4 4 25.6458
21 0 4 5 23.4908
21 0 4 6 27.9341
21 0 4 7 23.8478
21 0 4 8 21.1714
21 0 4 9 24.4497
21 0 4 10 25.1793
21 0 4 11 18.6876
21 0 4 12 27.5062
21 0 4 13 24.001
21 0 4 14 24.0658
21 0 4 15 23.6269
21 0 4 16 21.3031
21 0 4 17 23.2412
21 0 4 18 22.0889
21 0 4 19 25.2016
21 0 4 20 21.0563
21 0 4 21 18.0294
21 0 4 22 21.2121
21 0 4 23 26.4768
21 0 4 24 18.9475
21 0 4 25 18.8549
21 0 4 26 21.5377
21 0 4 27 27.3761
21 0 4 28 20.1967
21 0 4 29 18.7304
21 0 4 30 19.5198
21 0 4 31 24.7103
21 0 4 32 16.2232
21 0 4 33 20.6254
21 0 4 34 20.9149
21 0 4 35 20.762
21 0 4 36 19.7609
21 0 4 37 20.1737
21 0 4 38 21.1337
21 0 4 39 21.66
21 0 4 40 10.9548
21 0 4 41 12.7993
21 0 4 42 13.6623
21 0 4 43 11.4878
21 0 4 44 11.7704
21 0 4 45 14.8087
21 0 4 46 15.2017
21 0 4 47 13.184
21 0 4 48 13.019
21 0 4 49 13.0538
21 0 4 50 10.6091
21 0 4 51 9.61952
21 0 4 52 10.495
21 0 4 53 9.57335
21 0 4 54 12.1908
21 0 4 55 10.5496
21 0 4 56 9.68823
21 0 4 57 11.0627
21 0 4 58 12.7301
21 0 4 59 15.0132
21 0 4 60 13.6343
21 0 4 61 11.0327
21 0 4 62 10.2738
21 0 4 63 11.5537
21 0 4 64 11.7357
21 0 4 65 16.2946
21 0 4 66 12.9399
21 0 4 67 14.633
21 0 4 68 11.8708
21 0 4 69 13.3824
21 0 4 70 15.7662
21 0 4 71 12.907
21 0 4 72 11.9755
21 0 4 73 13.5845
21 0 4 74 17.6468
21 0 4 75 11.7712
21 0 4 76 12.4402
21 0 4 77 11.0336
21 0 4 78 9.17589
21 0 4 79 12.1715
21 0 5 0 23.8927
21 0 5 1 27.5125
21 0 5 2 26.7834
21 0 5 3 20.3465
21 0 5 4 22.4289
21 0 5 5 23.7987
21 0 5 6 20.2518
21 0 5 7 19.5586
21 0 5 8 21.7742
21 0 5 9 25.023
21 0 5 10 21.2694
21 0 5 11 24.4102
21 0 5 12 19.8236
21 0 5 13 20.168
21 0 5 14 23.5854
21 0 5 15 26.6956
21 0 5 16 21.673
21 0 5 17 22.8513
21 0 5 18 26.3259
21 0 5 19 21.3877
21 0 5 20 22.9444
21 0 5 21 23.404
21 0 5 22 20.3847
21 0 5 23 23.0007
21 0 5 24 23.5282
21 0 5 25 23.6275
21 0 5 26 20.2607
21 0 5 27 27.0126
21 0 5 28 25.0179
21 0 5 29 20.2513
21 0 5 30 23.0826
21 0 5 31 24.3637
21 0 5 32 21.6373
21 0 5 33 21.5132
21 0 5 34 22.1222
21 0 5 35 18.1701
21 0 5 36 23.4655
21 0 5 37 18.8537
21 0 5 38 14.2939
21 0 5 39 20.0572
21 0 5 40 11.0498
21 0 5 41 13.8522
21 0 5 42 10.9647
21 0 5 43 15.9102
21 0 5 44 14.3846
21 0 5 45 12.8101
21 0 5 46 11.0265
21 0 5 47 10.2617
21 0 5 48 10.4739
21 0 5 49 13.2802
21 0 5 50 12.7561
21 0 5 51 13.8727
21 0 5 52 14.897
21 0 5 53 13.1841
21 0 5 54 8.9316
21 0 5 55 13.0863
21 0 5 56 2.65754
21 0 5 57 12.2786
21 0 5 58 10.0146
21 0 5 59 11.9758
21 0 5 60 12.9952
21 0 5 61 12.3713
21 0 5 62 9.57418
21 0 5 63 10.9533
21 0 5 64 13.5475
21 0 5 65 8.5039
21 0 5 66 14.8626
21 0 5 67 9.83459
21 0 5 68 9.60678
21 0 5 69 11.1067
21 0 5 70 13.1442
21 0 5 71 14.3017
21 0 5 72 15.4466
21 0 5 73 9.79253
21 0 5 74 12.5536
21 0 5 75 14.2786
21 0 5 76 13.0659
21 0 5 77 11.3343
21 0 5 78 12.7088
21 0 5 79 9.71791
21 0 6 0 15.5672
21 0 6 1 21.6261
21 0 6 2 13.3882
21 0 6 3 21.4147
21 0 6 4 15.4485
21 0 6 5 24.0097
21 0 6 6 22.1299
21 0 6 7 19.4178
21 0 6 8 19.8884
21 0 6 9 20.1879
21 0 6 10 19.0702
21 0 6 11 20.3667
21 0 6 12 22.9836
21 0 6 13 22.1118
21 0 6 14 19.2283
21 0 6 15 20.2685
21 0 6 16 20.3486
21 0 6 17 19.3391
21 0 6 18 20.3129
21 0 6 19 25.0859
21 0 6 20 26.4051
21 0 6 21 23.3282
21 0 6 22 20.1143
21 0 6 23 24.3108
21 0 6 24 18.5489
21 0 6 25 15.2335
21 0 6 26 21.5067
21 0 6 27 15.4985
21 0 6 28 20.8901
21 0 6 29 20.883
21 0 6 30 21.0667
21 0 6 31 19.3567
21 0 6 32 19.618
21 0 6 33 21.1582
21 0 6 34 22.335
21 0 6 35 21.4823
21 0 6 36 23.1236
21 0 6 37 22.0933
21 0 6 38 19.393
21 0 6 39 24.7738
21 0 6 40 10.0168
21 0 6 41 13.4998
21 0 6 42 13.9211
21 0 6 43 11.9416
21 0 6 44 12.3433
21 0 6 45 11.5882
21 0 6 46 11.5387
21 0 6 47 6.07652
21 0 6 48 11.5291
21 0 6 49 12.2513
21 0 6 50 10.7862
21 0 6 51 13.2
21 0 6 52 10.9783
21 0 6 53 10.459
21 0 6 54 11.3745
21 0 6 55 11.2068
21 0 6 56 15.1104
21 0 6 57 11.3863
21 0 6 58 13.9648
21 0 6 59 12.7758
21 0 6 60 14.1979
21 0 6 61 14.1738
21 0 6 62 12.0543
21 0 6 63 9.90502
21 0 6 64 10.4334
21 0 6 65 12.4489
21 0 6 66 10.4398
21 0 6 67 11.6876
21 0 6 68 15.396
21 0 6 69 14.2445
21 0 6 70 14.8223
21 0 6 71 12.5566
21 0 6 72 11.5978
21 0 6 73 10.1727
21 0 6 74 10.3166
21 0 6 75 13.6578
21 0 6 76 11.4161
21 0 6 77 9.24683
21 0 6 78 10.6433
21 0 6 79 11.7254
21 0 7 0 26.9135
21 0 7 1 25.7406
21 0 7 2 26.2523
21 0 7 3 22.0564
21 0 7 4 19.4216
21 0 7 5 22.2472
21 0 7 6 22.9134
21 0 7 7 22.4223
21 0 7 8 18.9469
21 0 7 9 20.2018
21 0 7 10 23.6125
21 0 7 11 17.9931
21 0 7 12 23.9108
21 0 7 13 20.6005
21 0 7 14 18.5584
21 0 7 15 23.2907
21 0 7 16 24.5158
21 0 7 17 25.36
21 0 7 18 23.3248
21 0 7 19 16.1254
21 0 7 20 23.4985
21 0 7 21 22.2887
21 0 7 22 23.9904
21 0 7 23 28.0544
21 0 7 24 21.9132
21 0 7 25 19.9686
21 0 7 26 19.4417
21 0 7 27 18.7249
21 0 7 28 23.2139
21 0 7 29 19.182
21 0 7 30 23.202
21 0 7 31 19.7059
21 0 7 32 24.3005
21 0 7 33 23.3235
21 0 7 34 21.8189
21 0 7 35 23.789
21 0 7 36 20.796
21 0 7 37 21.2527
21 0 7 38 21.6685
21 0 7 39 24.7007
21 0 7 40 13.7925
21 0 7 41 13.7816
21 0 7 42 10.7675
21 0 7 43 12.5032
21 0 7 44 11.4535
21 0 7 45 8.51847
21 0 7 46 10.9134
21 0 7 47 9.90779
21 0 7 48 14.26
21 0 7 49 14.7465
21 0 7 50 12.5579
21 0 7 51 10.8678
21 0 7 52 13.3152
21 0 7 53 11.9813
21 0 7 54 12.3978
21 0 7 55 10.1226
21 0 7 56 8.61576
21 0 7 57 12.3615
21 0 7 58 12.6101
21 0 7 59 12.1377
21 0 7 60 17.0507
21 0 7 61 18.3738
21 0 7 62 20.4019
21 0 7 63 14.9861
21 0 7 64 17.6702
21 0 7 65 15.8492
21 0 7 66 16.4428
21 0 7 67 15.0711
21 0 7 68 12.7926
21 0 7 69 18.6223
21 0 7 70 15.9352
21 0 7 71 13.6056
21 0 7 72 14.3638
21 0 7 73 13.6422
21 0 7 74 10.8805
21 0 7 75 15.1015
21 0 7 76 16.0975
21 0 7 77 13.0124
21 0 7 78 8.34697
21 0 7 79 11.1775
21 1 0 0 25.0012
21 1 0 1 29.8378
21 1 0 2 29.4152
21 1 0 3 24.7202
21 1 0 4 26.882
21 1 0 5 23.9477
21 1 0 6 23.3496
21 1 0 7 23.9805
21 1 0 8 25.1332
21 1 0 9 25.1235
21 1 0 10 22.7111
21 1 0 11 24.613
21 1 0 12 27.444
21 1 0 13 33.0651
21 1 0 14 23.2031
21 1 0 15 23.1912
21 1 0 16 13.5994
21 1 0 17 20.7658
21 1 0 18 26.5015
21 1 0 19 22.9
21 1 0 20 20.7027
21 1 0 21 23.8421
21 1 0 22 19.3015
21 1 0 23 28.4189
21 1 0 24 23.1363
21 1 0 25 27.8914
21 1 0 26 25.5857
21 1 0 27 30.6038
21 1 0 28 26.5798
21 1 0 29 30.3852
21 1 0 30 25.6286
21 1 0 31 26.6301
21 1 0 32 23.6795
21 1 0 33 27.8922
21 1 0 34 23.3866
21 1 0 35 31.3769
21 1 0 36 30.6448
21 1 0 37 27.7607
21 1 0 38 25.6294
21 1 0 39 23.246
21 1 0 40 15.6559
21 1 0 41 21.6758
21 1 0 42 22.4446
21 1 0 43 22.7334
21 1 0 44 21.7398
21 1 0 45 22.9059
21 1 0 46 24.1528
21 1 0 47 22.5959
21 1 0 48 23.658
21 1 0 49 19.3457
21 1 0 50 21.2372
21 1 0 51 23.9403
21 1 0 52 22.6677
21 1 0 53 22.846
21 1 0 54 25.1089
21 1 0 55 25.2608
21 1 0 56 26.0353
21 1 0 57 22.2791
21 1 0 58 25.2134
21 1 0 59 28.5
21 1 0 60 20.8539
21 1 0 61 20.7086
21 1 0 62 25.6192
21 1 0 63 21.2187
21 1 0 64 20.2151
21 1 0 65 22.1959
21 1 0 66 26.1967
21 1 0 67 19.9157
21 1 0 68 24.8543
21 1 0 69 24.7653
21 1 0 70 19.8335
21 1 0 71 19.5308
21 1 0 72 21.073
21 1 0 73 18.5299
21 1 0 74 24.2256
21 1 0 75 22.2484
21 1 0 76 24.6203
21 1 0 77 21.9776
21 1 0 78 25.8511
21 1 0 79 20.203
21 1 1 0 26.6479
21 1 1 1 23.531
21 1 1 2 18.9963
21 1 1 3 23.8304
21 1 1 4 20.6771
21 1 1 5 21.9233
21 1 1 6 24.9147
21 1 1 7 27.2637
21 1 1 8 34.0813
21 1 1 9 29.8239
21 1 1 10 33.0691
21 1 1 11 26.5297
21 1 1 12 25.399
21 1 1 13 22.088
21 1 1 14 24.8691
21 1 1 15 29.2637
21 1 1 16 25.9211
21 1 1 17 20.3552
21 1 1 18 25.8241
21 1 1 19 17.4838
21 1 1 20 21.9837
21 1 1 21 27.9844
21 1 1 22 20.8956
21 1 1 23 20.9257
21 1 1 24 21.1154
21 1 1 25 23.5338
21 1 1 26 24.6684
21 1 1 27 25.3233
21 1 1 28 25.9754
21 1 1 29 22.0401
21 1 1 30 26.566
21 1 1 31 27.7578
21 1 1 32 30.9837
21 1 1 33 21.6944
21 1 1 34 18.485
21 1 1 35 25.8944
21 1 1 36 8.66871
21 1 1 37 30.4848
21 1 1 38 29.1676
21 1 1 39 18.2683
21 1 1 40 25.9491
21 1 1 41 23.4492
21 1 1 42 18.4448
21 1 1 43 24.0909
21 1 1 44 22.4873
21 1 1 45 23.7901
21 1 1 46 22.0235
21 1 1 47 28.1912
21 1 1 48 20.7924
21 1 1 49 24.0493
21 1 1 50 21.6267
21 1 1 51 21.5448
21 1 1 52 23.4368
21 1 1 53 23.2724
21 1 1 54 28.1523
21 1 1 55 19.5082
21 1 1 56 20.4759
21 1 1 57 16.9829
21 1 1 58 19.3366
21 1 1 59 20.0906
21 1 1 60 18.927
21 1 1 61 18.297
21 1 1 62 26.1956
21 1 1 63 20.5727
21 1 1 64 25.0277
21 1 1 65 23.6663
21 1 1 66 23.3019
21 1 1 67 17.9148
21 1 1 68 19.9422
21 1 1 69 24.1799
21 1 1 70 23.855
21 1 1 71 19.4197
21 1 1 72 17.0089
21 1 1 73 19.953
21 1 1 74 18.897
21 1 1 75 21.2195
21 1 1 76 20.0135
21 1 1 77 23.2795
21 1 1 78 21.9614
21 1 1 79 27.6961
21 1 2 0 26.6034
21 1 2 1 29.8051
21 1 2 2 24.1696
21 1 2 3 24.9373
21 1 2 4 29.535
21 1 2 5 28.8747
21 1 2 6 27.0042
21 1 2 7 31.942
21 1 2 8 27.8689
21 1 2 9 27.595
21 1 2 10 25.3182
21 1 2 11 30.7339
21 1 2 12 23.0296
21 1 2 13 24.3528
21 1 2 14 25.2374
21 1 2 15 24.9805
21 1 2 16 24.138
21 1 2 17 29.2079
21 1 2 18 28.9091
21 1 2 19 25.1636
21 1 2 20 24.5281
21 1 2 21 24.5158
21 1 2 22 28.4822
21 1 2 23 19.0383
21 1 2 24 27.7677
21 1 2 25 27.0261
21 1 2 26 27.2332
21 1 2 27 27.2444
21 1 2 28 20.5855
21 1 2 29 28.4196
21 1 2 30 29.149
21 1 2 31 30.4152
21 1 2 32 27.918
21 1 2 33 29.8264
21 1 2 34 31.0243
21 1 2 35 26.23
21 1 2 36 22.5689
21 1 2 37 24.8219
21 1 2 38 27.9643
21 1 2 39 21.8763
21 1 2 40 24.0178
21 1 2 41 26.5513
21 1 2 42 19.8022
21 1 2 43 28.8537
21 1 2 44 30.1661
21 1 2 45 22.1484
21 1 2 46 22.6087
21 1 2 47 21.3992
21 1 2 48 25.8667
21 1 2 49 24.8724
21 1 2 50 27.161
21 1 2 51 29.4198
21 1 2 52 26.1997
21 1 2 53 24.0134
21 1 2 54 24.8666
21 1 2 55 27.3038
21 1 2 56 24.3404
21 1 2 57 28.3953
21 1 2 58 24.7514
21 1 2 59 25.6109
21 1 2 60 17.0258
21 1 2 61 22.8572
21 1 2 62 27.5193
21 1 2 63 22.362
21 1 2 64 24.1453
21 1 2 65 24.759
21 1 2 66 26.5193
21 1 2 67 21.8843
21 1 2 68 28.2373
21 1 2 69 25.4208
21 1 2 70 27.478
21 1 2 71 22.2187
21 1 2 72 22.0195
21 1 2 73 24.0743
21 1 2 74 18.0906
21 1 2 75 23.2601
21 1 2 76 23.5028
21 1 2 77 24.6865
21 1 2 78 23.2334
21 1 2 79 23.4791
21 1 3 0 23.4312
21 1 3 1 27.1769
21 1 3 2 23.0595
21 1 3 3 23.0098
21 1 3 4 23.3459
21 1 3 5 25.5801
21 1 3 6 24.9718
21 1 3 7 27.3611
21 1 3 8 19.3604
21 1 3 9 23.5793
21 1 3 10 26.2574
21 1 3 11 23.637
21 1 3 12 19.2094
21 1 3 13 21.9202
21 1 3 14 19.8006
21 1 3 15 20.0203
21 1 3 16 20.6767
21 1 3 17 24.6901
21 1 3 18 23.2761
21 1 3 19 22.0929
21 1 3 20 30.0089
21 1 3 21 24.2249
21 1 3 22 25.2983
21 1 3 23 26.6556
21 1 3 24 19.8144
21 1 3 25 27.0721
21 1 3 26 27.6716
21 1 3 27 24.8054
21 1 3 28 26.2158
21 1 3 29 24.1964
21 1 3 30 31.8626
21 1 3 31 29.2154
21 1 3 32 28.1698
21 1 3 33 24.8054
21 1 3 34 23.2876
21 1 3 35 26.661
21 1 3 36 23.4437
21 1 3 37 22.9591
21 1 3 38 21.1492
21 1 3 39 19.65
21 1 3 40 25.3043
21 1 3 41 25.8667
21 1 3 42 28.4008
21 1 3 43 27.6578
21 1 3 44 20.0479
21 1 3 45 22.5016
21 1 3 46 19.9134
21 1 3 47 21.6676
21 1 3 48 21.7314
21 1 3 49 22.5174
21 1 3 50 24.2836
21 1 3 51 21.8032
21 1 3 52 25.4315
21 1 3 53 21.084
21 1 3 54 21.1425
21 1 3 55 22.4228
21 1 3 56 19.431
21 1 3 57 20.9106
21 1 3 58 20.6383
21 1 3 59 19.8152
21 1 3 60 20.0425
21 1 3 61 21.4355
21 1 3 62 22.7209
21 1 3 63 19.0628
21 1 3 64 24.0606
21 1 3 65 24.2344
21 1 3 66 27.0319
21 1 3 67 23.3692
21 1 3 68 21.6014
21 1 3 69 22.0637
21 1 3 70 22.1934
21 1 3 71 24.4538
21 1 3 72 23.1504
21 1 3 73 22.9777
21 1 3 74 26.0634
21 1 3 75 20.917
21 1 3 76 18.5083
21 1 3 77 22.6267
21 1 3 78 24.7349
21 1 3 79 24.0491
21 1 4 0 27.2312
21 1 4 1 24.6464
21 1 4 2 22.2415
21 1 4 3 24.7425
21 1 4 4 24.7066
21 1 4 5 23.0579
21 1 4 6 18.972
21 1 4 7 21.6738
21 1 4 8 29.9408
21 1 4 9 28.5905
21 1 4 10 25.5686
21 1 4 11 27.2133
21 1 4 12 24.0389
21 1 4 13 23.894
21 1 4 14 30.7796
21 1 4 15 27.9871
21 1 4 16 29.5005
21 1 4 17 19.7245
21 1 4 18 21.6525
21 1 4 19 21.7462
21 1 4 20 19.627
21 1 4 21 20.9563
21 1 4 22 20.9969
21 1 4 23 20.0204
21 1 4 24 23.3922
21 1 4 25 28.5248
21 1 4 26 26.4307
21 1 4 27 22.0883
21 1 4 28 25.7403
21 1 4 29 25.7745
21 1 4 30 20.0139
21 1 4 31 27.6418
21 1 4 32 25.448
21 1 4 33 21.1986
21 1 4 34 28.8564
21 1 4 35 21.7291
21 1 4 36 17.4792
21 1 4 37 22.5506
21 1 4 38 20.6704
21 1 4 39 19.5163
21 1 4 40 22.7
21 1 4 41 21.3364
21 1 4 42 20.6615
21 1 4 43 20.1199
21 1 4 44 19.9383
21 1 4 45 22.3484
21 1 4 46 25.9355
21 1 4 47 25.0308
21 1 4 48 26.1089
21 1 4 49 26.3668
21 1 4 50 21.3641
21 1 4 51 24.2775
21 1 4 52 25.5005
21 1 4 53 25.2471
21 1 4 54 26.8099
21 1 4 55 21.8344
21 1 4 56 26.385
21 1 4 57 21.9651
21 1 4 58 9.22091
21 1 4 59 21.357
21 1 4 60 21.8547
21 1 4 61 24.361
21 1 4 62 24.2637
21 1 4 63 20.8985
21 1 4 64 18.808
21 1 4 65 24.0542
21 1 4 66 25.5058
21 1 4 67 21.3781
21 1 4 68 22.0165
21 1 4 69 22.0494
21 1 4 70 21.5753
21 1 4 71 20.4384
21 1 4 72 25.6754
21 1 4 73 23.0957
21 1 4 74 19.331
21 1 4 75 21.4843
21 1 4 76 28.505
21 1 4 77 24.0515
21 1 4 78 22.9379
21 1 4 79 18.2167
21 1 5 0 22.2348
21 1 5 1 31.8052
21 1 5 2 23.7547
21 1 5 3 26.5266
21 1 5 4 22.4648
21 1 5 5 28.5617
21 1 5 6 26.2967
21 1 5 7 28.6008
21 1 5 8 27.1035
21 1 5 9 30.8319
21 1 5 10 27.3687
21 1 5 11 29.6253
21 1 5 12 31.2485
21 1 5 13 28.8698
21 1 5 14 25.9304
21 1 5 15 24.1892
21 1 5 16 25.4088
21 1 5 17 30.135
21 1 5 18 27.0193
21 1 5 19 25.6646
21 1 5 20 23.64
21 1 5 21 25.0277
21 1 5 22 26.4499
21 1 5 23 23.0607
21 1 5 24 24.4795
21 1 5 25 26.4538
21 1 5 26 29.0429
21 1 5 27 27.6895
21 1 5 28 27.597
21 1 5 29 27.0678
21 1 5 30 25.7617
21 1 5 31 27.4177
21 1 5 32 23.877
21 1 5 33 23.7595
21 1 5 34 25.673
21 1 5 35 25.0003
21 1 5 36 18.9156
21 1 5 37 22.1426
21 1 5 38 20.304
21 1 5 39 21.3377
21 1 5 40 15.4047
21 1 5 41 19.8791
21 1 5 42 16.7051
21 1 5 43 20.5544
21 1 5 44 28.2561
21 1 5 45 22.4139
21 1 5 46 22.7233
21 1 5 47 21.0501
21 1 5 48 17.4236
21 1 5 49 17.8554
21 1 5 50 23.6089
21 1 5 51 22.343
21 1 5 52 19.2135
21 1 5 53 20.3012
21 1 5 54 20.3498
21 1 5 55 20.1553
21 1 5 56 21.6456
21 1 5 57 22.3451
21 1 5 58 22.4975
21 1 5 59 21.5771
21 1 5 60 23.6513
21 1 5 61 20.8869
21 1 5 62 20.7042
21 1 5 63 19.236
21 1 5 64 18.6314
21 1 5 65 20.0501
21 1 5 66 23.3708
21 1 5 67 28.3837
21 1 5 68 23.0783
21 1 5 69 17.2687
21 1 5 70 21.7044
21 1 5 71 20.9544
21 1 5 72 22.4871
21 1 5 73 22.8301
21 1 5 74 29.6173
21 1 5 75 25.7534
21 1 5 76 23.3691
21 1 5 77 20.3652
21 1 5 78 19.9058
21 1 5 79 21.4035
21 1 6 0 24.2543
21 1 6 1 28.6491
21 1 6 2 27.122
21 1 6 3 24.6029
21 1 6 4 23.359
21 1 6 5 21.6454
21 1 6 6 24.4891
21 1 6 7 24.0799
21 1 6 8 21.1485
21 1 6 9 30.5731
21 1 6 10 28.7617
21 1 6 11 28.933
21 1 6 12 29.5185
21 1 6 13 26.1913
21 1 6 14 23.7718
21 1 6 15 27.6279
21 1 6 16 21.7658
21 1 6 17 27.6958
21 1 6 18 26.9571
21 1 6 19 24.8813
21 1 6 20 28.8804
21 1 6 21 28.706
21 1 6 22 30.7931
21 1 6 23 21.6484
21 1 6 24 21.3039
21 1 6 25 31.8544
21 1 6 26 30.6683
21 1 6 27 27.3997
21 1 6 28 25.1279
21 1 6 29 26.4309
21 1 6 30 30.2795
21 1 6 31 23.5429
21 1 6 32 31.4906
21 1 6 33 27.9688
21 1 6 34 27.058
21 1 6 35 27.6125
21 1 6 36 27.3297
21 1 6 37 27.0479
21 1 6 38 28.4723
21 1 6 39 19.7851
21 1 6 40 21.8553
21 1 6 41 26.7547
21 1 6 42 25.1707
21 1 6 43 25.5515
21 1 6 44 26.9973
21 1 6 45 20.4832
21 1 6 46 21.0833
21 1 6 47 23.5047
21 1 6 48 20.0437
21 1 6 49 18.1549
21 1 6 50 19.5177
21 1 6 51 21.0467
21 1 6 52 20.5943
21 1 6 53 25.9455
21 1 6 54 25.533
21 1 6 55 19.609
21 1 6 56 20.5366
21 1 6 57 21.3792
21 1 6 58 21.4039
21 1 6 59 20.3466
21 1 6 60 22.4353
21 1 6 61 27.5384
21 1 6 62 24.2277
21 1 6 63 26.4806
21 1 6 64 25.1997
21 1 6 65 28.0597
21 1 6 66 25.3723
21 1 6 67 22.007
21 1 6 68 23.527
21 1 6 69 19.193
21 1 6 70 22.0354
21 1 6 71 21.6038
21 1 6 72 19.5537
21 1 6 73 17.7866
21 1 6 74 19.752
21 1 6 75 26.0976
21 1 6 76 23.684
21 1 6 77 22.8264
21 1 6 78 25.8036
21 1 6 79 27.7489
21 1 7 0 20.2757
21 1 7 1 28.3071
21 1 7 2 24.5405
21 1 7 3 31.3129
21 1 7 4 27.9927
21 1 7 5 25.8553
21 1 7 6 29.9575
21 1 7 7 22.3383
21 1 7 8 24.447
21 1 7 9 25.995
21 1 7 10 20.5916
21 1 7 11 27.258
21 1 7 12 23.5209
21 1 7 13 24.6753
21 1 7 14 26.4897
21 1 7 15 25.9897
21 1 7 16 21.1367
21 1 7 17 24.7646
21 1 7 18 30.3283
21 1 7 19 26.9519
21 1 7 20 23.8266
21 1 7 21 25.9656
21 1 7 22 22.8619
21 1 7 23 25.8236
21 1 7 24 24.0985
21 1 7 25 26.724
21 1 7 26 27.9315
21 1 7 27 29.3285
21 1 7 28 27.9752
21 1 7 29 26.7679
21 1 7 30 25.5829
21 1 7 31 23.1346
21 1 7 32 27.4128
21 1 7 33 26.9557
21 1 7 34 26.9139
21 1 7 35 25.5383
21 1 7 36 22.5089
21 1 7 37 25.0947
21 1 7 38 20.3165
21 1 7 39 23.4151
21 1 7 40 19.7243
21 1 7 41 19.7565
21 1 7 42 18.3078
21 1 7 43 20.7083
21 1 7 44 21.4182
21 1 7 45 20.4122
21 1 7 46 22.8659
21 1 7 47 20.4248
21 1 7 48 22.1302
21 1 7 49 20.8298
21 1 7 50 25.7123
21 1 7 51 23.7281
21 1 7 52 24.6926
21 1 7 53 20.5714
21 1 7 54 27.6617
21 1 7 55 25.8027
21 1 7 56 26.179
21 1 7 57 23.6763
21 1 7 58 17.8418
21 1 7 59 25.3612
21 1 7 60 19.3618
21 1 7 61 22.9047
21 1 7 62 15.763
21 1 7 63 14.9949
21 1 7 64 24.264
21 1 7 65 27.7558
21 1 7 66 21.4026
21 1 7 67 15.2828
21 1 7 68 20.5375
21 1 7 69 19.8559
21 1 7 70 22.2717
21 1 7 71 22.5756
21 1 7 72 20.3243
21 1 7 73 22.0773
21 1 7 74 19.8137
21 1 7 75 20.3318
21 1 7 76 24.1544
21 1 7 77 22.4068
21 1 7 78 28.6349
21 1 7 79 25.6658
