15 0 0 0 16.7033
15 0 0 1 15.1181
15 0 0 2 15.8336
15 0 0 3 18.0955
15 0 0 4 14.2145
15 0 0 5 15.2385
15 0 0 6 17.0215
15 0 0 7 19.956
15 0 0 8 15.3725
15 0 0 9 14.9019
15 0 0 10 10.0798
15 0 0 11 9.75402
15 0 0 12 11.5954
15 0 0 13 7.88754
15 0 0 14 11.4203
15 0 0 15 11.5267
15 0 0 16 10.0997
15 0 0 17 12.1521
15 0 0 18 9.8885
15 0 0 19 7.72176
15 0 0 20 0.01
15 0 0 21 0.01
15 0 0 22 8.38994
15 0 0 23 10.5369
15 0 0 24 13.5055
15 0 0 25 16.3679
15 0 0 26 0.01
15 0 0 27 0.01
15 0 0 28 0.01
15 0 0 29 7.75412
15 0 0 30 0.01
15 0 0 31 9.31481
15 0 0 32 13.9872
15 0 0 33 14.9918
15 0 0 34 9.42634
15 0 0 35 16.6162
15 0 0 36 14.2219
15 0 0 37 8.73033
15 0 0 38 8.1537
15 0 0 39 0.01
15 0 0 40 11.4483
15 0 0 41 14.2495
15 0 0 42 13.6543
15 0 0 43 12.9575
15 0 0 44 7.80972
15 0 0 45 14.1235
15 0 0 46 12.7816
15 0 0 47 11.8067
15 0 0 48 10.3633
15 0 0 49 10.5831
15 0 0 50 13.1779
15 0 0 51 12.0426
15 0 0 52 13.9322
15 0 0 53 14.1799
15 0 0 54 0.01
15 0 0 55 6.97679
15 0 0 56 10.0428
15 0 0 57 14.709
15 0 0 58 12.7709
15 0 0 59 14.4989
15 0 0 60 13.8967
15 0 0 61 12.0281
15 0 0 62 12.2035
15 0 0 63 13.6819
15 0 0 64 15.4579
15 0 0 65 15.2001
15 0 0 66 16.0309
15 0 0 67 16.2102
15 0 0 68 14.7073
15 0 0 69 14.2893
15 0 0 70 16.2926
15 0 0 71 14.0918
15 0 0 72 13.8332
15 0 0 73 15.4243
15 0 0 74 14.8547
15 0 0 75 15.8015
15 0 0 76 12.6564
15 0 0 77 12.6812
15 0 0 78 0.01
15 0 0 79 11.9844
15 0 1 0 12.8621
15 0 1 1 16.1768
15 0 1 2 15.5587
15 0 1 3 15.9674
15 0 1 4 18.904
15 0 1 5 16.7969
15 0 1 6 14.213
15 0 1 7 16.6651
15 0 1 8 17.3828
15 0 1 9 15.0087
15 0 1 10 13.1293
15 0 1 11 17.3587
15 0 1 12 15.2501
15 0 1 13 17.217
15 0 1 14 16.8059
15 0 1 15 14.2531
15 0 1 16 15.8399
15 0 1 17 17.038
15 0 1 18 15.5957
15 0 1 19 17.8676
15 0 1 20 17.9595
15 0 1 21 18.0883
15 0 1 22 12.9581
15 0 1 23 17.1235
15 0 1 24 17.3722
15 0 1 25 17.4351
15 0 1 26 16.9344
15 0 1 27 15.2631
15 0 1 28 17.0318
15 0 1 29 15.6827
15 0 1 30 17.6174
15 0 1 31 18.2824
15 0 1 32 16.6994
15 0 1 33 18.333
15 0 1 34 16.2433
15 0 1 35 18.1665
15 0 1 36 17.5885
15 0 1 37 18.6861
15 0 1 38 17.5708
15 0 1 39 18.2525
15 0 1 40 12.8185
15 0 1 41 14.1763
15 0 1 42 14.7296
15 0 1 43 13.8029
15 0 1 44 16.1434
15 0 1 45 15.0753
15 0 1 46 16.0192
15 0 1 47 15.4104
15 0 1 48 14.8516
15 0 1 49 15.5591
15 0 1 50 14.7985
15 0 1 51 15.4994
15 0 1 52 15.6371
15 0 1 53 15.7802
15 0 1 54 15.1534
15 0 1 55 14.8237
15 0 1 56 15.3896
15 0 1 57 15.0562
15 0 1 58 13.6037
15 0 1 59 11.8485
15 0 1 60 13.552
15 0 1 61 13.4746
15 0 1 62 14.3805
15 0 1 63 13.395
15 0 1 64 15.0211
15 0 1 65 16.0015
15 0 1 66 15.4692
15 0 1 67 13.6153
15 0 1 68 13.7939
15 0 1 69 16.3856
15 0 1 70 15.3165
15 0 1 71 14.2098
15 0 1 72 15.5199
15 0 1 73 15.1209
15 0 1 74 13.6277
15 0 1 75 14.789
15 0 1 76 14.2656
15 0 1 77 14.6117
15 0 1 78 13.3037
15 0 1 79 14.1246
15 0 2 0 9.39219
15 0 2 1 16.7944
15 0 2 2 12.4364
15 0 2 3 16.0641
15 0 2 4 16.8881
15 0 2 5 14.6058
15 0 2 6 13.2574
15 0 2 7 11.6943
15 0 2 8 16.1057
15 0 2 9 15.5688
15 0 2 10 12.483
15 0 2 11 17.6268
15 0 2 12 19.0797
15 0 2 13 17.2127
15 0 2 14 19.2057
15 0 2 15 16.4321
15 0 2 16 14.9242
15 0 2 17 15.5553
15 0 2 18 18.071
15 0 2 19 16.204
15 0 2 20 17.247
15 0 2 21 12.6058
15 0 2 22 15.909
15 0 2 23 13.7808
15 0 2 24 12.4619
15 0 2 25 16.7236
15 0 2 26 15.6774
15 0 2 27 15.4141
15 0 2 28 12.2608
15 0 2 29 18.9873
15 0 2 30 14.5294
15 0 2 31 16.3275
15 0 2 32 15.369
15 0 2 33 12.3935
15 0 2 34 15.127
15 0 2 35 15.5408
15 0 2 36 11.0898
15 0 2 37 13.0886
15 0 2 38 11.018
15 0 2 39 9.85444
15 0 2 40 12.2506
15 0 2 41 13.8779
15 0 2 42 16.3391
15 0 2 43 15.121
15 0 2 44 10.8129
15 0 2 45 14.4073
15 0 2 46 15.6629
15 0 2 47 17.4433
15 0 2 48 12.8579
15 0 2 49 14.6054
15 0 2 50 16.3101
15 0 2 51 14.8297
15 0 2 52 12.15
15 0 2 53 15.3147
15 0 2 54 15.6493
15 0 2 55 14.4327
15 0 2 56 10.6725
15 0 2 57 14.8088
15 0 2 58 17.0139
15 0 2 59 13.9294
15 0 2 60 15.6508
15 0 2 61 15.7522
15 0 2 62 16.7176
15 0 2 63 13.5832
15 0 2 64 16.4666
15 0 2 65 13.2715
15 0 2 66 16.9004
15 0 2 67 18.4273
15 0 2 68 15.2996
15 0 2 69 13.234
15 0 2 70 15.2831
15 0 2 71 15.7852
15 0 2 72 16.5305
15 0 2 73 16.7199
15 0 2 74 14.5311
15 0 2 75 14.4687
15 0 2 76 15.4472
15 0 2 77 15.7554
15 0 2 78 16.5283
15 0 2 79 14.5665
15 0 3 0 15.9415
15 0 3 1 14.5659
15 0 3 2 16.3301
15 0 3 3 16.7044
15 0 3 4 14.9187
15 0 3 5 15.2418
15 0 3 6 16.3378
15 0 3 7 14.1846
15 0 3 8 14.7778
15 0 3 9 13.6423
15 0 3 10 16.6219
15 0 3 11 15.8787
15 0 3 12 17.0197
15 0 3 13 14.2885
15 0 3 14 16.4707
15 0 3 15 16.8976
15 0 3 16 16.8051
15 0 3 17 15.1982
15 0 3 18 15.1172
15 0 3 19 16.1223
15 0 3 20 13.2978
15 0 3 21 16.4369
15 0 3 22 15.7412
15 0 3 23 14.7554
15 0 3 24 17.5196
15 0 3 25 15.9927
15 0 3 26 15.8311
15 0 3 27 16.454
15 0 3 28 14.649
15 0 3 29 15.603
15 0 3 30 14.74
15 0 3 31 16.302
15 0 3 32 14.9684
15 0 3 33 15.0356
15 0 3 34 15.8092
15 0 3 35 16.8079
15 0 3 36 16.7092
15 0 3 37 17.0281
15 0 3 38 15.7825
15 0 3 39 17.3021
15 0 3 40 10.7034
15 0 3 41 13.6014
15 0 3 42 13.0179
15 0 3 43 13.7796
15 0 3 44 15.3823
15 0 3 45 16.5818
15 0 3 46 16.3759
15 0 3 47 16.1781
15 0 3 48 12.9087
15 0 3 49 14.049
15 0 3 50 13.0774
15 0 3 51 14.3808
15 0 3 52 16.7272
15 0 3 53 16.294
15 0 3 54 15.3478
15 0 3 55 15.8843
15 0 3 56 13.9908
15 0 3 57 16.7707
15 0 3 58 16.1876
15 0 3 59 16.4361
15 0 3 60 14.8049
15 0 3 61 12.3224
15 0 3 62 15.0846
15 0 3 63 11.2244
15 0 3 64 15.3892
15 0 3 65 16.1569
15 0 3 66 16.224
15 0 3 67 16.7283
15 0 3 68 14.3932
15 0 3 69 16.3912
15 0 3 70 15.5711
15 0 3 71 12.2856
15 0 3 72 15.9033
15 0 3 73 15.236
15 0 3 74 16.0973
15 0 3 75 15.2795
15 0 3 76 14.7154
15 0 3 77 14.8333
15 0 3 78 16.5838
15 0 3 79 17.4484
15 0 4 0 7.95105
15 0 4 1 14.7298
15 0 4 2 14.4731
15 0 4 3 9.48135
15 0 4 4 10.9766
15 0 4 5 14.7326
15 0 4 6 13.6691
15 0 4 7 15.6088
15 0 4 8 14.3421
15 0 4 9 18.0212
15 0 4 10 15.3218
15 0 4 11 14.6903
15 0 4 12 17.7455
15 0 4 13 15.1965
15 0 4 14 13.9949
15 0 4 15 10.4715
15 0 4 16 16.5244
15 0 4 17 16.1375
15 0 4 18 16.8863
15 0 4 19 14.5798
15 0 4 20 13.4982
15 0 4 21 10.8146
15 0 4 22 9.12686
15 0 4 23 14.9956
15 0 4 24 14.8014
15 0 4 25 15.7037
15 0 4 26 14.6651
15 0 4 27 14.3309
15 0 4 28 11.7388
15 0 4 29 14.0725
15 0 4 30 11.188
15 0 4 31 14.4457
15 0 4 32 15.5797
15 0 4 33 15.5149
15 0 4 34 18.2139
15 0 4 35 15.2629
15 0 4 36 14.0453
15 0 4 37 11.5245
15 0 4 38 13.0928
15 0 4 39 13.4163
15 0 4 40 0.01
15 0 4 41 15.5202
15 0 4 42 14.8005
15 0 4 43 16.4938
15 0 4 44 13.1801
15 0 4 45 17.4457
15 0 4 46 15.9896
15 0 4 47 16.4927
15 0 4 48 14.2758
15 0 4 49 16.4214
15 0 4 50 13.1489
15 0 4 51 13.3284
15 0 4 52 15.4902
15 0 4 53 13.9533
15 0 4 54 12.3074
15 0 4 55 11.9506
15 0 4 56 11.7123
15 0 4 57 13.3486
15 0 4 58 14.7007
15 0 4 59 14.7274
15 0 4 60 0.01
15 0 4 61 16.0124
15 0 4 62 16.1511
15 0 4 63 15.8037
15 0 4 64 15.6407
15 0 4 65 16.8238
15 0 4 66 16.6777
15 0 4 67 17.3504
15 0 4 68 15.8409
15 0 4 69 15.5268
15 0 4 70 15.1002
15 0 4 71 11.9982
15 0 4 72 13.5891
15 0 4 73 14.8471
15 0 4 74 13.0973
15 0 4 75 11.8918
15 0 4 76 13.56
15 0 4 77 14.2937
15 0 4 78 16.3881
15 0 4 79 15.8315
15 0 5 0 17.4139
15 0 5 1 15.686
15 0 5 2 16.2988
15 0 5 3 15.8973
15 0 5 4 17.402
15 0 5 5 16.9541
15 0 5 6 17.1188
15 0 5 7 14.5718
15 0 5 8 17.0131
15 0 5 9 14.6028
15 0 5 10 18.8512
15 0 5 11 17.7012
15 0 5 12 18.7832
15 0 5 13 17.9942
15 0 5 14 15.2147
15 0 5 15 16.3443
15 0 5 16 15.9944
15 0 5 17 17.8865
15 0 5 18 15.7048
15 0 5 19 16.4885
15 0 5 20 17.0344
15 0 5 21 18.5025
15 0 5 22 18.4495
15 0 5 23 14.4842
15 0 5 24 14.0229
15 0 5 25 12.1004
15 0 5 26 16.9212
15 0 5 27 14.4113
15 0 5 28 14.7811
15 0 5 29 14.2735
15 0 5 30 15.226
15 0 5 31 19.7641
15 0 5 32 15.9649
15 0 5 33 16.2967
15 0 5 34 17.0772
15 0 5 35 18.3512
15 0 5 36 16.6046
15 0 5 37 16.7379
15 0 5 38 17.5737
15 0 5 39 15.2939
15 0 5 40 13.3081
15 0 5 41 14.9766
15 0 5 42 15.6076
15 0 5 43 15.0865
15 0 5 44 16.5694
15 0 5 45 15.8502
15 0 5 46 16.4467
15 0 5 47 16.5997
15 0 5 48 15.9967
15 0 5 49 17.4092
15 0 5 50 15.7962
15 0 5 51 19.0766
15 0 5 52 15.1817
15 0 5 53 15.0783
15 0 5 54 14.2323
15 0 5 55 13.8159
15 0 5 56 0.01
15 0 5 57 15.3702
15 0 5 58 15.593
15 0 5 59 12.8099
15 0 5 60 15.7904
15 0 5 61 14.4963
15 0 5 62 14.963
15 0 5 63 15.5233
15 0 5 64 16.4143
15 0 5 65 17.3393
15 0 5 66 15.4058
15 0 5 67 15.5443
15 0 5 68 16.8089
15 0 5 69 14.3535
15 0 5 70 18.8186
15 0 5 71 14.3369
15 0 5 72 14.6562
15 0 5 73 16.1477
15 0 5 74 13.5828
15 0 5 75 12.0824
15 0 5 76 14.5712
15 0 5 77 14.6844
15 0 5 78 16.1267
15 0 5 79 17.5233
15 0 6 0 13.4812
15 0 6 1 13.0981
15 0 6 2 13.1288
15 0 6 3 17.088
15 0 6 4 16.9508
15 0 6 5 13.0671
15 0 6 6 15.1133
15 0 6 7 13.2941
15 0 6 8 14.9971
15 0 6 9 14.8772
15 0 6 10 11.7904
15 0 6 11 12.4477
15 0 6 12 10.9978
15 0 6 13 13.064
15 0 6 14 8.28364
15 0 6 15 13.3684
15 0 6 16 15.026
15 0 6 17 14.2293
15 0 6 18 16.4824
15 0 6 19 17.5941
15 0 6 20 17.4229
15 0 6 21 12.6936
15 0 6 22 14.8894
15 0 6 23 8.13815
15 0 6 24 11.7436
15 0 6 25 11.2963
15 0 6 26 11.9814
15 0 6 27 11.5673
15 0 6 28 12.3681
15 0 6 29 12.4386
15 0 6 30 11.8822
15 0 6 31 10.8388
15 0 6 32 13.1957
15 0 6 33 17.0201
15 0 6 34 13.7876
15 0 6 35 20.0664
15 0 6 36 13.9997
15 0 6 37 13.3184
15 0 6 38 14.0341
15 0 6 39 12.8194
15 0 6 40 12.984
15 0 6 41 15.9587
15 0 6 42 16.2183
15 0 6 43 15.8316
15 0 6 44 7.7858
15 0 6 45 14.8548
15 0 6 46 14.908
15 0 6 47 12.8929
15 0 6 48 15.3208
15 0 6 49 16.1413
15 0 6 50 17.9295
15 0 6 51 15.0224
15 0 6 52 13.3634
15 0 6 53 14.3846
15 0 6 54 12.7815
15 0 6 55 14.0623
15 0 6 56 11.4475
15 0 6 57 14.8809
15 0 6 58 13.8448
15 0 6 59 13.6879
15 0 6 60 14.0788
15 0 6 61 14.5151
15 0 6 62 15.5797
15 0 6 63 12.9299
15 0 6 64 14.369
15 0 6 65 14.8214
15 0 6 66 14.9295
15 0 6 67 15.4772
15 0 6 68 15.4166
15 0 6 69 14.5858
15 0 6 70 16.4674
15 0 6 71 14.6321
15 0 6 72 13.7316
15 0 6 73 14.6885
15 0 6 74 14.7886
15 0 6 75 15.2755
15 0 6 76 14.9018
15 0 6 77 13.1933
15 0 6 78 15.423
15 0 6 79 14.8992
15 0 7 0 13.2161
15 0 7 1 17.2817
15 0 7 2 17.7857
15 0 7 3 17.5776
15 0 7 4 17.229
15 0 7 5 16.3053
15 0 7 6 16.6841
15 0 7 7 15.2741
15 0 7 8 10.6916
15 0 7 9 15.6422
15 0 7 10 17.079
15 0 7 11 18.1854
15 0 7 12 18.2921
15 0 7 13 16.8042
15 0 7 14 17.5629
15 0 7 15 16.768
15 0 7 16 15.8897
15 0 7 17 16.6913
15 0 7 18 16.7778
15 0 7 19 18.8017
15 0 7 20 19.3199
15 0 7 21 17.3341
15 0 7 22 18.2511
15 0 7 23 16.8254
15 0 7 24 15.6913
15 0 7 25 14.7505
15 0 7 26 15.2614
15 0 7 27 16.2525
15 0 7 28 16.2811
15 0 7 29 16.9416
15 0 7 30 16.0665
15 0 7 31 14.0682
15 0 7 32 14.8576
15 0 7 33 16.4052
15 0 7 34 17.5054
15 0 7 35 16.8702
15 0 7 36 16.0872
15 0 7 37 17.1163
15 0 7 38 16.8164
15 0 7 39 15.9195
15 0 7 40 15.4623
15 0 7 41 16.6053
15 0 7 42 14.3065
15 0 7 43 14.6702
15 0 7 44 16.8023
15 0 7 45 15.8378
15 0 7 46 16.351
15 0 7 47 15.3488
15 0 7 48 15.5831
15 0 7 49 16.8843
15 0 7 50 15.5881
15 0 7 51 15.2638
15 0 7 52 13.9855
15 0 7 53 15.4622
15 0 7 54 14.3499
15 0 7 55 14.6849
15 0 7 56 16.3574
15 0 7 57 15.0848
15 0 7 58 17.2954
15 0 7 59 15.2045
15 0 7 60 16.4409
15 0 7 61 0.01
15 0 7 62 12.5676
15 0 7 63 10.8795
15 0 7 64 12.8147
15 0 7 65 13.9005
15 0 7 66 13.5607
15 0 7 67 13.9595
15 0 7 68 14.7589
15 0 7 69 15.169
15 0 7 70 14.8058
15 0 7 71 13.8155
15 0 7 72 12.3916
15 0 7 73 13.8709
15 0 7 74 14.4505
15 0 7 75 11.4163
15 0 7 76 14.1066
15 0 7 77 15.295
15 0 7 78 15.2007
15 0 7 79 0.01
15 1 0 0 0.01
15 1 0 1 14.4614
15 1 0 2 14.6471
15 1 0 3 15.027
15 1 0 4 15.3259
15 1 0 5 18.8949
15 1 0 6 17.0093
15 1 0 7 13.6212
15 1 0 8 12.6469
15 1 0 9 14.75
15 1 0 10 15.1211
15 1 0 11 15.6325
15 1 0 12 15.5993
15 1 0 13 15.8345
15 1 0 14 17.8063
15 1 0 15 16.2158
15 1 0 16 14.7604
15 1 0 17 15.7479
15 1 0 18 14.5274
15 1 0 19 17.6702
15 1 0 20 18.4218
15 1 0 21 14.8913
15 1 0 22 13.5386
15 1 0 23 14.5077
15 1 0 24 15.2851
15 1 0 25 14.2301
15 1 0 26 15.1422
15 1 0 27 15.4274
15 1 0 28 14.1858
15 1 0 29 14.6075
15 1 0 30 15.3278
15 1 0 31 14.8297
15 1 0 32 12.8791
15 1 0 33 15.0313
15 1 0 34 13.3738
15 1 0 35 19.1052
15 1 0 36 16.6989
15 1 0 37 13.3162
15 1 0 38 13.4215
15 1 0 39 7.4285
15 1 0 40 15.5381
15 1 0 41 14.519
15 1 0 42 14.7226
15 1 0 43 15.0176
15 1 0 44 14.9506
15 1 0 45 14.584
15 1 0 46 15.0277
15 1 0 47 13.8384
15 1 0 48 13.3507
15 1 0 49 13.507
15 1 0 50 15.1914
15 1 0 51 14.2448
15 1 0 52 13.7293
15 1 0 53 14.4202
15 1 0 54 9.37382
15 1 0 55 14.4308
15 1 0 56 15.9161
15 1 0 57 13.5839
15 1 0 58 14.1224
15 1 0 59 13.6823
15 1 0 60 14.4146
15 1 0 61 14.11
15 1 0 62 13.9803
15 1 0 63 14.1184
15 1 0 64 15.2901
15 1 0 65 16.5301
15 1 0 66 15.3125
15 1 0 67 14.4341
15 1 0 68 13.6526
15 1 0 69 14.1115
15 1 0 70 15.9823
15 1 0 71 15.8963
15 1 0 72 15.7418
15 1 0 73 15.7906
15 1 0 74 0.01
15 1 0 75 15.3124
15 1 0 76 15.5144
15 1 0 77 15.3751
15 1 0 78 14.5975
15 1 0 79 15.9339
15 1 1 0 15.8004
15 1 1 1 15.2377
15 1 1 2 18.0289
15 1 1 3 17.9142
15 1 1 4 17.3734
15 1 1 5 17.848
15 1 1 6 18.4622
15 1 1 7 13.6332
15 1 1 8 14.522
15 1 1 9 16.5778
15 1 1 10 16.1046
15 1 1 11 15.4024
15 1 1 12 14.3012
15 1 1 13 15.9147
15 1 1 14 16.2863
15 1 1 15 13.7271
15 1 1 16 15.7834
15 1 1 17 17.4288
15 1 1 18 16.3536
15 1 1 19 17.6422
15 1 1 20 15.6174
15 1 1 21 19.1623
15 1 1 22 18.9123
15 1 1 23 16.7642
15 1 1 24 15.1098
15 1 1 25 13.8614
15 1 1 26 14.8453
15 1 1 27 17.6026
15 1 1 28 15.5933
15 1 1 29 14.2956
15 1 1 30 14.4519
15 1 1 31 15.6346
15 1 1 32 13.6332
15 1 1 33 14.4664
15 1 1 34 14.8915
15 1 1 35 17.2716
15 1 1 36 13.6498
15 1 1 37 14.2322
15 1 1 38 13.562
15 1 1 39 13.6103
15 1 1 40 14.6923
15 1 1 41 14.6066
15 1 1 42 13.7677
15 1 1 43 12.7004
15 1 1 44 14.9603
15 1 1 45 15.0716
15 1 1 46 14.6112
15 1 1 47 15.2921
15 1 1 48 13.7071
15 1 1 49 15.0095
15 1 1 50 16.2389
15 1 1 51 15.7699
15 1 1 52 13.1239
15 1 1 53 14.8802
15 1 1 54 14.6388
15 1 1 55 13.5506
15 1 1 56 15.4226
15 1 1 57 15.6183
15 1 1 58 13.8699
15 1 1 59 13.0235
15 1 1 60 12.1336
15 1 1 61 14.6165
15 1 1 62 15.5606
15 1 1 63 13.6377
15 1 1 64 15.1765
15 1 1 65 15.1584
15 1 1 66 16.0613
15 1 1 67 14.7321
15 1 1 68 12.8297
15 1 1 69 15.707
15 1 1 70 14.3092
15 1 1 71 14.3868
15 1 1 72 13.206
15 1 1 73 13.4798
15 1 1 74 11.8224
15 1 1 75 12.5066
15 1 1 76 12.7105
15 1 1 77 15.6123
15 1 1 78 12.8066
15 1 1 79 13.6346
15 1 2 0 9.73705
15 1 2 1 12.7953
15 1 2 2 15.0795
15 1 2 3 15.3683
15 1 2 4 17.8927
15 1 2 5 14.4988
15 1 2 6 15.9581
15 1 2 7 11.3078
15 1 2 8 16.8582
15 1 2 9 10.8327
15 1 2 10 13.2309
15 1 2 11 16.2299
15 1 2 12 13.7343
15 1 2 13 15.6275
15 1 2 14 14.2627
15 1 2 15 10.9757
15 1 2 16 13.3257
15 1 2 17 14.9317
15 1 2 18 16.6459
15 1 2 19 14.7858
15 1 2 20 15.1093
15 1 2 21 16.9161
15 1 2 22 15.6757
15 1 2 23 11.615
15 1 2 24 11.9827
15 1 2 25 12.6385
15 1 2 26 15.5377
15 1 2 27 13.7744
15 1 2 28 15.4081
15 1 2 29 13.1343
15 1 2 30 14.3634
15 1 2 31 12.6884
15 1 2 32 15.179
15 1 2 33 12.971
15 1 2 34 14.4665
15 1 2 35 14.0806
15 1 2 36 15.569
15 1 2 37 13.2255
15 1 2 38 15.1636
15 1 2 39 14.6502
15 1 2 40 0.01
15 1 2 41 15.3328
15 1 2 42 14.9257
15 1 2 43 14.1647
15 1 2 44 9.18333
15 1 2 45 16.966
15 1 2 46 11.5108
15 1 2 47 13.6364
15 1 2 48 12.0839
15 1 2 49 16.559
15 1 2 50 17.1747
15 1 2 51 15.9486
15 1 2 52 10.992
15 1 2 53 15.8828
15 1 2 54 17.4454
15 1 2 55 15.6106
15 1 2 56 14.9287
15 1 2 57 17.9762
15 1 2 58 16.9626
15 1 2 59 15.8205
15 1 2 60 13.7454
15 1 2 61 14.2738
15 1 2 62 15.9497
15 1 2 63 13.6327
15 1 2 64 16.2093
15 1 2 65 13.8825
15 1 2 66 14.0715
15 1 2 67 12.3503
15 1 2 68 15.0658
15 1 2 69 15.9334
15 1 2 70 17.1625
15 1 2 71 19.0973
15 1 2 72 13.7656
15 1 2 73 15.3306
15 1 2 74 14.3285
15 1 2 75 0.01
15 1 2 76 12.9929
15 1 2 77 16.5809
15 1 2 78 14.9998
15 1 2 79 13.8532
15 1 3 0 11.1702
15 1 3 1 15.6437
15 1 3 2 16.2533
15 1 3 3 16.4415
15 1 3 4 15.2858
15 1 3 5 15.9951
15 1 3 6 15.9631
15 1 3 7 13.7478
15 1 3 8 14.0373
15 1 3 9 10.9739
15 1 3 10 15.8112
15 1 3 11 16.146
15 1 3 12 16.7626
15 1 3 13 15.1876
15 1 3 14 15.4991
15 1 3 15 17.9538
15 1 3 16 15.6602
15 1 3 17 13.9379
15 1 3 18 17.0588
15 1 3 19 16.8806
15 1 3 20 17.6252
15 1 3 21 17.7741
15 1 3 22 14.2801
15 1 3 23 13.8079
15 1 3 24 13.1644
15 1 3 25 13.8914
15 1 3 26 16.852
15 1 3 27 17.9826
15 1 3 28 16.4852
15 1 3 29 18.6521
15 1 3 30 13.4783
15 1 3 31 14.5991
15 1 3 32 14.6584
15 1 3 33 13.2042
15 1 3 34 15.689
15 1 3 35 16.4286
15 1 3 36 15.6493
15 1 3 37 15.9768
15 1 3 38 13.2757
15 1 3 39 13.7017
15 1 3 40 14.4795
15 1 3 41 16.7392
15 1 3 42 13.8685
15 1 3 43 13.5555
15 1 3 44 11.5092
15 1 3 45 15.2903
15 1 3 46 13.2203
15 1 3 47 13.9479
15 1 3 48 12.0523
15 1 3 49 16.3508
15 1 3 50 14.5111
15 1 3 51 13.9152
15 1 3 52 11.7772
15 1 3 53 17.2586
15 1 3 54 14.5994
15 1 3 55 15.9317
15 1 3 56 11.6288
15 1 3 57 16.8272
15 1 3 58 15.3102
15 1 3 59 17.0561
15 1 3 60 9.29875
15 1 3 61 11.7822
15 1 3 62 14.8579
15 1 3 63 9.26614
15 1 3 64 13.345
15 1 3 65 16.1987
15 1 3 66 15.5929
15 1 3 67 0.01
15 1 3 68 14.0812
15 1 3 69 17.8336
15 1 3 70 16.5248
15 1 3 71 13.4457
15 1 3 72 12.096
15 1 3 73 15.7586
15 1 3 74 9.97452
15 1 3 75 7.59068
15 1 3 76 14.6486
15 1 3 77 15.7998
15 1 3 78 15.2346
15 1 3 79 7.77016
15 1 4 0 17.2114
15 1 4 1 15.5108
15 1 4 2 13.8498
15 1 4 3 15.5607
15 1 4 4 15.6535
15 1 4 5 17.2712
15 1 4 6 14.1551
15 1 4 7 15.8423
15 1 4 8 13.5134
15 1 4 9 14.8255
15 1 4 10 16.0005
15 1 4 11 16.6139
15 1 4 12 15.9868
15 1 4 13 17.2343
15 1 4 14 11.6704
15 1 4 15 15.0124
15 1 4 16 12.2383
15 1 4 17 11.9541
15 1 4 18 15.7477
15 1 4 19 15.1082
15 1 4 20 0.01
15 1 4 21 0.01
15 1 4 22 15.2775
15 1 4 23 17.9871
15 1 4 24 14.4239
15 1 4 25 17.271
15 1 4 26 15.1121
15 1 4 27 16.5448
15 1 4 28 17.002
15 1 4 29 17.2144
15 1 4 30 15.015
15 1 4 31 15.0366
15 1 4 32 15.9038
15 1 4 33 14.6485
15 1 4 34 15.7184
15 1 4 35 16.1568
15 1 4 36 15.9157
15 1 4 37 16.1474
15 1 4 38 14.0165
15 1 4 39 14.1746
15 1 4 40 15.9359
15 1 4 41 15.3079
15 1 4 42 15.8633
15 1 4 43 14.8797
15 1 4 44 14.8405
15 1 4 45 18.8612
15 1 4 46 15.0485
15 1 4 47 15.9625
15 1 4 48 0.01
15 1 4 49 0.01
15 1 4 50 13.7985
15 1 4 51 16.4806
15 1 4 52 13.0312
15 1 4 53 15.6779
15 1 4 54 15.7278
15 1 4 55 13.6272
15 1 4 56 10.94
15 1 4 57 13.3646
15 1 4 58 14.0936
15 1 4 59 15.361
15 1 4 60 16.029
15 1 4 61 14.5126
15 1 4 62 15.5055
15 1 4 63 11.6367
15 1 4 64 15.1484
15 1 4 65 14.2243
15 1 4 66 16.2044
15 1 4 67 7.5983
15 1 4 68 11.2497
15 1 4 69 13.7753
15 1 4 70 13.0253
15 1 4 71 0.01
15 1 4 72 10.4807
15 1 4 73 16.017
15 1 4 74 13.5537
15 1 4 75 11.3094
15 1 4 76 14.7534
15 1 4 77 15.4078
15 1 4 78 15.5981
15 1 4 79 16.681
15 1 5 0 16.1568
15 1 5 1 12.6503
15 1 5 2 17.7175
15 1 5 3 17.656
15 1 5 4 17.139
15 1 5 5 15.9923
15 1 5 6 18.0885
15 1 5 7 16.3354
15 1 5 8 10.4692
15 1 5 9 9.92015
15 1 5 10 12.9892
15 1 5 11 14.922
15 1 5 12 18.571
15 1 5 13 16.2118
15 1 5 14 17.736
15 1 5 15 19.3597
15 1 5 16 11.6721
15 1 5 17 13.0863
15 1 5 18 10.9319
15 1 5 19 0.01
15 1 5 20 0.01
15 1 5 21 14.6816
15 1 5 22 14.1011
15 1 5 23 17.5685
15 1 5 24 16.1185
15 1 5 25 7.70937
15 1 5 26 15.9386
15 1 5 27 17.189
15 1 5 28 15.7081
15 1 5 29 16.8507
15 1 5 30 15.8252
15 1 5 31 15.2144
15 1 5 32 16.615
15 1 5 33 14.5256
15 1 5 34 15.5481
15 1 5 35 16.2616
15 1 5 36 16.7569
15 1 5 37 14.8484
15 1 5 38 13.0102
15 1 5 39 14.1654
15 1 5 40 16.5683
15 1 5 41 15.9567
15 1 5 42 16.1362
15 1 5 43 13.8086
15 1 5 44 12.503
15 1 5 45 17.0173
15 1 5 46 16.591
15 1 5 47 15.8095
15 1 5 48 0.01
15 1 5 49 15.741
15 1 5 50 13.3404
15 1 5 51 15.6626
15 1 5 52 10.695
15 1 5 53 15.5897
15 1 5 54 16.1676
15 1 5 55 15.7713
15 1 5 56 11.9642
15 1 5 57 14.9207
15 1 5 58 14.3319
15 1 5 59 13.4296
15 1 5 60 14.0602
15 1 5 61 15.5209
15 1 5 62 15.2701
15 1 5 63 10.165
15 1 5 64 13.0627
15 1 5 65 14.3373
15 1 5 66 16.0472
15 1 5 67 13.4065
15 1 5 68 10.4863
15 1 5 69 11.5833
15 1 5 70 0.01
15 1 5 71 0.01
15 1 5 72 13.3725
15 1 5 73 14.335
15 1 5 74 15.3635
15 1 5 75 7.79093
15 1 5 76 12.2716
15 1 5 77 13.4759
15 1 5 78 14.0161
15 1 5 79 14.5437
15 1 6 0 10.677
15 1 6 1 14.2708
15 1 6 2 15.1514
15 1 6 3 15.2241
15 1 6 4 15.7056
15 1 6 5 13.7093
15 1 6 6 14.7292
15 1 6 7 15.5452
15 1 6 8 15.9059
15 1 6 9 16.2496
15 1 6 10 16.7355
15 1 6 11 15.8434
15 1 6 12 17.5287
15 1 6 13 16.3377
15 1 6 14 16.5346
15 1 6 15 15.9312
15 1 6 16 15.0704
15 1 6 17 16.8188
15 1 6 18 17.5174
15 1 6 19 16.9639
15 1 6 20 15.8329
15 1 6 21 17.6132
15 1 6 22 15.7318
15 1 6 23 16.6093
15 1 6 24 16.4318
15 1 6 25 16.1198
15 1 6 26 15.6491
15 1 6 27 17.5531
15 1 6 28 16.9359
15 1 6 29 16.4482
15 1 6 30 16.804
15 1 6 31 17.2811
15 1 6 32 13.4116
15 1 6 33 13.7152
15 1 6 34 16.61
15 1 6 35 16.3967
15 1 6 36 14.5575
15 1 6 37 14.8397
15 1 6 38 17.0559
15 1 6 39 16.6372
15 1 6 40 7.66559
15 1 6 41 15.4047
15 1 6 42 14.083
15 1 6 43 15.6866
15 1 6 44 13.5125
15 1 6 45 11.101
15 1 6 46 16.9805
15 1 6 47 16.3746
15 1 6 48 15.4339
15 1 6 49 15.4099
15 1 6 50 16.4195
15 1 6 51 16.0432
15 1 6 52 12.6851
15 1 6 53 15.2714
15 1 6 54 16.2081
15 1 6 55 13.6525
15 1 6 56 13.5965
15 1 6 57 12.7717
15 1 6 58 14.5157
15 1 6 59 14.9617
15 1 6 60 14.0483
15 1 6 61 13.9135
15 1 6 62 13.8515
15 1 6 63 12.0094
15 1 6 64 12.6426
15 1 6 65 16.5228
15 1 6 66 15.6311
15 1 6 67 11.7729
15 1 6 68 14.5117
15 1 6 69 15.2241
15 1 6 70 16.7772
15 1 6 71 9.23247
15 1 6 72 14.644
15 1 6 73 15.6589
15 1 6 74 15.9237
15 1 6 75 11.887
15 1 6 76 12.312
15 1 6 77 14.7422
15 1 6 78 15.4466
15 1 6 79 16.1477
15 1 7 0 9.19997
15 1 7 1 9.58329
15 1 7 2 13.927
15 1 7 3 15.2688
15 1 7 4 16.2635
15 1 7 5 15.4076
15 1 7 6 14.6502
15 1 7 7 14.7319
15 1 7 8 14.7498
15 1 7 9 14.0781
15 1 7 10 16.063
15 1 7 11 17.6987
15 1 7 12 17.8637
15 1 7 13 16.3947
15 1 7 14 18.6506
15 1 7 15 14.0571
15 1 7 16 17.3747
15 1 7 17 13.2361
15 1 7 18 15.2346
15 1 7 19 15.8221
15 1 7 20 17.1851
15 1 7 21 14.4498
15 1 7 22 13.6813
15 1 7 23 10.1336
15 1 7 24 0.01
15 1 7 25 10.2917
15 1 7 26 12.5014
15 1 7 27 17.6978
15 1 7 28 16.0762
15 1 7 29 16.2678
15 1 7 30 14.5325
15 1 7 31 15.8082
15 1 7 32 0.01
15 1 7 33 10.4381
15 1 7 34 9.64254
15 1 7 35 16.1036
15 1 7 36 16.4489
15 1 7 37 16.0417
15 1 7 38 16.4726
15 1 7 39 12.1484
15 1 7 40 11.9644
15 1 7 41 13.4356
15 1 7 42 14.9761
15 1 7 43 14.5076
15 1 7 44 11.805
15 1 7 45 14.744
15 1 7 46 14.8213
15 1 7 47 9.32624
15 1 7 48 15.8583
15 1 7 49 15.9515
15 1 7 50 16.8946
15 1 7 51 13.2353
15 1 7 52 12.8791
15 1 7 53 15.201
15 1 7 54 14.9222
15 1 7 55 13.4423
15 1 7 56 10.1846
15 1 7 57 13.3662
15 1 7 58 15.1445
15 1 7 59 14.4984
15 1 7 60 8.90104
15 1 7 61 13.5119
15 1 7 62 11.1485
15 1 7 63 0.01
15 1 7 64 0.01
15 1 7 65 14.8288
15 1 7 66 15.5751
15 1 7 67 11.0696
15 1 7 68 17.2997
15 1 7 69 16.4638
15 1 7 70 11.8677
15 1 7 71 0.01
15 1 7 72 12.7129
15 1 7 73 14.9857
15 1 7 74 11.8452
15 1 7 75 0.01
15 1 7 76 10.0546
15 1 7 77 14.6939
15 1 7 78 8.37689
15 1 7 79 8.04898
