15 0 0 0 9.93655
15 0 0 1 10.6339
15 0 0 2 10.2214
15 0 0 3 9.7245
15 0 0 4 8.70328
15 0 0 5 10.0824
15 0 0 6 10.3574
15 0 0 7 8.8749
15 0 0 8 10.1996
15 0 0 9 10.9706
15 0 0 10 9.52261
15 0 0 11 10.1427
15 0 0 12 9.50901
15 0 0 13 8.62689
15 0 0 14 8.27082
15 0 0 15 9.57636
15 0 0 16 10.1659
15 0 0 17 9.5485
15 0 0 18 10.0437
15 0 0 19 9.91981
15 0 0 20 0.01
15 0 0 21 0.01
15 0 0 22 10.2319
15 0 0 23 8.97034
15 0 0 24 10.307
15 0 0 25 9.37919
15 0 0 26 0.01
15 0 0 27 0.01
15 0 0 28 0.01
15 0 0 29 10.9768
15 0 0 30 0.01
15 0 0 31 9.12671
15 0 0 32 8.61662
15 0 0 33 9.4955
15 0 0 34 8.90825
15 0 0 35 10.4682
15 0 0 36 9.0535
15 0 0 37 9.81944
15 0 0 38 9.33116
15 0 0 39 0.01
15 0 0 40 4.63883
15 0 0 41 4.81095
15 0 0 42 5.08274
15 0 0 43 4.86953
15 0 0 44 5.16433
15 0 0 45 5.16067
15 0 0 46 4.66145
15 0 0 47 5.05726
15 0 0 48 4.91141
15 0 0 49 4.89881
15 0 0 50 5.3796
15 0 0 51 5.11332
15 0 0 52 5.37552
15 0 0 53 5.06081
15 0 0 54 0.01
15 0 0 55 5.32802
15 0 0 56 5.18217
15 0 0 57 5.55698
15 0 0 58 5.12334
15 0 0 59 5.10707
15 0 0 60 4.53437
15 0 0 61 5.54637
15 0 0 62 4.84756
15 0 0 63 4.80691
15 0 0 64 4.96361
15 0 0 65 5.19046
15 0 0 66 5.06506
15 0 0 67 4.63003
15 0 0 68 5.34058
15 0 0 69 5.52163
15 0 0 70 5.20811
15 0 0 71 4.98621
15 0 0 72 5.061
15 0 0 73 5.48485
15 0 0 74 5.22533
15 0 0 75 4.99076
15 0 0 76 5.39499
15 0 0 77 4.92954
15 0 0 78 0.01
15 0 0 79 4.90433
15 0 1 0 11.4041
15 0 1 1 13.61
15 0 1 2 10.2908
15 0 1 3 11.5567
15 0 1 4 9.8804
15 0 1 5 10.9091
15 0 1 6 10.7559
15 0 1 7 10.644
15 0 1 8 10.6791
15 0 1 9 12.2613
15 0 1 10 11.6044
15 0 1 11 11.6127
15 0 1 12 10.0517
15 0 1 13 11.6248
15 0 1 14 9.38952
15 0 1 15 10.9289
15 0 1 16 10.0473
15 0 1 17 10.8756
15 0 1 18 10.1856
15 0 1 19 10.4119
15 0 1 20 10.5508
15 0 1 21 9.77385
15 0 1 22 10.4764
15 0 1 23 9.78077
15 0 1 24 10.3667
15 0 1 25 9.62337
15 0 1 26 9.7924
15 0 1 27 10.6443
15 0 1 28 11.2816
15 0 1 29 10.2218
15 0 1 30 9.23585
15 0 1 31 9.53038
15 0 1 32 9.73491
15 0 1 33 9.5518
15 0 1 34 10.1278
15 0 1 35 9.22857
15 0 1 36 9.86036
15 0 1 37 11.4373
15 0 1 38 9.82143
15 0 1 39 10.9873
15 0 1 40 4.9996
15 0 1 41 4.76301
15 0 1 42 4.87636
15 0 1 43 4.92623
15 0 1 44 5.04689
15 0 1 45 4.97148
15 0 1 46 4.76445
15 0 1 47 5.43181
15 0 1 48 4.9586
15 0 1 49 5.01967
15 0 1 50 5.06702
15 0 1 51 5.0469
15 0 1 52 4.86294
15 0 1 53 5.1809
15 0 1 54 5.32651
15 0 1 55 4.94107
15 0 1 56 5.06688
15 0 1 57 5.11048
15 0 1 58 4.99186
15 0 1 59 5.28791
15 0 1 60 4.6567
15 0 1 61 4.85554
15 0 1 62 5.10522
15 0 1 63 4.96302
15 0 1 64 5.04172
15 0 1 65 5.02609
15 0 1 66 4.92297
15 0 1 67 4.96935
15 0 1 68 5.17358
15 0 1 69 5.06275
15 0 1 70 5.02046
15 0 1 71 5.27964
15 0 1 72 5.14363
15 0 1 73 5.04887
15 0 1 74 4.96207
15 0 1 75 5.17244
15 0 1 76 5.06065
15 0 1 77 5.1237
15 0 1 78 5.34741
15 0 1 79 5.27579
15 0 2 0 10.7062
15 0 2 1 10.9188
15 0 2 2 13.3475
15 0 2 3 12.8497
15 0 2 4 10.0856
15 0 2 5 9.74387
15 0 2 6 10.7876
15 0 2 7 10.9255
15 0 2 8 10.7205
15 0 2 9 11.2166
15 0 2 10 10.0604
15 0 2 11 10.4838
15 0 2 12 9.88004
15 0 2 13 9.98853
15 0 2 14 10.2128
15 0 2 15 9.51549
15 0 2 16 10.117
15 0 2 17 9.6828
15 0 2 18 9.67971
15 0 2 19 11.7765
15 0 2 20 11.1161
15 0 2 21 9.79054
15 0 2 22 10.8006
15 0 2 23 10.7373
15 0 2 24 9.45604
15 0 2 25 10.3761
15 0 2 26 10.4231
15 0 2 27 10.5244
15 0 2 28 10.1475
15 0 2 29 10.2457
15 0 2 30 10.2326
15 0 2 31 10.9846
15 0 2 32 9.98821
15 0 2 33 9.68995
15 0 2 34 8.96074
15 0 2 35 9.25147
15 0 2 36 9.88445
15 0 2 37 9.23969
15 0 2 38 9.75052
15 0 2 39 10.0078
15 0 2 40 5.17295
15 0 2 41 4.83866
15 0 2 42 5.19568
15 0 2 43 5.03732
15 0 2 44 5.28895
15 0 2 45 5.30761
15 0 2 46 5.25673
15 0 2 47 5.09391
15 0 2 48 5.32701
15 0 2 49 5.18894
15 0 2 50 5.11711
15 0 2 51 5.31344
15 0 2 52 5.09228
15 0 2 53 5.11117
15 0 2 54 4.99454
15 0 2 55 5.0171
15 0 2 56 5.17433
15 0 2 57 5.23716
15 0 2 58 5.4363
15 0 2 59 5.22544
15 0 2 60 5.11806
15 0 2 61 4.73645
15 0 2 62 4.73057
15 0 2 63 5.08249
15 0 2 64 5.28235
15 0 2 65 5.04717
15 0 2 66 5.08708
15 0 2 67 5.17157
15 0 2 68 5.00307
15 0 2 69 5.19423
15 0 2 70 4.91101
15 0 2 71 4.70338
15 0 2 72 5.05154
15 0 2 73 5.28137
15 0 2 74 5.36298
15 0 2 75 5.1204
15 0 2 76 5.33848
15 0 2 77 5.53914
15 0 2 78 5.23921
15 0 2 79 5.0773
15 0 3 0 10.8269
15 0 3 1 10.4545
15 0 3 2 8.43009
15 0 3 3 10.7
15 0 3 4 9.3601
15 0 3 5 10.7099
15 0 3 6 10.4761
15 0 3 7 10.8472
15 0 3 8 11.3694
15 0 3 9 12.0497
15 0 3 10 9.94635
15 0 3 11 9.63271
15 0 3 12 10.4005
15 0 3 13 10.027
15 0 3 14 9.76366
15 0 3 15 8.68039
15 0 3 16 10.3002
15 0 3 17 10.0978
15 0 3 18 10.9435
15 0 3 19 9.08738
15 0 3 20 9.51019
15 0 3 21 10.7778
15 0 3 22 10.6464
15 0 3 23 10.2637
15 0 3 24 11.0401
15 0 3 25 10.1043
15 0 3 26 10.3323
15 0 3 27 9.41151
15 0 3 28 10.1579
15 0 3 29 10.3016
15 0 3 30 10.156
15 0 3 31 9.62806
15 0 3 32 9.21283
15 0 3 33 10.4442
15 0 3 34 10.3718
15 0 3 35 10.3842
15 0 3 36 10.1212
15 0 3 37 10.2844
15 0 3 38 9.60405
15 0 3 39 9.25855
15 0 3 40 4.71284
15 0 3 41 4.49425
15 0 3 42 5.37965
15 0 3 43 4.86724
15 0 3 44 4.90588
15 0 3 45 4.8804
15 0 3 46 4.97231
15 0 3 47 5.09266
15 0 3 48 5.09137
15 0 3 49 4.55105
15 0 3 50 4.67386
15 0 3 51 5.06325
15 0 3 52 5.11716
15 0 3 53 4.84778
15 0 3 54 5.03677
15 0 3 55 5.27046
15 0 3 56 5.14132
15 0 3 57 5.6229
15 0 3 58 5.26743
15 0 3 59 5.17257
15 0 3 60 4.65199
15 0 3 61 5.0196
15 0 3 62 4.80237
15 0 3 63 5.06493
15 0 3 64 5.22084
15 0 3 65 4.68929
15 0 3 66 5.33015
15 0 3 67 4.77362
15 0 3 68 5.2259
15 0 3 69 4.95478
15 0 3 70 5.48586
15 0 3 71 4.71086
15 0 3 72 5.27609
15 0 3 73 5.1199
15 0 3 74 5.37464
15 0 3 75 5.48705
15 0 3 76 5.9523
15 0 3 77 5.42348
15 0 3 78 5.06927
15 0 3 79 5.21272
15 0 4 0 9.99288
15 0 4 1 10.1739
15 0 4 2 9.98451
15 0 4 3 10.7369
15 0 4 4 11.2508
15 0 4 5 9.44136
15 0 4 6 10.9443
15 0 4 7 10.2103
15 0 4 8 8.86345
15 0 4 9 10.815
15 0 4 10 10.3137
15 0 4 11 9.90341
15 0 4 12 11.1493
15 0 4 13 11.4299
15 0 4 14 9.64468
15 0 4 15 9.00404
15 0 4 16 10.3848
15 0 4 17 10.0792
15 0 4 18 8.92645
15 0 4 19 10.4985
15 0 4 20 10.9115
15 0 4 21 11.0924
15 0 4 22 9.53326
15 0 4 23 10.3158
15 0 4 24 10.5685
15 0 4 25 10.2338
15 0 4 26 10.083
15 0 4 27 10.0774
15 0 4 28 9.56336
15 0 4 29 10.4197
15 0 4 30 9.73478
15 0 4 31 9.58291
15 0 4 32 9.88711
15 0 4 33 10.6476
15 0 4 34 9.57
15 0 4 35 9.94162
15 0 4 36 10.1173
15 0 4 37 8.34104
15 0 4 38 10.4039
15 0 4 39 10.145
15 0 4 40 0.01
15 0 4 41 4.57268
15 0 4 42 5.05528
15 0 4 43 4.744
15 0 4 44 5.42455
15 0 4 45 4.76304
15 0 4 46 4.93065
15 0 4 47 4.92413
15 0 4 48 4.88092
15 0 4 49 5.18947
15 0 4 50 4.92254
15 0 4 51 4.86033
15 0 4 52 5.16737
15 0 4 53 5.09665
15 0 4 54 5.27668
15 0 4 55 5.10291
15 0 4 56 5.01079
15 0 4 57 5.01703
15 0 4 58 5.09704
15 0 4 59 5.12769
15 0 4 60 0.01
15 0 4 61 4.59248
15 0 4 62 4.78636
15 0 4 63 4.68867
15 0 4 64 4.79605
15 0 4 65 4.81425
15 0 4 66 4.67035
15 0 4 67 5.26674
15 0 4 68 5.18667
15 0 4 69 5.18041
15 0 4 70 5.14982
15 0 4 71 5.1834
15 0 4 72 5.07699
15 0 4 73 5.11693
15 0 4 74 5.10972
15 0 4 75 5.39818
15 0 4 76 5.01614
15 0 4 77 5.02487
15 0 4 78 5.76294
15 0 4 79 5.18282
15 0 5 0 10.7563
15 0 5 1 11.1613
15 0 5 2 11.0801
15 0 5 3 10.1264
15 0 5 4 9.50263
15 0 5 5 9.97446
15 0 5 6 10.4986
15 0 5 7 10.0636
15 0 5 8 10.9549
15 0 5 9 9.97297
15 0 5 10 12.14
15 0 5 11 10.2274
15 0 5 12 10.4161
15 0 5 13 9.89754
15 0 5 14 10.8023
15 0 5 15 11.3857
15 0 5 16 11.192
15 0 5 17 9.59658
15 0 5 18 11.3908
15 0 5 19 11.1726
15 0 5 20 10.8207
15 0 5 21 9.60516
15 0 5 22 10.8083
15 0 5 23 10.9841
15 0 5 24 8.65969
15 0 5 25 10.2506
15 0 5 26 10.1843
15 0 5 27 9.85072
15 0 5 28 9.20648
15 0 5 29 9.00056
15 0 5 30 8.71081
15 0 5 31 10.5494
15 0 5 32 9.78695
15 0 5 33 10.427
15 0 5 34 10.6756
15 0 5 35 10.0943
15 0 5 36 9.77109
15 0 5 37 10.3579
15 0 5 38 10.3895
15 0 5 39 9.07942
15 0 5 40 4.7832
15 0 5 41 4.6877
15 0 5 42 4.9078
15 0 5 43 4.8677
15 0 5 44 5.01891
15 0 5 45 5.22095
15 0 5 46 5.04147
15 0 5 47 4.9625
15 0 5 48 5.30597
15 0 5 49 4.87412
15 0 5 50 4.60922
15 0 5 51 5.17269
15 0 5 52 4.84878
15 0 5 53 4.74139
15 0 5 54 4.92945
15 0 5 55 4.93297
15 0 5 56 0.01
15 0 5 57 5.48019
15 0 5 58 5.18984
15 0 5 59 4.89359
15 0 5 60 5.18367
15 0 5 61 5.3354
15 0 5 62 4.81295
15 0 5 63 4.87525
15 0 5 64 5.18814
15 0 5 65 4.88034
15 0 5 66 4.898
15 0 5 67 4.80891
15 0 5 68 4.81732
15 0 5 69 5.07159
15 0 5 70 4.45819
15 0 5 71 4.98415
15 0 5 72 5.50656
15 0 5 73 5.10817
15 0 5 74 5.09566
15 0 5 75 4.83359
15 0 5 76 4.82594
15 0 5 77 5.27634
15 0 5 78 4.85423
15 0 5 79 5.26684
15 0 6 0 10.8019
15 0 6 1 10.046
15 0 6 2 10.6062
15 0 6 3 9.57185
15 0 6 4 10.5172
15 0 6 5 10.7196
15 0 6 6 11.7046
15 0 6 7 10.4329
15 0 6 8 9.90078
15 0 6 9 11.3
15 0 6 10 11.15
15 0 6 11 11.3306
15 0 6 12 9.95741
15 0 6 13 10.4485
15 0 6 14 8.77273
15 0 6 15 9.99031
15 0 6 16 9.56531
15 0 6 17 10.9566
15 0 6 18 10.8872
15 0 6 19 10.5555
15 0 6 20 10.1927
15 0 6 21 9.77279
15 0 6 22 10.1958
15 0 6 23 9.6622
15 0 6 24 9.8181
15 0 6 25 10.2136
15 0 6 26 10.7927
15 0 6 27 9.13136
15 0 6 28 9.62559
15 0 6 29 8.99426
15 0 6 30 10.0226
15 0 6 31 9.78328
15 0 6 32 9.41892
15 0 6 33 8.81724
15 0 6 34 9.71198
15 0 6 35 10.0875
15 0 6 36 9.88604
15 0 6 37 10.5409
15 0 6 38 9.54609
15 0 6 39 9.66519
15 0 6 40 4.90757
15 0 6 41 5.0731
15 0 6 42 5.00813
15 0 6 43 5.06966
15 0 6 44 5.386
15 0 6 45 4.74956
15 0 6 46 5.51586
15 0 6 47 4.81052
15 0 6 48 5.3093
15 0 6 49 5.31941
15 0 6 50 4.9387
15 0 6 51 4.86133
15 0 6 52 5.21389
15 0 6 53 5.13284
15 0 6 54 5.0378
15 0 6 55 5.19848
15 0 6 56 5.20323
15 0 6 57 5.25173
15 0 6 58 4.95183
15 0 6 59 5.12203
15 0 6 60 4.99465
15 0 6 61 5.08475
15 0 6 62 5.10625
15 0 6 63 5.03858
15 0 6 64 5.14202
15 0 6 65 5.10996
15 0 6 66 4.69238
15 0 6 67 5.31935
15 0 6 68 4.86524
15 0 6 69 5.15006
15 0 6 70 4.97434
15 0 6 71 4.997
15 0 6 72 4.93841
15 0 6 73 5.02138
15 0 6 74 5.04506
15 0 6 75 5.09956
15 0 6 76 4.94371
15 0 6 77 5.36567
15 0 6 78 5.08993
15 0 6 79 5.82043
15 0 7 0 12.7864
15 0 7 1 9.07853
15 0 7 2 11.0762
15 0 7 3 11.3642
15 0 7 4 11.9059
15 0 7 5 11.5353
15 0 7 6 10.0561
15 0 7 7 10.3375
15 0 7 8 10.0765
15 0 7 9 10.1327
15 0 7 10 9.98416
15 0 7 11 10.9628
15 0 7 12 11.4276
15 0 7 13 10.3354
15 0 7 14 10.9751
15 0 7 15 10.6498
15 0 7 16 10.6112
15 0 7 17 12.4335
15 0 7 18 10.5076
15 0 7 19 9.07737
15 0 7 20 10.6891
15 0 7 21 11.3311
15 0 7 22 10.5954
15 0 7 23 10.0833
15 0 7 24 10.3341
15 0 7 25 9.54167
15 0 7 26 9.1255
15 0 7 27 9.39063
15 0 7 28 8.99982
15 0 7 29 9.92163
15 0 7 30 10.6252
15 0 7 31 9.38744
15 0 7 32 10.5276
15 0 7 33 9.2959
15 0 7 34 8.80354
15 0 7 35 9.95979
15 0 7 36 9.59449
15 0 7 37 11.332
15 0 7 38 10.9344
15 0 7 39 12.5079
15 0 7 40 5.1434
15 0 7 41 4.67163
15 0 7 42 4.92096
15 0 7 43 4.75703
15 0 7 44 4.72711
15 0 7 45 5.38343
15 0 7 46 4.87141
15 0 7 47 4.91516
15 0 7 48 5.04434
15 0 7 49 4.92432
15 0 7 50 5.06592
15 0 7 51 4.94015
15 0 7 52 5.00676
15 0 7 53 5.39843
15 0 7 54 4.9229
15 0 7 55 5.03218
15 0 7 56 5.4519
15 0 7 57 5.14891
15 0 7 58 5.17118
15 0 7 59 5.1509
15 0 7 60 5.06207
15 0 7 61 0.01
15 0 7 62 4.40538
15 0 7 63 4.98277
15 0 7 64 4.79912
15 0 7 65 4.45833
15 0 7 66 5.14389
15 0 7 67 5.51346
15 0 7 68 5.08967
15 0 7 69 5.23067
15 0 7 70 5.05172
15 0 7 71 4.91747
15 0 7 72 5.19883
15 0 7 73 5.1291
15 0 7 74 4.84624
15 0 7 75 5.20164
15 0 7 76 5.06971
15 0 7 77 5.46357
15 0 7 78 5.09039
15 0 7 79 0.01
15 1 0 0 0.01
15 1 0 1 12.6413
15 1 0 2 12.7632
15 1 0 3 14.1128
15 1 0 4 12.4083
15 1 0 5 13.5978
15 1 0 6 12.1857
15 1 0 7 13.2431
15 1 0 8 12.0206
15 1 0 9 12.4113
15 1 0 10 11.3954
15 1 0 11 12.4176
15 1 0 12 11.6865
15 1 0 13 10.3285
15 1 0 14 13.6086
15 1 0 15 11.8507
15 1 0 16 12.5405
15 1 0 17 12.0801
15 1 0 18 12.5051
15 1 0 19 15.047
15 1 0 20 14.8102
15 1 0 21 14.0778
15 1 0 22 12.8943
15 1 0 23 12.8064
15 1 0 24 15.033
15 1 0 25 14.5463
15 1 0 26 11.1875
15 1 0 27 13.9038
15 1 0 28 14.7812
15 1 0 29 10.6607
15 1 0 30 12.5134
15 1 0 31 14.0084
15 1 0 32 11.7262
15 1 0 33 11.5278
15 1 0 34 12.8784
15 1 0 35 16.1905
15 1 0 36 13.2997
15 1 0 37 10.5189
15 1 0 38 11.188
15 1 0 39 16.874
15 1 0 40 10.7738
15 1 0 41 13.4402
15 1 0 42 13.9255
15 1 0 43 10.0924
15 1 0 44 10.1135
15 1 0 45 10.7937
15 1 0 46 9.26085
15 1 0 47 12.739
15 1 0 48 11.9305
15 1 0 49 10.6574
15 1 0 50 12.067
15 1 0 51 11.8533
15 1 0 52 10.8106
15 1 0 53 11.1301
15 1 0 54 11.007
15 1 0 55 10.8044
15 1 0 56 11.5759
15 1 0 57 11.3067
15 1 0 58 12.5937
15 1 0 59 11.9307
15 1 0 60 10.558
15 1 0 61 10.8278
15 1 0 62 14.4449
15 1 0 63 12.7296
15 1 0 64 11.1204
15 1 0 65 10.337
15 1 0 66 11.1621
15 1 0 67 10.3077
15 1 0 68 12.205
15 1 0 69 13.0661
15 1 0 70 11.996
15 1 0 71 11.8656
15 1 0 72 11.1169
15 1 0 73 11.3982
15 1 0 74 0.01
15 1 0 75 11.0989
15 1 0 76 11.2883
15 1 0 77 12.5043
15 1 0 78 11.7698
15 1 0 79 10.7694
15 1 1 0 12.6673
15 1 1 1 12.9987
15 1 1 2 15.3223
15 1 1 3 12.8127
15 1 1 4 14.0349
15 1 1 5 13.2858
15 1 1 6 15.7348
15 1 1 7 14.711
15 1 1 8 12.2215
15 1 1 9 12.0981
15 1 1 10 11.6055
15 1 1 11 10.35
15 1 1 12 12.1209
15 1 1 13 13.7058
15 1 1 14 14.2752
15 1 1 15 12.8371
15 1 1 16 13.1432
15 1 1 17 13.8715
15 1 1 18 11.6954
15 1 1 19 13.1936
15 1 1 20 12.3829
15 1 1 21 15.261
15 1 1 22 15.0915
15 1 1 23 12.5073
15 1 1 24 12.594
15 1 1 25 13.0387
15 1 1 26 13.5345
15 1 1 27 13.4582
15 1 1 28 11.901
15 1 1 29 12.9292
15 1 1 30 12.3899
15 1 1 31 14.5011
15 1 1 32 13.7181
15 1 1 33 13.3055
15 1 1 34 13.723
15 1 1 35 13.2443
15 1 1 36 10.8009
15 1 1 37 12.6941
15 1 1 38 11.942
15 1 1 39 14.8495
15 1 1 40 10.519
15 1 1 41 10.0323
15 1 1 42 13.1335
15 1 1 43 10.6486
15 1 1 44 10.586
15 1 1 45 13.1949
15 1 1 46 12.0575
15 1 1 47 11.9876
15 1 1 48 11.1212
15 1 1 49 12.7859
15 1 1 50 11.6285
15 1 1 51 11.3011
15 1 1 52 13.6676
15 1 1 53 11.5156
15 1 1 54 10.6566
15 1 1 55 12.2972
15 1 1 56 12.1115
15 1 1 57 11.661
15 1 1 58 10.5773
15 1 1 59 10.019
15 1 1 60 9.84298
15 1 1 61 10.69
15 1 1 62 11.1151
15 1 1 63 11.8663
15 1 1 64 11.711
15 1 1 65 11.8052
15 1 1 66 13.0208
15 1 1 67 12.622
15 1 1 68 11.5486
15 1 1 69 11.8993
15 1 1 70 10.3717
15 1 1 71 11.7069
15 1 1 72 13.626
15 1 1 73 12.273
15 1 1 74 11.9041
15 1 1 75 12.5207
15 1 1 76 11.6989
15 1 1 77 11.6123
15 1 1 78 10.0352
15 1 1 79 11.2606
15 1 2 0 12.7773
15 1 2 1 11.268
15 1 2 2 12.8172
15 1 2 3 14.0371
15 1 2 4 10.8725
15 1 2 5 12.8779
15 1 2 6 13.8255
15 1 2 7 14.0859
15 1 2 8 12.8806
15 1 2 9 11.2151
15 1 2 10 13.1888
15 1 2 11 12.2232
15 1 2 12 11.2929
15 1 2 13 14.336
15 1 2 14 12.2047
15 1 2 15 13.394
15 1 2 16 13.5997
15 1 2 17 12.2923
15 1 2 18 12.1611
15 1 2 19 11.8633
15 1 2 20 13.0187
15 1 2 21 13.6275
15 1 2 22 12.8725
15 1 2 23 14.4508
15 1 2 24 11.291
15 1 2 25 12.2712
15 1 2 26 10.9819
15 1 2 27 11.8436
15 1 2 28 10.0746
15 1 2 29 13.3226
15 1 2 30 11.9975
15 1 2 31 13.5404
15 1 2 32 11.851
15 1 2 33 11.1094
15 1 2 34 13.0885
15 1 2 35 12.6555
15 1 2 36 11.6018
15 1 2 37 12.8288
15 1 2 38 12.2208
15 1 2 39 12.7034
15 1 2 40 0.01
15 1 2 41 11.9896
15 1 2 42 12.2637
15 1 2 43 13.334
15 1 2 44 11.3699
15 1 2 45 10.1565
15 1 2 46 13.574
15 1 2 47 12.457
15 1 2 48 11.9246
15 1 2 49 11.6215
15 1 2 50 11.7832
15 1 2 51 9.7598
15 1 2 52 11.2256
15 1 2 53 12.9064
15 1 2 54 11.9844
15 1 2 55 12.5205
15 1 2 56 12.7872
15 1 2 57 12.557
15 1 2 58 10.8811
15 1 2 59 12.1598
15 1 2 60 10.5986
15 1 2 61 12.2334
15 1 2 62 11.5822
15 1 2 63 10.6716
15 1 2 64 9.63631
15 1 2 65 10.4184
15 1 2 66 12.24
15 1 2 67 9.64873
15 1 2 68 11.8873
15 1 2 69 11.8998
15 1 2 70 12.7094
15 1 2 71 11.4564
15 1 2 72 11.4222
15 1 2 73 10.9116
15 1 2 74 13.4607
15 1 2 75 0.01
15 1 2 76 11.454
15 1 2 77 10.8237
15 1 2 78 13.1664
15 1 2 79 11.3396
15 1 3 0 12.1136
15 1 3 1 11.1644
15 1 3 2 12.4838
15 1 3 3 13.1524
15 1 3 4 11.4485
15 1 3 5 12.9569
15 1 3 6 11.9053
15 1 3 7 12.1882
15 1 3 8 12.926
15 1 3 9 13.1223
15 1 3 10 11.6613
15 1 3 11 12.6403
15 1 3 12 12.0747
15 1 3 13 12.4198
15 1 3 14 9.89911
15 1 3 15 13.7048
15 1 3 16 13.2508
15 1 3 17 13.2809
15 1 3 18 12.0086
15 1 3 19 12.4366
15 1 3 20 11.2423
15 1 3 21 13.0904
15 1 3 22 11.959
15 1 3 23 11.0951
15 1 3 24 11.7434
15 1 3 25 11.0584
15 1 3 26 11.2166
15 1 3 27 12.2042
15 1 3 28 11.018
15 1 3 29 11.8454
15 1 3 30 12.5775
15 1 3 31 13.9759
15 1 3 32 13.4633
15 1 3 33 11.0564
15 1 3 34 12.0965
15 1 3 35 11.9987
15 1 3 36 12.6513
15 1 3 37 11.8324
15 1 3 38 11.1325
15 1 3 39 10.1418
15 1 3 40 10.5914
15 1 3 41 10.5116
15 1 3 42 10.7305
15 1 3 43 12.0392
15 1 3 44 11.5025
15 1 3 45 9.77932
15 1 3 46 11.4121
15 1 3 47 11.7666
15 1 3 48 11.0803
15 1 3 49 11.6891
15 1 3 50 12.8986
15 1 3 51 13.0672
15 1 3 52 11.8937
15 1 3 53 10.3436
15 1 3 54 12.0356
15 1 3 55 10.5159
15 1 3 56 12.0475
15 1 3 57 12.9436
15 1 3 58 11.6136
15 1 3 59 10.4357
15 1 3 60 10.2256
15 1 3 61 11.3363
15 1 3 62 11.4474
15 1 3 63 10.0266
15 1 3 64 9.30185
15 1 3 65 12.0724
15 1 3 66 14.1655
15 1 3 67 0.01
15 1 3 68 11.0382
15 1 3 69 10.6796
15 1 3 70 12.6649
15 1 3 71 10.6597
15 1 3 72 12.9683
15 1 3 73 11.7581
15 1 3 74 11.3282
15 1 3 75 10.7093
15 1 3 76 10.3053
15 1 3 77 12.2414
15 1 3 78 12.6179
15 1 3 79 11.4413
15 1 4 0 13.6734
15 1 4 1 13.3484
15 1 4 2 11.5992
15 1 4 3 12.5622
15 1 4 4 12.6929
15 1 4 5 12.9367
15 1 4 6 12.7362
15 1 4 7 12.2473
15 1 4 8 13.0992
15 1 4 9 12.4192
15 1 4 10 13.6212
15 1 4 11 14.0431
15 1 4 12 12.6755
15 1 4 13 12.376
15 1 4 14 13.0119
15 1 4 15 12.2376
15 1 4 16 12.6012
15 1 4 17 11.7371
15 1 4 18 12.1647
15 1 4 19 12.6098
15 1 4 20 0.01
15 1 4 21 0.01
15 1 4 22 12.1491
15 1 4 23 11.3367
15 1 4 24 13.2788
15 1 4 25 15.2641
15 1 4 26 11.1362
15 1 4 27 11.9301
15 1 4 28 13.2089
15 1 4 29 12.9782
15 1 4 30 14.1067
15 1 4 31 14.9523
15 1 4 32 12.2246
15 1 4 33 12.3484
15 1 4 34 12.4026
15 1 4 35 11.7647
15 1 4 36 12.3677
15 1 4 37 12.623
15 1 4 38 10.544
15 1 4 39 12.2707
15 1 4 40 11.9042
15 1 4 41 10.6846
15 1 4 42 9.94884
15 1 4 43 10.9526
15 1 4 44 11.4667
15 1 4 45 11.8145
15 1 4 46 12.4343
15 1 4 47 13.3132
15 1 4 48 0.01
15 1 4 49 0.01
15 1 4 50 11.8248
15 1 4 51 11.9573
15 1 4 52 10.7633
15 1 4 53 12.1726
15 1 4 54 11.3911
15 1 4 55 12.9427
15 1 4 56 12.4679
15 1 4 57 13.4146
15 1 4 58 12.8844
15 1 4 59 11.5572
15 1 4 60 11.2537
15 1 4 61 10.8056
15 1 4 62 10.2613
15 1 4 63 11.3231
15 1 4 64 12.1892
15 1 4 65 12.0472
15 1 4 66 11.8095
15 1 4 67 10.9758
15 1 4 68 12.0152
15 1 4 69 12.7082
15 1 4 70 9.54958
15 1 4 71 0.01
15 1 4 72 11.5528
15 1 4 73 12.4496
15 1 4 74 11.4209
15 1 4 75 13.0551
15 1 4 76 12.8233
15 1 4 77 13.4531
15 1 4 78 12.1935
15 1 4 79 10.3706
15 1 5 0 11.452
15 1 5 1 14.0222
15 1 5 2 12.5708
15 1 5 3 13.3255
15 1 5 4 13.0328
15 1 5 5 11.2387
15 1 5 6 11.0985
15 1 5 7 12.17
15 1 5 8 14.2244
15 1 5 9 12.6523
15 1 5 10 11.0363
15 1 5 11 12.1081
15 1 5 12 13.4496
15 1 5 13 13.6683
15 1 5 14 13.0274
15 1 5 15 13.5415
15 1 5 16 12.3325
15 1 5 17 11.8217
15 1 5 18 12.2659
15 1 5 19 0.01
15 1 5 20 0.01
15 1 5 21 11.2702
15 1 5 22 12.4656
15 1 5 23 12.4412
15 1 5 24 11.7368
15 1 5 25 11.7794
15 1 5 26 11.6441
15 1 5 27 12.7085
15 1 5 28 11.7691
15 1 5 29 11.9784
15 1 5 30 13.7607
15 1 5 31 11.2802
15 1 5 32 12.3976
15 1 5 33 12.343
15 1 5 34 11.4544
15 1 5 35 13.8688
15 1 5 36 12.6587
15 1 5 37 12.4811
15 1 5 38 13.4353
15 1 5 39 13.2538
15 1 5 40 11.4756
15 1 5 41 11.2417
15 1 5 42 11.0964
15 1 5 43 11.3258
15 1 5 44 11.545
15 1 5 45 12.5268
15 1 5 46 12.4099
15 1 5 47 12.5612
15 1 5 48 0.01
15 1 5 49 11.8835
15 1 5 50 12.1112
15 1 5 51 11.3524
15 1 5 52 11.8295
15 1 5 53 10.3657
15 1 5 54 11.6438
15 1 5 55 12.2088
15 1 5 56 10.6508
15 1 5 57 12.1637
15 1 5 58 10.7308
15 1 5 59 11.2916
15 1 5 60 8.945
15 1 5 61 10.5739
15 1 5 62 11.9026
15 1 5 63 10.9979
15 1 5 64 10.2937
15 1 5 65 10.2539
15 1 5 66 11.3162
15 1 5 67 10.7343
15 1 5 68 11.7958
15 1 5 69 12.3317
15 1 5 70 0.01
15 1 5 71 0.01
15 1 5 72 11.8121
15 1 5 73 10.5559
15 1 5 74 10.4651
15 1 5 75 11.8559
15 1 5 76 11.0415
15 1 5 77 10.777
15 1 5 78 11.7033
15 1 5 79 10.7833
15 1 6 0 13.4196
15 1 6 1 13.5045
15 1 6 2 11.8466
15 1 6 3 14.2134
15 1 6 4 12.3504
15 1 6 5 14.1495
15 1 6 6 11.9816
15 1 6 7 13.9789
15 1 6 8 11.9835
15 1 6 9 13.6534
15 1 6 10 13.2258
15 1 6 11 12.2794
15 1 6 12 14.4315
15 1 6 13 13.2862
15 1 6 14 13.2769
15 1 6 15 12.2811
15 1 6 16 11.742
15 1 6 17 11.598
15 1 6 18 12.4214
15 1 6 19 12.9143
15 1 6 20 14.2694
15 1 6 21 14.4558
15 1 6 22 12.0545
15 1 6 23 13.648
15 1 6 24 11.4647
15 1 6 25 11.7647
15 1 6 26 13.1658
15 1 6 27 10.9059
15 1 6 28 12.4163
15 1 6 29 12.6911
15 1 6 30 12.5617
15 1 6 31 11.6416
15 1 6 32 13.8558
15 1 6 33 12.1806
15 1 6 34 13.0519
15 1 6 35 15.0073
15 1 6 36 12.5827
15 1 6 37 14.3685
15 1 6 38 10.4398
15 1 6 39 13.3331
15 1 6 40 10.9027
15 1 6 41 11.5187
15 1 6 42 13.6156
15 1 6 43 13.0942
15 1 6 44 11.0398
15 1 6 45 12.6159
15 1 6 46 11.1778
15 1 6 47 11.3701
15 1 6 48 12.8469
15 1 6 49 11.5866
15 1 6 50 12.2044
15 1 6 51 11.1937
15 1 6 52 11.4609
15 1 6 53 11.3579
15 1 6 54 11.6201
15 1 6 55 9.76961
15 1 6 56 12.6436
15 1 6 57 10.539
15 1 6 58 11.7678
15 1 6 59 11.865
15 1 6 60 10.2005
15 1 6 61 9.98132
15 1 6 62 11.153
15 1 6 63 12.4639
15 1 6 64 11.3953
15 1 6 65 11.6307
15 1 6 66 12.4331
15 1 6 67 13.1564
15 1 6 68 12.7884
15 1 6 69 11.7916
15 1 6 70 12.5458
15 1 6 71 11.2571
15 1 6 72 12.9111
15 1 6 73 11.6749
15 1 6 74 11.4823
15 1 6 75 12.1022
15 1 6 76 11.753
15 1 6 77 10.6782
15 1 6 78 12.3823
15 1 6 79 10.7011
15 1 7 0 13.8527
15 1 7 1 13.364
15 1 7 2 13.0132
15 1 7 3 11.4326
15 1 7 4 12.2647
15 1 7 5 12.4495
15 1 7 6 11.4688
15 1 7 7 14.7396
15 1 7 8 14.4063
15 1 7 9 12.6305
15 1 7 10 13.2649
15 1 7 11 12.1744
15 1 7 12 10.9117
15 1 7 13 11.5904
15 1 7 14 13.6939
15 1 7 15 11.898
15 1 7 16 11.8833
15 1 7 17 11.8608
15 1 7 18 14.2766
15 1 7 19 12.0253
15 1 7 20 12.1577
15 1 7 21 14.645
15 1 7 22 11.8984
15 1 7 23 11.9149
15 1 7 24 0.01
15 1 7 25 12.173
15 1 7 26 12.6224
15 1 7 27 11.7868
15 1 7 28 13.7323
15 1 7 29 11.9803
15 1 7 30 12.3259
15 1 7 31 13.5247
15 1 7 32 0.01
15 1 7 33 13.2058
15 1 7 34 12.7279
15 1 7 35 13.2947
15 1 7 36 13.7144
15 1 7 37 11.177
15 1 7 38 10.9315
15 1 7 39 11.0478
15 1 7 40 9.30088
15 1 7 41 11.0722
15 1 7 42 10.9562
15 1 7 43 11.747
15 1 7 44 11.978
15 1 7 45 11.0983
15 1 7 46 15.1389
15 1 7 47 12.4959
15 1 7 48 10.9402
15 1 7 49 12.0959
15 1 7 50 12.4142
15 1 7 51 11.9986
15 1 7 52 12.4248
15 1 7 53 11.8732
15 1 7 54 11.6841
15 1 7 55 8.94891
15 1 7 56 10.6253
15 1 7 57 10.8293
15 1 7 58 13.5124
15 1 7 59 10.1731
15 1 7 60 7.70241
15 1 7 61 9.72969
15 1 7 62 13.0268
15 1 7 63 0.01
15 1 7 64 0.01
15 1 7 65 11.9114
15 1 7 66 11.832
15 1 7 67 11.981
15 1 7 68 13.2973
15 1 7 69 11.0295
15 1 7 70 10.1524
15 1 7 71 0.01
15 1 7 72 11.9747
15 1 7 73 10.8317
15 1 7 74 9.98357
15 1 7 75 0.01
15 1 7 76 10.6833
15 1 7 77 11.2814
15 1 7 78 9.86014
15 1 7 79 11.9081
